product_code_sitc,location,year,distance
6931,abw,1988,0.978527
6931,abw,1989,0.95671
6931,abw,1990,0.976317
6931,abw,1991,0.987437
6931,abw,1992,0.982983
6931,abw,1993,0.993325
6931,abw,1994,0.991649
6931,abw,1995,0.97998
6931,abw,1996,0.985969
6931,abw,1997,0.98695
6931,abw,1998,0.979348
6931,abw,1999,0.975919
6931,abw,2000,0.979528
6931,abw,2001,0.977541
6931,abw,2002,0.970346
6931,abw,2003,0.979263
6931,abw,2004,0.980862
6931,abw,2005,0.987922
6931,abw,2006,0.982722
6931,abw,2007,0.975522
6931,abw,2008,0.989111
6931,abw,2009,0.969073
6931,abw,2010,0.908041
6931,abw,2011,0.981851
6931,abw,2012,0.966374
6931,abw,2013,0.969468
6931,abw,2014,0.979544
6931,abw,2015,0.903959
6931,abw,2016,0.950023
6931,afg,1988,0.958191
6931,afg,1989,0.951082
6931,afg,1990,0.951282
6931,afg,1991,0.945672
6931,afg,1992,0.93055
6931,afg,1993,0.919057
6931,afg,1994,0.942616
6931,afg,1995,0.912478
6931,afg,1996,0.920655
6931,afg,1997,0.901483
6931,afg,1998,0.917009
6931,afg,1999,0.911989
6931,afg,2000,0.903182
6931,afg,2001,0.90567
6931,afg,2002,0.899474
6931,afg,2003,0.911974
6931,afg,2004,0.912736
6931,afg,2005,0.881948
6931,afg,2006,0.917617
6931,afg,2007,0.90195
6931,afg,2008,0.894576
6931,afg,2009,0.83485
6931,afg,2010,0.867573
6931,afg,2011,0.933227
6931,afg,2012,0.933418
6931,afg,2013,0.92526
6931,afg,2014,0.935966
6931,afg,2015,0.940617
6931,afg,2016,0.936477
6931,afg,1962,0.97756
6931,afg,1963,0.98724
6931,afg,1964,0.982105
6931,afg,1965,0.984761
6931,afg,1966,0.977859
6931,afg,1967,0.98052
6931,afg,1968,0.982602
6931,afg,1969,0.973745
6931,afg,1970,0.965778
6931,afg,1971,0.966755
6931,afg,1972,0.974234
6931,afg,1973,0.963378
6931,afg,1974,0.96046
6931,afg,1975,0.936202
6931,afg,1976,0.944997
6931,afg,1977,0.916729
6931,afg,1978,0.943525
6931,afg,1979,0.935267
6931,afg,1980,0.940602
6931,afg,1981,0.947678
6931,afg,1982,0.949099
6931,afg,1983,0.962233
6931,afg,1984,0.95108
6931,afg,1985,0.964908
6931,afg,1986,0.963287
6931,afg,1987,0.952455
6931,ago,1988,0.993703
6931,ago,1989,0.993307
6931,ago,1990,0.996171
6931,ago,1991,0.994982
6931,ago,1992,0.996759
6931,ago,1993,0.996758
6931,ago,1994,0.991257
6931,ago,1995,0.994227
6931,ago,1996,0.995036
6931,ago,1997,0.992816
6931,ago,1998,0.992661
6931,ago,1999,0.995183
6931,ago,2000,0.995332
6931,ago,2001,0.996459
6931,ago,2002,0.99568
6931,ago,2003,0.997184
6931,ago,2004,0.995045
6931,ago,2005,0.997271
6931,ago,2006,0.997646
6931,ago,2007,0.995989
6931,ago,2008,0.997102
6931,ago,2009,0.993916
6931,ago,2010,0.996186
6931,ago,2011,0.995237
6931,ago,2012,0.993503
6931,ago,2013,0.991223
6931,ago,2014,0.994732
6931,ago,2015,0.994069
6931,ago,2016,0.989753
6931,ago,1962,0.971602
6931,ago,1963,0.983445
6931,ago,1964,0.983408
6931,ago,1965,0.982487
6931,ago,1966,0.97249
6931,ago,1967,0.978401
6931,ago,1968,0.986367
6931,ago,1969,0.967039
6931,ago,1970,0.963701
6931,ago,1971,0.956729
6931,ago,1972,0.960279
6931,ago,1973,0.95462
6931,ago,1974,0.96348
6931,ago,1975,0.967899
6931,ago,1976,0.988022
6931,ago,1977,0.982966
6931,ago,1978,0.990499
6931,ago,1979,0.989565
6931,ago,1980,0.995275
6931,ago,1981,0.997089
6931,ago,1982,0.992276
6931,ago,1983,0.993792
6931,ago,1984,0.995784
6931,ago,1985,0.997282
6931,ago,1986,0.995298
6931,ago,1987,0.993611
6931,aia,1988,0.944958
6931,aia,1989,0.936935
6931,aia,1990,0.939429
6931,aia,1991,0.938715
6931,aia,1992,0.982314
6931,aia,1993,0.948769
6931,aia,1994,0.921036
6931,aia,1995,0.945195
6931,aia,1996,0.918992
6931,aia,1997,0.875074
6931,aia,1998,0.90977
6931,aia,1999,0.927441
6931,aia,2000,0.914645
6931,aia,2001,0.871946
6931,aia,2002,0.914471
6931,aia,2003,0.935511
6931,aia,2004,0.901869
6931,aia,2005,0.931661
6931,aia,2006,0.960513
6931,aia,2007,0.937814
6931,aia,2008,0.923927
6931,aia,2009,0.902116
6931,aia,2010,0.909532
6931,aia,2011,0.930361
6931,aia,2012,0.913314
6931,aia,2013,0.920924
6931,aia,2014,0.958769
6931,aia,2015,0.914245
6931,aia,2016,0.924411
6931,aia,1981,0.998994
6931,aia,1982,0.996631
6931,aia,1983,0.99951
6931,aia,1984,0.998661
6931,aia,1985,0.997922
6931,aia,1986,0.986407
6931,aia,1987,0.96163
6931,alb,1988,0.905065
6931,alb,1989,0.883247
6931,alb,1990,0.857113
6931,alb,1991,0.881394
6931,alb,1992,0.873589
6931,alb,1993,0.863569
6931,alb,1994,0.861528
6931,alb,1995,0.84963
6931,alb,1996,0.811001
6931,alb,1997,0.833646
6931,alb,1998,0.842865
6931,alb,1999,0.824694
6931,alb,2000,0.800085
6931,alb,2001,0.840619
6931,alb,2002,0.809291
6931,alb,2003,0.81263
6931,alb,2004,0.836163
6931,alb,2005,0.822618
6931,alb,2006,0.829195
6931,alb,2007,0.816892
6931,alb,2008,0.831614
6931,alb,2009,0.867643
6931,alb,2010,0.842786
6931,alb,2011,0.846746
6931,alb,2012,0.842133
6931,alb,2013,0.828024
6931,alb,2014,0.838457
6931,alb,2015,0.808834
6931,alb,2016,0.821668
6931,alb,1962,0.983354
6931,alb,1963,0.944975
6931,alb,1964,0.975751
6931,alb,1965,0.961681
6931,alb,1966,0.925789
6931,alb,1967,0.911379
6931,alb,1968,0.946167
6931,alb,1969,0.932782
6931,alb,1970,0.91786
6931,alb,1971,0.911602
6931,alb,1972,0.909071
6931,alb,1973,0.903538
6931,alb,1974,0.8997
6931,alb,1975,0.893991
6931,alb,1976,0.908976
6931,alb,1977,0.895742
6931,alb,1978,0.92497
6931,alb,1979,0.931839
6931,alb,1980,0.868817
6931,alb,1981,0.917089
6931,alb,1982,0.92443
6931,alb,1983,0.927045
6931,alb,1984,0.91612
6931,alb,1985,0.922441
6931,alb,1986,0.929948
6931,alb,1987,0.905529
6931,and,1988,0.906621
6931,and,1989,0.883286
6931,and,1990,0.876383
6931,and,1991,0.867505
6931,and,1992,0.866033
6931,and,1993,0.888917
6931,and,1994,0.893342
6931,and,1995,0.902272
6931,and,1996,0.890811
6931,and,1997,0.874317
6931,and,1998,0.889499
6931,and,1999,0.859533
6931,and,2000,0.859945
6931,and,2001,0.856296
6931,and,2002,0.849486
6931,and,2003,0.864716
6931,and,2004,0.831614
6931,and,2005,0.868133
6931,and,2006,0.877268
6931,and,2007,0.8204
6931,and,2008,0.810128
6931,and,2009,0.831637
6931,and,2010,0.851571
6931,and,2011,0.859774
6931,and,2012,0.871759
6931,and,2013,0.879784
6931,and,2014,0.909054
6931,and,2015,0.902871
6931,and,2016,0.926215
6931,and,1962,0.970302
6931,and,1964,0.969622
6931,and,1965,0.988182
6931,and,1966,0.939106
6931,and,1967,0.98339
6931,and,1968,0.996919
6931,and,1969,0.98784
6931,and,1970,0.910299
6931,and,1971,0.903624
6931,and,1972,0.890969
6931,and,1973,0.83653
6931,and,1974,0.851227
6931,and,1975,0.856731
6931,and,1976,0.816106
6931,and,1977,0.85996
6931,and,1978,0.911277
6931,and,1979,0.925392
6931,and,1980,0.9022
6931,and,1981,0.879305
6931,and,1982,0.934961
6931,and,1983,0.902046
6931,and,1984,0.895661
6931,and,1985,0.904039
6931,and,1986,0.926115
6931,and,1987,0.928598
6931,ant,1988,0.949393
6931,ant,1989,0.944903
6931,ant,1990,0.965457
6931,ant,1991,0.972441
6931,ant,1992,0.98161
6931,ant,1993,0.976496
6931,ant,1994,0.961129
6931,ant,1995,0.942689
6931,ant,1996,0.951291
6931,ant,1997,0.945656
6931,ant,1998,0.925791
6931,ant,1999,0.939475
6931,ant,2000,0.933511
6931,ant,2001,0.94874
6931,ant,2002,0.941022
6931,ant,2003,0.923593
6931,ant,2004,0.939442
6931,ant,2005,0.964854
6931,ant,2006,0.951114
6931,ant,2007,0.939963
6931,ant,2008,0.956409
6931,ant,2009,0.978005
6931,ant,2010,0.957025
6931,ant,1962,0.98885
6931,ant,1963,0.991335
6931,ant,1964,0.983893
6931,ant,1965,0.985114
6931,ant,1966,0.984922
6931,ant,1967,0.987964
6931,ant,1968,0.989667
6931,ant,1969,0.979512
6931,ant,1970,0.980831
6931,ant,1971,0.976391
6931,ant,1972,0.968693
6931,ant,1973,0.976
6931,ant,1974,0.978087
6931,ant,1975,0.979278
6931,ant,1976,0.976251
6931,ant,1977,0.988625
6931,ant,1978,0.98265
6931,ant,1979,0.980078
6931,ant,1980,0.990842
6931,ant,1981,0.986889
6931,ant,1982,0.981663
6931,ant,1983,0.989092
6931,ant,1984,0.979892
6931,ant,1985,0.976361
6931,ant,1986,0.976468
6931,ant,1987,0.97423
6931,are,1988,0.947691
6931,are,1989,0.948482
6931,are,1990,0.964597
6931,are,1991,0.95782
6931,are,1992,0.962933
6931,are,1993,0.943749
6931,are,1994,0.93471
6931,are,1995,0.908566
6931,are,1996,0.912507
6931,are,1997,0.927635
6931,are,1998,0.883765
6931,are,1999,0.891261
6931,are,2000,0.912467
6931,are,2001,0.907935
6931,are,2002,0.890495
6931,are,2003,0.925092
6931,are,2004,0.899051
6931,are,2005,0.916464
6931,are,2006,0.929552
6931,are,2007,0.92867
6931,are,2008,0.937477
6931,are,2009,0.949209
6931,are,2010,0.89257
6931,are,2011,0.92679
6931,are,2012,0.931467
6931,are,2013,0.917057
6931,are,2014,0.908171
6931,are,2015,0.878562
6931,are,2016,0.872252
6931,are,1962,1
6931,are,1963,0.998882
6931,are,1964,0
6931,are,1967,0.989721
6931,are,1968,0.906991
6931,are,1969,0.946615
6931,are,1970,0.988069
6931,are,1971,0.986522
6931,are,1972,0.995274
6931,are,1973,0.996256
6931,are,1974,0.99859
6931,are,1975,0.994937
6931,are,1976,0.991445
6931,are,1977,0.990712
6931,are,1978,0.999758
6931,are,1979,0.995738
6931,are,1980,0.997987
6931,are,1981,0.993231
6931,are,1982,0.987376
6931,are,1983,0.97868
6931,are,1984,0.975589
6931,are,1985,0.969357
6931,are,1986,0.969025
6931,are,1987,0.958924
6931,arg,1988,0.786679
6931,arg,1989,0.74992
6931,arg,1990,0.75524
6931,arg,1991,0.812292
6931,arg,1992,0.840426
6931,arg,1993,0.821381
6931,arg,1994,0.816526
6931,arg,1995,0.753352
6931,arg,1996,0.787176
6931,arg,1997,0.78065
6931,arg,1998,0.764687
6931,arg,1999,0.770802
6931,arg,2000,0.755291
6931,arg,2001,0.775637
6931,arg,2002,0.778745
6931,arg,2003,0.789336
6931,arg,2004,0.787826
6931,arg,2005,0.778288
6931,arg,2006,0.776714
6931,arg,2007,0.794737
6931,arg,2008,0.824089
6931,arg,2009,0.823956
6931,arg,2010,0.824546
6931,arg,2011,0.842462
6931,arg,2012,0.826659
6931,arg,2013,0.825787
6931,arg,2014,0.832622
6931,arg,2015,0.836317
6931,arg,2016,0.854498
6931,arg,1962,0.95949
6931,arg,1963,0.950416
6931,arg,1964,0.934179
6931,arg,1965,0.947594
6931,arg,1966,0.942777
6931,arg,1967,0.935771
6931,arg,1968,0.926071
6931,arg,1969,0.912447
6931,arg,1970,0.91245
6931,arg,1971,0.899884
6931,arg,1972,0.887332
6931,arg,1973,0.874802
6931,arg,1974,0.854916
6931,arg,1975,0.845011
6931,arg,1976,0.847716
6931,arg,1977,0.847204
6931,arg,1978,0.881521
6931,arg,1979,0.905702
6931,arg,1980,0.863653
6931,arg,1981,0.885025
6931,arg,1982,0.838802
6931,arg,1983,0.861418
6931,arg,1984,0.870177
6931,arg,1985,0.875821
6931,arg,1986,0.861541
6931,arg,1987,0.785457
6931,atf,1988,0.981213
6931,atf,1989,0.987544
6931,atf,1990,0.985125
6931,atf,1991,0.973737
6931,atf,1992,0.980375
6931,atf,1993,0.991622
6931,atf,1994,0.984504
6931,atf,1995,0.991466
6931,atf,1996,0.988158
6931,atf,1997,0.996242
6931,atf,1998,0.988513
6931,atf,1999,0.989356
6931,atf,2000,0.982762
6931,atf,2001,0.971418
6931,atf,2002,0.965465
6931,atf,2003,0.952269
6931,atf,2004,0.963829
6931,atf,2005,0.985762
6931,atf,2006,0.957633
6931,atf,2007,0.926614
6931,atf,2008,0.956865
6931,atf,2009,0.963484
6931,atf,2010,0.977809
6931,atf,2011,0.967448
6931,atf,2012,0.970135
6931,atf,2013,0.974206
6931,atf,2014,0.972424
6931,atf,2015,0.964963
6931,atf,2016,0.977571
6931,atf,1972,0
6931,atf,1973,0
6931,atf,1974,0
6931,atf,1975,0
6931,atf,1976,0.945478
6931,atf,1977,0.978864
6931,atf,1979,0
6931,atf,1980,0
6931,atf,1981,0.992652
6931,atf,1982,0.996491
6931,atf,1983,0.998204
6931,atf,1985,0
6931,atf,1986,0.999626
6931,atf,1987,0.998569
6931,atg,1988,0.912377
6931,atg,1989,0.926377
6931,atg,1990,0.902376
6931,atg,1991,0.923876
6931,atg,1992,0.943176
6931,atg,1993,0.927515
6931,atg,1994,0.931248
6931,atg,1995,0.928265
6931,atg,1996,0.914592
6931,atg,1997,0.929517
6931,atg,1998,0.909506
6931,atg,1999,0.879779
6931,atg,2000,0.953589
6931,atg,2001,0.958147
6931,atg,2002,0.961203
6931,atg,2003,0.962662
6931,atg,2004,0.957764
6931,atg,2005,0.967655
6931,atg,2006,0.967116
6931,atg,2007,0.91111
6931,atg,2008,0.955354
6931,atg,2009,0.947783
6931,atg,2010,0.951309
6931,atg,2011,0.956784
6931,atg,2012,0.7712
6931,atg,2013,0.955188
6931,atg,2014,0.950775
6931,atg,2015,0.95175
6931,atg,2016,0.954797
6931,atg,1962,0
6931,atg,1963,0
6931,atg,1964,0
6931,atg,1965,0.997571
6931,atg,1966,0
6931,atg,1967,0
6931,atg,1968,1
6931,atg,1969,0
6931,atg,1970,0.97481
6931,atg,1971,0.986912
6931,atg,1972,0.933493
6931,atg,1973,0.964425
6931,atg,1974,0.952107
6931,atg,1975,0.965229
6931,atg,1976,0.919117
6931,atg,1977,0.883289
6931,atg,1978,0.955903
6931,atg,1979,0.948193
6931,atg,1980,0.959643
6931,atg,1981,0.94595
6931,atg,1982,0.937329
6931,atg,1983,0.93889
6931,atg,1984,0.950731
6931,atg,1985,0.940611
6931,atg,1986,0.944761
6931,atg,1987,0.95205
6931,aus,1988,0.870758
6931,aus,1989,0.881106
6931,aus,1990,0.862108
6931,aus,1991,0.845965
6931,aus,1992,0.848391
6931,aus,1993,0.843043
6931,aus,1994,0.824017
6931,aus,1995,0.810401
6931,aus,1996,0.807674
6931,aus,1997,0.822483
6931,aus,1998,0.803231
6931,aus,1999,0.812357
6931,aus,2000,0.789236
6931,aus,2001,0.816292
6931,aus,2002,0.80793
6931,aus,2003,0.795968
6931,aus,2004,0.810359
6931,aus,2005,0.822075
6931,aus,2006,0.837259
6931,aus,2007,0.849008
6931,aus,2008,0.890622
6931,aus,2009,0.894987
6931,aus,2010,0.892323
6931,aus,2011,0.919172
6931,aus,2012,0.908042
6931,aus,2013,0.905982
6931,aus,2014,0.909989
6931,aus,2015,0.900474
6931,aus,2016,0.903623
6931,aus,1962,0.939515
6931,aus,1963,0.916258
6931,aus,1964,0.919981
6931,aus,1965,0.925824
6931,aus,1966,0.872857
6931,aus,1967,0.913496
6931,aus,1968,0.906469
6931,aus,1969,0.905151
6931,aus,1970,0.894526
6931,aus,1971,0.888976
6931,aus,1972,0.8944
6931,aus,1973,0.890727
6931,aus,1974,0.903077
6931,aus,1975,0.886031
6931,aus,1976,0.898272
6931,aus,1977,0.886541
6931,aus,1978,0.89472
6931,aus,1979,0.86672
6931,aus,1980,0.878306
6931,aus,1981,0.87755
6931,aus,1982,0.870749
6931,aus,1983,0.869836
6931,aus,1984,0.880804
6931,aus,1985,0.888416
6931,aus,1986,0.888312
6931,aus,1987,0.865289
6931,aut,1988,0.522281
6931,aut,1989,0.534754
6931,aut,1990,0.55668
6931,aut,1991,0.543915
6931,aut,1992,0.551426
6931,aut,1993,0.55237
6931,aut,1994,0.555808
6931,aut,1995,0.581909
6931,aut,1996,0.567789
6931,aut,1997,0.550454
6931,aut,1998,0.557403
6931,aut,1999,0.5734
6931,aut,2000,0.570846
6931,aut,2001,0.581295
6931,aut,2002,0.573842
6931,aut,2003,0.578009
6931,aut,2004,0.585415
6931,aut,2005,0.573685
6931,aut,2006,0.575144
6931,aut,2007,0.56084
6931,aut,2008,0.532703
6931,aut,2009,0.553847
6931,aut,2010,0.542243
6931,aut,2011,0.53062
6931,aut,2012,0.540185
6931,aut,2013,0.554792
6931,aut,2014,0.550087
6931,aut,2015,0.574006
6931,aut,2016,0.575059
6931,aut,1962,0.580011
6931,aut,1963,0.481096
6931,aut,1964,0.500934
6931,aut,1965,0.46995
6931,aut,1966,0.463895
6931,aut,1967,0.441204
6931,aut,1968,0.413692
6931,aut,1969,0.420754
6931,aut,1970,0.440325
6931,aut,1971,0.411765
6931,aut,1972,0.491063
6931,aut,1973,0.464088
6931,aut,1974,0.393865
6931,aut,1975,0.440478
6931,aut,1976,0.412489
6931,aut,1977,0.424376
6931,aut,1978,0.513541
6931,aut,1979,0.48205
6931,aut,1980,0.458836
6931,aut,1981,0.456074
6931,aut,1982,0.478657
6931,aut,1983,0.479439
6931,aut,1984,0.476769
6931,aut,1985,0.484421
6931,aut,1986,0.525753
6931,aut,1987,0.542051
6931,bdi,1988,0.98243
6931,bdi,1989,0.980958
6931,bdi,1990,0.964792
6931,bdi,1991,0.980071
6931,bdi,1992,0.973109
6931,bdi,1993,0.970189
6931,bdi,1994,0.970045
6931,bdi,1995,0.973202
6931,bdi,1996,0.952756
6931,bdi,1997,0.984806
6931,bdi,1998,0.970963
6931,bdi,1999,0.976683
6931,bdi,2000,0.972471
6931,bdi,2001,0.949944
6931,bdi,2002,0.944044
6931,bdi,2003,0.963814
6931,bdi,2004,0.96438
6931,bdi,2005,0.972887
6931,bdi,2006,0.954694
6931,bdi,2007,0.957632
6931,bdi,2008,0.93548
6931,bdi,2009,0.969233
6931,bdi,2010,0.960209
6931,bdi,2011,0.962618
6931,bdi,2012,0.95385
6931,bdi,2013,0.960402
6931,bdi,2014,0.932459
6931,bdi,2015,0.948846
6931,bdi,2016,0.949662
6931,bdi,1962,0.993715
6931,bdi,1963,0.996225
6931,bdi,1964,0.995028
6931,bdi,1965,0.99675
6931,bdi,1966,0.990657
6931,bdi,1967,0.993785
6931,bdi,1968,0.990779
6931,bdi,1969,0.988625
6931,bdi,1970,0.978008
6931,bdi,1971,0.981147
6931,bdi,1972,0.990941
6931,bdi,1973,0.976474
6931,bdi,1974,0.975928
6931,bdi,1975,0.972637
6931,bdi,1976,0.981975
6931,bdi,1977,0.989378
6931,bdi,1978,0.976361
6931,bdi,1979,0.983904
6931,bdi,1980,0.988287
6931,bdi,1981,0.981856
6931,bdi,1982,0.987461
6931,bdi,1983,0.984734
6931,bdi,1984,0.983281
6931,bdi,1985,0.989864
6931,bdi,1986,0.987351
6931,bdi,1987,0.979576
6931,bel,1988,0.578036
6931,bel,1989,0.59401
6931,bel,1990,0.578033
6931,bel,1991,0.567515
6931,bel,1992,0.553469
6931,bel,1993,0.556234
6931,bel,1994,0.56188
6931,bel,1995,0.573769
6931,bel,1996,0.554697
6931,bel,1997,0.522402
6931,bel,1998,0.539829
6931,bel,1999,0.546794
6931,bel,2000,0.550485
6931,bel,2001,0.600531
6931,bel,2002,0.615941
6931,bel,2003,0.628994
6931,bel,2004,0.62149
6931,bel,2005,0.621867
6931,bel,2006,0.63134
6931,bel,2007,0.612752
6931,bel,2008,0.622599
6931,bel,2009,0.635303
6931,bel,2010,0.628302
6931,bel,2011,0.642971
6931,bel,2012,0.626529
6931,bel,2013,0.660029
6931,bel,2014,0.660047
6931,bel,2015,0.67075
6931,bel,2016,0.661856
6931,bel,1962,0.5679
6931,bel,1963,0.543075
6931,bel,1964,0.592572
6931,bel,1965,0.553327
6931,bel,1966,0.52996
6931,bel,1967,0.522691
6931,bel,1968,0.52851
6931,bel,1969,0.535366
6931,bel,1970,0.528539
6931,bel,1971,0.496995
6931,bel,1972,0.520523
6931,bel,1973,0.516995
6931,bel,1974,0.515615
6931,bel,1975,0.501171
6931,bel,1976,0.514459
6931,bel,1977,0.522115
6931,bel,1978,0.534144
6931,bel,1979,0.553039
6931,bel,1980,0.564948
6931,bel,1981,0.571769
6931,bel,1982,0.567785
6931,bel,1983,0.551874
6931,bel,1984,0.537674
6931,bel,1985,0.546478
6931,bel,1986,0.57701
6931,bel,1987,0.590072
6931,ben,1988,0.951967
6931,ben,1989,0.968752
6931,ben,1990,0.951098
6931,ben,1991,0.956419
6931,ben,1992,0.979776
6931,ben,1993,0.966666
6931,ben,1994,0.95761
6931,ben,1995,0.938669
6931,ben,1996,0.948268
6931,ben,1997,0.971561
6931,ben,1998,0.960224
6931,ben,1999,0.948026
6931,ben,2000,0.939268
6931,ben,2001,0.955706
6931,ben,2002,0.931557
6931,ben,2003,0.924098
6931,ben,2004,0.957122
6931,ben,2005,0.935411
6931,ben,2006,0.934293
6931,ben,2007,0.94517
6931,ben,2008,0.951968
6931,ben,2009,0.938716
6931,ben,2010,0.945305
6931,ben,2011,0.9396
6931,ben,2012,0.959045
6931,ben,2013,0.940096
6931,ben,2014,0.949691
6931,ben,2015,0.945277
6931,ben,2016,0.926753
6931,ben,1962,0.973828
6931,ben,1963,0.97418
6931,ben,1964,0.968729
6931,ben,1965,0.974911
6931,ben,1966,0.964795
6931,ben,1967,0.96408
6931,ben,1968,0.976772
6931,ben,1969,0.964757
6931,ben,1970,0.9583
6931,ben,1971,0.962262
6931,ben,1972,0.963027
6931,ben,1973,0.95323
6931,ben,1974,0.934022
6931,ben,1975,0.945067
6931,ben,1976,0.942465
6931,ben,1977,0.919932
6931,ben,1978,0.962825
6931,ben,1979,0.946018
6931,ben,1980,0.961515
6931,ben,1981,0.955815
6931,ben,1982,0.959052
6931,ben,1983,0.973627
6931,ben,1984,0.987143
6931,ben,1985,0.984412
6931,ben,1986,0.983537
6931,ben,1987,0.975754
6931,bfa,1988,0.969145
6931,bfa,1989,0.960027
6931,bfa,1990,0.962634
6931,bfa,1991,0.966187
6931,bfa,1992,0.970492
6931,bfa,1993,0.969443
6931,bfa,1994,0.962792
6931,bfa,1995,0.954149
6931,bfa,1996,0.950771
6931,bfa,1997,0.962323
6931,bfa,1998,0.956175
6931,bfa,1999,0.947489
6931,bfa,2000,0.844537
6931,bfa,2001,0.828943
6931,bfa,2002,0.835655
6931,bfa,2003,0.923575
6931,bfa,2004,0.943344
6931,bfa,2005,0.951132
6931,bfa,2006,0.938227
6931,bfa,2007,0.925626
6931,bfa,2008,0.958501
6931,bfa,2009,0.95225
6931,bfa,2010,0.928414
6931,bfa,2011,0.961897
6931,bfa,2012,0.971829
6931,bfa,2013,0.964138
6931,bfa,2014,0.968219
6931,bfa,2015,0.968829
6931,bfa,2016,0.969019
6931,bfa,1962,0.968093
6931,bfa,1963,0.964234
6931,bfa,1964,0.970925
6931,bfa,1965,0.989896
6931,bfa,1966,0.955184
6931,bfa,1967,0.968686
6931,bfa,1968,0.972495
6931,bfa,1969,0.965848
6931,bfa,1970,0.953192
6931,bfa,1971,0.942283
6931,bfa,1972,0.959092
6931,bfa,1973,0.961391
6931,bfa,1974,0.953121
6931,bfa,1975,0.938852
6931,bfa,1976,0.942715
6931,bfa,1977,0.941933
6931,bfa,1978,0.958182
6931,bfa,1979,0.943481
6931,bfa,1980,0.945527
6931,bfa,1981,0.94807
6931,bfa,1982,0.944886
6931,bfa,1983,0.945526
6931,bfa,1984,0.975685
6931,bfa,1985,0.956658
6931,bfa,1986,0.971208
6931,bfa,1987,0.961605
6931,bgd,1988,0.92986
6931,bgd,1989,0.918906
6931,bgd,1990,0.918857
6931,bgd,1991,0.918798
6931,bgd,1992,0.917358
6931,bgd,1993,0.928834
6931,bgd,1994,0.925433
6931,bgd,1995,0.897427
6931,bgd,1996,0.903847
6931,bgd,1997,0.912997
6931,bgd,1998,0.902617
6931,bgd,1999,0.911158
6931,bgd,2000,0.901333
6931,bgd,2001,0.91382
6931,bgd,2002,0.917428
6931,bgd,2003,0.912977
6931,bgd,2004,0.898428
6931,bgd,2005,0.890276
6931,bgd,2006,0.904351
6931,bgd,2007,0.90414
6931,bgd,2008,0.896565
6931,bgd,2009,0.907398
6931,bgd,2010,0.895176
6931,bgd,2011,0.897908
6931,bgd,2012,0.893364
6931,bgd,2013,0.893291
6931,bgd,2014,0.90602
6931,bgd,2015,0.881611
6931,bgd,2016,0.911095
6931,bgd,1972,0.987713
6931,bgd,1973,0.9714
6931,bgd,1974,0.978518
6931,bgd,1975,0.958203
6931,bgd,1976,0.960249
6931,bgd,1977,0.944308
6931,bgd,1978,0.957213
6931,bgd,1979,0.961504
6931,bgd,1980,0.952415
6931,bgd,1981,0.959745
6931,bgd,1982,0.94508
6931,bgd,1983,0.941588
6931,bgd,1984,0.939983
6931,bgd,1985,0.940688
6931,bgd,1986,0.941822
6931,bgd,1987,0.91938
6931,bgr,1988,0.737817
6931,bgr,1989,0.69699
6931,bgr,1990,0.670091
6931,bgr,1991,0.701535
6931,bgr,1992,0.672117
6931,bgr,1993,0.675126
6931,bgr,1994,0.662798
6931,bgr,1995,0.632622
6931,bgr,1996,0.600497
6931,bgr,1997,0.635475
6931,bgr,1998,0.644866
6931,bgr,1999,0.63898
6931,bgr,2000,0.627842
6931,bgr,2001,0.63105
6931,bgr,2002,0.623145
6931,bgr,2003,0.652794
6931,bgr,2004,0.668475
6931,bgr,2005,0.682137
6931,bgr,2006,0.667443
6931,bgr,2007,0.655741
6931,bgr,2008,0.682319
6931,bgr,2009,0.688265
6931,bgr,2010,0.663976
6931,bgr,2011,0.685112
6931,bgr,2012,0.672445
6931,bgr,2013,0.670459
6931,bgr,2014,0.660871
6931,bgr,2015,0.658595
6931,bgr,2016,0.644894
6931,bgr,1962,0.893357
6931,bgr,1963,0.887203
6931,bgr,1964,0.857115
6931,bgr,1965,0.873639
6931,bgr,1966,0.824301
6931,bgr,1967,0.875235
6931,bgr,1968,0.860714
6931,bgr,1969,0.832512
6931,bgr,1970,0.765398
6931,bgr,1971,0.750791
6931,bgr,1972,0.762138
6931,bgr,1973,0.787417
6931,bgr,1974,0.752455
6931,bgr,1975,0.771128
6931,bgr,1976,0.755258
6931,bgr,1977,0.734736
6931,bgr,1978,0.798021
6931,bgr,1979,0.808737
6931,bgr,1980,0.765237
6931,bgr,1981,0.803674
6931,bgr,1982,0.770451
6931,bgr,1983,0.761796
6931,bgr,1984,0.776819
6931,bgr,1985,0.756094
6931,bgr,1986,0.782102
6931,bgr,1987,0.775238
6931,bhr,1988,0.959011
6931,bhr,1989,0.955046
6931,bhr,1990,0.951775
6931,bhr,1991,0.960696
6931,bhr,1992,0.944401
6931,bhr,1993,0.956734
6931,bhr,1994,0.941503
6931,bhr,1995,0.928202
6931,bhr,1996,0.909795
6931,bhr,1997,0.935993
6931,bhr,1998,0.934865
6931,bhr,1999,0.924948
6931,bhr,2000,0.909822
6931,bhr,2001,0.92375
6931,bhr,2002,0.90652
6931,bhr,2003,0.931257
6931,bhr,2004,0.915013
6931,bhr,2005,0.934108
6931,bhr,2006,0.924889
6931,bhr,2007,0.914134
6931,bhr,2008,0.922309
6931,bhr,2009,0.925313
6931,bhr,2010,0.921136
6931,bhr,2011,0.930377
6931,bhr,2012,0.918716
6931,bhr,2013,0.915543
6931,bhr,2014,0.935031
6931,bhr,2015,0.892616
6931,bhr,2016,0.903889
6931,bhr,1962,0.996715
6931,bhr,1963,0.993199
6931,bhr,1964,0.987913
6931,bhr,1965,0.991741
6931,bhr,1966,0.994554
6931,bhr,1967,0.996563
6931,bhr,1968,0.983677
6931,bhr,1969,0.981664
6931,bhr,1970,0.993184
6931,bhr,1971,0.987132
6931,bhr,1972,0.986292
6931,bhr,1973,0.970623
6931,bhr,1974,0.951474
6931,bhr,1975,0.931469
6931,bhr,1976,0.89997
6931,bhr,1977,0.90196
6931,bhr,1978,0.98447
6931,bhr,1979,0.978874
6931,bhr,1980,0.984258
6931,bhr,1981,0.991804
6931,bhr,1982,0.985066
6931,bhr,1983,0.979581
6931,bhr,1984,0.98302
6931,bhr,1985,0.976619
6931,bhr,1986,0.975548
6931,bhr,1987,0.955525
6931,bhs,1988,0.963066
6931,bhs,1989,0.966111
6931,bhs,1990,0.968285
6931,bhs,1991,0.969207
6931,bhs,1992,0.960367
6931,bhs,1993,0.963075
6931,bhs,1994,0.94876
6931,bhs,1995,0.928146
6931,bhs,1996,0.954457
6931,bhs,1997,0.956683
6931,bhs,1998,0.942053
6931,bhs,1999,0.945218
6931,bhs,2000,0.946483
6931,bhs,2001,0.94306
6931,bhs,2002,0.951071
6931,bhs,2003,0.961932
6931,bhs,2004,0.967299
6931,bhs,2005,0.970703
6931,bhs,2006,0.971828
6931,bhs,2007,0.972458
6931,bhs,2008,0.969991
6931,bhs,2009,0.957229
6931,bhs,2010,0.970932
6931,bhs,2011,0.968228
6931,bhs,2012,0.971508
6931,bhs,2013,0.973637
6931,bhs,2014,0.97217
6931,bhs,2015,0.969905
6931,bhs,2016,0.972437
6931,bhs,1962,0.947765
6931,bhs,1963,0.957521
6931,bhs,1964,0.962303
6931,bhs,1965,0.968038
6931,bhs,1966,0.962818
6931,bhs,1967,0.97328
6931,bhs,1968,0.970565
6931,bhs,1969,0.967783
6931,bhs,1970,0.964504
6931,bhs,1971,0.978481
6931,bhs,1972,0.977033
6931,bhs,1973,0.97429
6931,bhs,1974,0.977929
6931,bhs,1975,0.975569
6931,bhs,1976,0.967479
6931,bhs,1977,0.967145
6931,bhs,1978,0.980618
6931,bhs,1979,0.980961
6931,bhs,1980,0.979855
6931,bhs,1981,0.97851
6931,bhs,1982,0.97854
6931,bhs,1983,0.974548
6931,bhs,1984,0.967837
6931,bhs,1985,0.9598
6931,bhs,1986,0.966374
6931,bhs,1987,0.954037
6931,blz,1988,0.960452
6931,blz,1989,0.929492
6931,blz,1990,0.925128
6931,blz,1991,0.934987
6931,blz,1992,0.937467
6931,blz,1993,0.931738
6931,blz,1994,0.948926
6931,blz,1995,0.936799
6931,blz,1996,0.936057
6931,blz,1997,0.943388
6931,blz,1998,0.933986
6931,blz,1999,0.95013
6931,blz,2000,0.931442
6931,blz,2001,0.94393
6931,blz,2002,0.929973
6931,blz,2003,0.933167
6931,blz,2004,0.932083
6931,blz,2005,0.940933
6931,blz,2006,0.935237
6931,blz,2007,0.932825
6931,blz,2008,0.961668
6931,blz,2009,0.960969
6931,blz,2010,0.956361
6931,blz,2011,0.937429
6931,blz,2012,0.940065
6931,blz,2013,0.925166
6931,blz,2014,0.902827
6931,blz,2015,0.934385
6931,blz,2016,0.935509
6931,blz,1962,0.9968
6931,blz,1963,0.998528
6931,blz,1964,0.997751
6931,blz,1965,0
6931,blz,1966,0
6931,blz,1967,0.999561
6931,blz,1968,0.992995
6931,blz,1969,0.998446
6931,blz,1970,0.944672
6931,blz,1971,0.927986
6931,blz,1972,0.941736
6931,blz,1973,0.939888
6931,blz,1974,0.938448
6931,blz,1975,0.947929
6931,blz,1976,0.954164
6931,blz,1977,0.946782
6931,blz,1978,0.976945
6931,blz,1979,0.972113
6931,blz,1980,0.975967
6931,blz,1981,0.975745
6931,blz,1982,0.963599
6931,blz,1983,0.968545
6931,blz,1984,0.965872
6931,blz,1985,0.951957
6931,blz,1986,0.957645
6931,blz,1987,0.947805
6931,bmu,1988,0.985795
6931,bmu,1989,0.989003
6931,bmu,1990,0.990246
6931,bmu,1991,0.983788
6931,bmu,1992,0.973908
6931,bmu,1993,0.972478
6931,bmu,1994,0.973767
6931,bmu,1995,0.965131
6931,bmu,1996,0.974988
6931,bmu,1997,0.975345
6931,bmu,1998,0.959097
6931,bmu,1999,0.961935
6931,bmu,2000,0.957593
6931,bmu,2001,0.972766
6931,bmu,2002,0.961636
6931,bmu,2003,0.974412
6931,bmu,2004,0.956045
6931,bmu,2005,0.985094
6931,bmu,2006,0.986093
6931,bmu,2007,0.976701
6931,bmu,2008,0.993738
6931,bmu,2009,0.979683
6931,bmu,2010,0.989386
6931,bmu,2011,0.98666
6931,bmu,2012,0.980089
6931,bmu,2013,0.984915
6931,bmu,2014,0.960295
6931,bmu,2015,0.982241
6931,bmu,2016,0.991531
6931,bmu,1962,0.866206
6931,bmu,1963,0.935127
6931,bmu,1964,0.922036
6931,bmu,1965,0.947314
6931,bmu,1966,0.963808
6931,bmu,1967,0.959725
6931,bmu,1968,0.963924
6931,bmu,1969,0.952476
6931,bmu,1970,0.966642
6931,bmu,1971,0.959606
6931,bmu,1972,0.956152
6931,bmu,1973,0.94902
6931,bmu,1974,0.946141
6931,bmu,1975,0.926592
6931,bmu,1976,0.933386
6931,bmu,1977,0.928143
6931,bmu,1978,0.949333
6931,bmu,1979,0.94435
6931,bmu,1980,0.963714
6931,bmu,1981,0.925875
6931,bmu,1982,0.957421
6931,bmu,1983,0.954494
6931,bmu,1984,0.951897
6931,bmu,1985,0.968627
6931,bmu,1986,0.961168
6931,bmu,1987,0.991239
6931,bol,1988,0.965771
6931,bol,1989,0.949454
6931,bol,1990,0.933137
6931,bol,1991,0.924124
6931,bol,1992,0.929589
6931,bol,1993,0.923625
6931,bol,1994,0.919571
6931,bol,1995,0.909058
6931,bol,1996,0.905942
6931,bol,1997,0.916565
6931,bol,1998,0.89213
6931,bol,1999,0.895479
6931,bol,2000,0.880041
6931,bol,2001,0.898142
6931,bol,2002,0.911655
6931,bol,2003,0.899946
6931,bol,2004,0.907926
6931,bol,2005,0.909817
6931,bol,2006,0.9268
6931,bol,2007,0.926217
6931,bol,2008,0.928992
6931,bol,2009,0.939826
6931,bol,2010,0.928161
6931,bol,2011,0.948464
6931,bol,2012,0.938392
6931,bol,2013,0.940865
6931,bol,2014,0.950241
6931,bol,2015,0.942309
6931,bol,2016,0.939717
6931,bol,1962,0.983633
6931,bol,1963,0.983302
6931,bol,1964,0.97769
6931,bol,1965,0.98744
6931,bol,1966,0.976297
6931,bol,1967,0.982128
6931,bol,1968,0.985875
6931,bol,1969,0.984664
6931,bol,1970,0.978959
6931,bol,1971,0.973946
6931,bol,1972,0.969074
6931,bol,1973,0.962455
6931,bol,1974,0.973465
6931,bol,1975,0.965381
6931,bol,1976,0.966586
6931,bol,1977,0.96287
6931,bol,1978,0.961185
6931,bol,1979,0.966054
6931,bol,1980,0.957343
6931,bol,1981,0.958458
6931,bol,1982,0.958797
6931,bol,1983,0.963076
6931,bol,1984,0.969225
6931,bol,1985,0.976251
6931,bol,1986,0.964952
6931,bol,1987,0.961921
6931,bra,1988,0.773479
6931,bra,1989,0.741491
6931,bra,1990,0.735081
6931,bra,1991,0.71177
6931,bra,1992,0.717446
6931,bra,1993,0.703576
6931,bra,1994,0.708145
6931,bra,1995,0.715695
6931,bra,1996,0.718117
6931,bra,1997,0.738175
6931,bra,1998,0.731821
6931,bra,1999,0.702103
6931,bra,2000,0.69659
6931,bra,2001,0.715453
6931,bra,2002,0.725934
6931,bra,2003,0.689475
6931,bra,2004,0.718665
6931,bra,2005,0.710558
6931,bra,2006,0.740805
6931,bra,2007,0.752674
6931,bra,2008,0.794249
6931,bra,2009,0.803486
6931,bra,2010,0.814796
6931,bra,2011,0.826452
6931,bra,2012,0.828138
6931,bra,2013,0.832533
6931,bra,2014,0.815079
6931,bra,2015,0.814627
6931,bra,2016,0.813262
6931,bra,1962,0.970038
6931,bra,1963,0.977317
6931,bra,1964,0.961086
6931,bra,1965,0.943527
6931,bra,1966,0.93503
6931,bra,1967,0.928769
6931,bra,1968,0.944713
6931,bra,1969,0.940742
6931,bra,1970,0.894588
6931,bra,1971,0.910443
6931,bra,1972,0.925406
6931,bra,1973,0.902686
6931,bra,1974,0.850268
6931,bra,1975,0.855389
6931,bra,1976,0.89197
6931,bra,1977,0.877688
6931,bra,1978,0.881095
6931,bra,1979,0.870765
6931,bra,1980,0.850946
6931,bra,1981,0.867958
6931,bra,1982,0.800805
6931,bra,1983,0.779734
6931,bra,1984,0.768923
6931,bra,1985,0.807318
6931,bra,1986,0.738912
6931,bra,1987,0.765232
6931,brb,1988,0.875507
6931,brb,1989,0.882744
6931,brb,1990,0.865767
6931,brb,1991,0.899979
6931,brb,1992,0.883079
6931,brb,1993,0.884172
6931,brb,1994,0.873228
6931,brb,1995,0.859893
6931,brb,1996,0.894624
6931,brb,1997,0.870074
6931,brb,1998,0.869419
6931,brb,1999,0.876255
6931,brb,2000,0.897248
6931,brb,2001,0.900967
6931,brb,2002,0.915397
6931,brb,2003,0.892917
6931,brb,2004,0.893394
6931,brb,2005,0.87236
6931,brb,2006,0.861597
6931,brb,2007,0.858541
6931,brb,2008,0.798144
6931,brb,2009,0.803759
6931,brb,2010,0.861244
6931,brb,2011,0.876372
6931,brb,2012,0.846542
6931,brb,2013,0.911166
6931,brb,2014,0.922879
6931,brb,2015,0.89892
6931,brb,2016,0.902989
6931,brb,1962,0.986751
6931,brb,1963,0.996851
6931,brb,1964,0.983774
6931,brb,1965,0.991727
6931,brb,1966,0.957339
6931,brb,1967,0.979876
6931,brb,1968,0.925442
6931,brb,1969,0.885748
6931,brb,1970,0.872941
6931,brb,1971,0.832565
6931,brb,1972,0.852991
6931,brb,1973,0.78411
6931,brb,1974,0.812566
6931,brb,1975,0.85338
6931,brb,1976,0.816319
6931,brb,1977,0.82106
6931,brb,1978,0.942215
6931,brb,1979,0.893153
6931,brb,1980,0.870217
6931,brb,1981,0.852808
6931,brb,1982,0.85279
6931,brb,1983,0.873883
6931,brb,1984,0.897629
6931,brb,1985,0.922545
6931,brb,1986,0.915059
6931,brb,1987,0.893982
6931,brn,1988,0.991493
6931,brn,1989,0.993523
6931,brn,1990,0.991092
6931,brn,1991,0.99225
6931,brn,1992,0.995388
6931,brn,1993,0.991002
6931,brn,1994,0.98925
6931,brn,1995,0.987824
6931,brn,1996,0.983387
6931,brn,1997,0.987727
6931,brn,1998,0.978445
6931,brn,1999,0.984379
6931,brn,2000,0.985646
6931,brn,2001,0.984505
6931,brn,2002,0.988467
6931,brn,2003,0.984592
6931,brn,2004,0.981402
6931,brn,2005,0.99142
6931,brn,2006,0.992244
6931,brn,2007,0.990725
6931,brn,2008,0.995587
6931,brn,2009,0.995701
6931,brn,2010,0.99738
6931,brn,2011,0.997256
6931,brn,2012,0.99687
6931,brn,2013,0.998439
6931,brn,2014,0.996386
6931,brn,2015,0.997801
6931,brn,2016,0.995034
6931,brn,1962,0.986822
6931,brn,1963,0.995185
6931,brn,1964,0.995612
6931,brn,1965,0.998983
6931,brn,1966,0.998213
6931,brn,1967,0.993228
6931,brn,1968,0.997111
6931,brn,1969,0.99616
6931,brn,1970,0.996232
6931,brn,1971,0.995748
6931,brn,1972,0.995181
6931,brn,1973,0.999225
6931,brn,1974,0.999173
6931,brn,1975,0.998087
6931,brn,1976,0.997198
6931,brn,1977,0.992837
6931,brn,1978,0.99517
6931,brn,1979,0.996327
6931,brn,1980,0.999796
6931,brn,1981,0.999814
6931,brn,1982,0.999033
6931,brn,1983,0.998169
6931,brn,1984,0.996098
6931,brn,1985,0.998545
6931,brn,1986,0.997413
6931,brn,1987,0.993567
6931,btn,1988,0.946508
6931,btn,1989,0.948502
6931,btn,1990,0.91091
6931,btn,1991,0.927088
6931,btn,1992,0.911626
6931,btn,1993,0.936081
6931,btn,1994,0.946483
6931,btn,1995,0.930998
6931,btn,1996,0.934519
6931,btn,1997,0.927224
6931,btn,1998,0.929824
6931,btn,1999,0.926924
6931,btn,2000,0.905806
6931,btn,2001,0.882867
6931,btn,2002,0.85767
6931,btn,2003,0.879883
6931,btn,2004,0.903157
6931,btn,2005,0.945602
6931,btn,2006,0.946582
6931,btn,2007,0.953524
6931,btn,2008,0.956709
6931,btn,2009,0.959879
6931,btn,2010,0.957401
6931,btn,2011,0.925806
6931,btn,2012,0.958855
6931,btn,2013,0.9696
6931,btn,2014,0.966108
6931,btn,2015,0.960195
6931,btn,2016,0.966415
6931,btn,1965,0.998241
6931,btn,1969,0.971199
6931,btn,1970,0.991828
6931,btn,1971,0.996373
6931,btn,1972,0.939291
6931,btn,1973,0.930442
6931,btn,1974,0.950377
6931,btn,1975,0.952897
6931,btn,1976,0.944329
6931,btn,1977,0.937484
6931,btn,1978,0.987346
6931,btn,1979,0.991566
6931,btn,1980,0.987901
6931,btn,1981,0.978234
6931,btn,1982,0.951597
6931,btn,1983,0.962285
6931,btn,1984,0.973556
6931,btn,1985,0.952508
6931,btn,1986,0.957001
6931,btn,1987,0.954676
6931,caf,1988,0.971422
6931,caf,1989,0.974185
6931,caf,1990,0.971568
6931,caf,1991,0.971409
6931,caf,1992,0.975499
6931,caf,1993,0.972814
6931,caf,1994,0.959856
6931,caf,1995,0.96829
6931,caf,1996,0.961032
6931,caf,1997,0.978902
6931,caf,1998,0.978032
6931,caf,1999,0.978648
6931,caf,2000,0.976844
6931,caf,2001,0.983224
6931,caf,2002,0.970043
6931,caf,2003,0.975852
6931,caf,2004,0.975698
6931,caf,2005,0.964966
6931,caf,2006,0.966341
6931,caf,2007,0.962342
6931,caf,2008,0.964322
6931,caf,2009,0.965843
6931,caf,2010,0.968381
6931,caf,2011,0.972772
6931,caf,2012,0.977038
6931,caf,2013,0.96352
6931,caf,2014,0.960087
6931,caf,2015,0.96122
6931,caf,2016,0.970607
6931,caf,1962,0.990694
6931,caf,1963,0.989016
6931,caf,1964,0.985425
6931,caf,1965,0.989944
6931,caf,1966,0.986513
6931,caf,1967,0.983983
6931,caf,1968,0.986369
6931,caf,1969,0.974469
6931,caf,1970,0.971096
6931,caf,1971,0.97197
6931,caf,1972,0.981807
6931,caf,1973,0.978049
6931,caf,1974,0.983548
6931,caf,1975,0.968054
6931,caf,1976,0.986603
6931,caf,1977,0.977403
6931,caf,1978,0.97568
6931,caf,1979,0.979419
6931,caf,1980,0.984297
6931,caf,1981,0.982737
6931,caf,1982,0.977269
6931,caf,1983,0.983946
6931,caf,1984,0.976675
6931,caf,1985,0.977743
6931,caf,1986,0.980521
6931,caf,1987,0.967764
6931,can,1988,0.82025
6931,can,1989,0.813644
6931,can,1990,0.818552
6931,can,1991,0.79762
6931,can,1992,0.800998
6931,can,1993,0.78106
6931,can,1994,0.780616
6931,can,1995,0.767971
6931,can,1996,0.762601
6931,can,1997,0.748091
6931,can,1998,0.736472
6931,can,1999,0.73005
6931,can,2000,0.728531
6931,can,2001,0.73638
6931,can,2002,0.698414
6931,can,2003,0.718415
6931,can,2004,0.730433
6931,can,2005,0.744398
6931,can,2006,0.737871
6931,can,2007,0.745428
6931,can,2008,0.790803
6931,can,2009,0.773318
6931,can,2010,0.773629
6931,can,2011,0.799136
6931,can,2012,0.78313
6931,can,2013,0.782724
6931,can,2014,0.804317
6931,can,2015,0.779765
6931,can,2016,0.772375
6931,can,1962,0.912193
6931,can,1963,0.885038
6931,can,1964,0.871685
6931,can,1965,0.886949
6931,can,1966,0.869645
6931,can,1967,0.886103
6931,can,1968,0.89064
6931,can,1969,0.874467
6931,can,1970,0.855037
6931,can,1971,0.862601
6931,can,1972,0.86928
6931,can,1973,0.857208
6931,can,1974,0.858479
6931,can,1975,0.873408
6931,can,1976,0.853569
6931,can,1977,0.841533
6931,can,1978,0.829166
6931,can,1979,0.820717
6931,can,1980,0.824492
6931,can,1981,0.807217
6931,can,1982,0.80074
6931,can,1983,0.793748
6931,can,1984,0.812438
6931,can,1985,0.820165
6931,can,1986,0.817818
6931,can,1987,0.79689
6931,cck,1988,0.93336
6931,cck,1989,0.917703
6931,cck,1990,0.913664
6931,cck,1991,0.932313
6931,cck,1992,0.918485
6931,cck,1993,0.943937
6931,cck,1994,0.963432
6931,cck,1995,0.906372
6931,cck,1996,0.956224
6931,cck,1997,0.952151
6931,cck,1998,0.936251
6931,cck,1999,0.934837
6931,cck,2000,0.921563
6931,cck,2001,0.936932
6931,cck,2002,0.950895
6931,cck,2003,0.924545
6931,cck,2004,0.948927
6931,cck,2005,0.9218
6931,cck,2006,0.914875
6931,cck,2007,0.878111
6931,cck,2008,0.912268
6931,cck,2009,0.940335
6931,cck,2010,0.926642
6931,cck,2011,0.961603
6931,cck,2012,0.889197
6931,cck,2013,0.914586
6931,cck,2014,0.922005
6931,cck,2015,0.935165
6931,cck,2016,0.907992
6931,cck,1970,0
6931,cck,1971,0.997396
6931,cck,1972,0.995625
6931,cck,1973,0.993306
6931,cck,1974,0.967097
6931,cck,1975,0.850877
6931,cck,1976,0.864218
6931,cck,1977,0.816294
6931,cck,1978,0.921262
6931,cck,1979,0.925263
6931,cck,1980,0.918513
6931,cck,1981,0.925078
6931,cck,1982,0.966277
6931,cck,1983,0.968445
6931,cck,1984,0.955579
6931,cck,1985,0.9675
6931,cck,1986,0.967974
6931,cck,1987,0.958452
6931,che,1988,0.672329
6931,che,1989,0.690685
6931,che,1990,0.696636
6931,che,1991,0.698869
6931,che,1992,0.687798
6931,che,1993,0.701875
6931,che,1994,0.707049
6931,che,1995,0.722159
6931,che,1996,0.737837
6931,che,1997,0.714589
6931,che,1998,0.730241
6931,che,1999,0.732408
6931,che,2000,0.711996
6931,che,2001,0.721147
6931,che,2002,0.734992
6931,che,2003,0.740788
6931,che,2004,0.736301
6931,che,2005,0.737448
6931,che,2006,0.731235
6931,che,2007,0.740503
6931,che,2008,0.753882
6931,che,2009,0.755286
6931,che,2010,0.757067
6931,che,2011,0.761069
6931,che,2012,0.807584
6931,che,2013,0.83876
6931,che,2014,0.823956
6931,che,2015,0.85536
6931,che,2016,0.870538
6931,che,1962,0.581015
6931,che,1963,0.576504
6931,che,1964,0.611258
6931,che,1965,0.599196
6931,che,1966,0.627309
6931,che,1967,0.628418
6931,che,1968,0.617679
6931,che,1969,0.620486
6931,che,1970,0.666591
6931,che,1971,0.669749
6931,che,1972,0.651571
6931,che,1973,0.671693
6931,che,1974,0.596917
6931,che,1975,0.595974
6931,che,1976,0.627066
6931,che,1977,0.652383
6931,che,1978,0.694103
6931,che,1979,0.653949
6931,che,1980,0.618509
6931,che,1981,0.618429
6931,che,1982,0.653422
6931,che,1983,0.663578
6931,che,1984,0.638892
6931,che,1985,0.632638
6931,che,1986,0.663733
6931,che,1987,0.680478
6931,chl,1988,0.895464
6931,chl,1989,0.882855
6931,chl,1990,0.875282
6931,chl,1991,0.871393
6931,chl,1992,0.885056
6931,chl,1993,0.865318
6931,chl,1994,0.857181
6931,chl,1995,0.862655
6931,chl,1996,0.852417
6931,chl,1997,0.85841
6931,chl,1998,0.845583
6931,chl,1999,0.838811
6931,chl,2000,0.835309
6931,chl,2001,0.830532
6931,chl,2002,0.839469
6931,chl,2003,0.840717
6931,chl,2004,0.876058
6931,chl,2005,0.883658
6931,chl,2006,0.901928
6931,chl,2007,0.898896
6931,chl,2008,0.90116
6931,chl,2009,0.917111
6931,chl,2010,0.904775
6931,chl,2011,0.911958
6931,chl,2012,0.896
6931,chl,2013,0.878769
6931,chl,2014,0.886017
6931,chl,2015,0.877753
6931,chl,2016,0.883385
6931,chl,1962,0.968211
6931,chl,1963,0.966498
6931,chl,1964,0.954321
6931,chl,1965,0.963106
6931,chl,1966,0.953086
6931,chl,1967,0.9582
6931,chl,1968,0.963762
6931,chl,1969,0.964165
6931,chl,1970,0.95381
6931,chl,1971,0.940984
6931,chl,1972,0.942915
6931,chl,1973,0.956263
6931,chl,1974,0.956428
6931,chl,1975,0.920259
6931,chl,1976,0.912068
6931,chl,1977,0.881472
6931,chl,1978,0.905271
6931,chl,1979,0.9469
6931,chl,1980,0.939805
6931,chl,1981,0.940144
6931,chl,1982,0.928238
6931,chl,1983,0.914284
6931,chl,1984,0.916938
6931,chl,1985,0.911559
6931,chl,1986,0.896088
6931,chl,1987,0.890946
6931,chn,1988,0.676316
6931,chn,1989,0.663231
6931,chn,1990,0.655034
6931,chn,1991,0.682074
6931,chn,1992,0.701517
6931,chn,1993,0.712061
6931,chn,1994,0.699692
6931,chn,1995,0.673456
6931,chn,1996,0.681957
6931,chn,1997,0.698578
6931,chn,1998,0.693465
6931,chn,1999,0.684253
6931,chn,2000,0.675877
6931,chn,2001,0.670835
6931,chn,2002,0.660708
6931,chn,2003,0.667757
6931,chn,2004,0.661362
6931,chn,2005,0.638239
6931,chn,2006,0.591981
6931,chn,2007,0.578768
6931,chn,2008,0.549096
6931,chn,2009,0.573339
6931,chn,2010,0.544552
6931,chn,2011,0.491001
6931,chn,2012,0.518128
6931,chn,2013,0.533802
6931,chn,2014,0.501615
6931,chn,2015,0.508149
6931,chn,2016,0.511585
6931,chn,1962,0.794837
6931,chn,1963,0.780591
6931,chn,1964,0.78334
6931,chn,1965,0.781221
6931,chn,1966,0.710934
6931,chn,1967,0.736836
6931,chn,1968,0.779304
6931,chn,1969,0.724105
6931,chn,1970,0.709159
6931,chn,1971,0.681456
6931,chn,1972,0.701856
6931,chn,1973,0.687775
6931,chn,1974,0.709093
6931,chn,1975,0.696566
6931,chn,1976,0.713921
6931,chn,1977,0.68337
6931,chn,1978,0.754764
6931,chn,1979,0.727563
6931,chn,1980,0.707214
6931,chn,1981,0.703446
6931,chn,1982,0.676223
6931,chn,1983,0.684484
6931,chn,1984,0.667907
6931,chn,1985,0.73044
6931,chn,1986,0.701098
6931,chn,1987,0.682464
6931,civ,1988,0.960681
6931,civ,1989,0.934915
6931,civ,1990,0.937509
6931,civ,1991,0.951037
6931,civ,1992,0.955366
6931,civ,1993,0.960333
6931,civ,1994,0.951827
6931,civ,1995,0.912477
6931,civ,1996,0.912785
6931,civ,1997,0.900731
6931,civ,1998,0.90103
6931,civ,1999,0.886582
6931,civ,2000,0.887099
6931,civ,2001,0.896709
6931,civ,2002,0.914582
6931,civ,2003,0.912241
6931,civ,2004,0.915924
6931,civ,2005,0.920877
6931,civ,2006,0.925545
6931,civ,2007,0.922913
6931,civ,2008,0.935104
6931,civ,2009,0.937093
6931,civ,2010,0.949937
6931,civ,2011,0.9472
6931,civ,2012,0.934127
6931,civ,2013,0.926294
6931,civ,2014,0.925442
6931,civ,2015,0.921283
6931,civ,2016,0.958669
6931,civ,1962,0.981928
6931,civ,1963,0.989556
6931,civ,1964,0.982382
6931,civ,1965,0.981292
6931,civ,1966,0.972319
6931,civ,1967,0.980381
6931,civ,1968,0.979438
6931,civ,1969,0.974432
6931,civ,1970,0.961571
6931,civ,1971,0.957543
6931,civ,1972,0.95154
6931,civ,1973,0.951742
6931,civ,1974,0.951393
6931,civ,1975,0.943059
6931,civ,1976,0.970489
6931,civ,1977,0.956905
6931,civ,1978,0.962613
6931,civ,1979,0.961355
6931,civ,1980,0.963786
6931,civ,1981,0.945835
6931,civ,1982,0.932735
6931,civ,1983,0.931493
6931,civ,1984,0.96791
6931,civ,1985,0.929923
6931,civ,1986,0.96684
6931,civ,1987,0.950847
6931,cmr,1988,0.972307
6931,cmr,1989,0.938272
6931,cmr,1990,0.942908
6931,cmr,1991,0.969487
6931,cmr,1992,0.976949
6931,cmr,1993,0.974135
6931,cmr,1994,0.965043
6931,cmr,1995,0.934366
6931,cmr,1996,0.937823
6931,cmr,1997,0.938132
6931,cmr,1998,0.962658
6931,cmr,1999,0.953546
6931,cmr,2000,0.957271
6931,cmr,2001,0.956855
6931,cmr,2002,0.939109
6931,cmr,2003,0.944919
6931,cmr,2004,0.954984
6931,cmr,2005,0.949363
6931,cmr,2006,0.966211
6931,cmr,2007,0.94379
6931,cmr,2008,0.948174
6931,cmr,2009,0.951515
6931,cmr,2010,0.942067
6931,cmr,2011,0.938332
6931,cmr,2012,0.950758
6931,cmr,2013,0.946855
6931,cmr,2014,0.951422
6931,cmr,2015,0.947324
6931,cmr,2016,0.944386
6931,cmr,1962,0.986695
6931,cmr,1963,0.983527
6931,cmr,1964,0.979197
6931,cmr,1965,0.979129
6931,cmr,1966,0.970244
6931,cmr,1967,0.981709
6931,cmr,1968,0.97076
6931,cmr,1969,0.958964
6931,cmr,1970,0.947119
6931,cmr,1971,0.954328
6931,cmr,1972,0.950527
6931,cmr,1973,0.947606
6931,cmr,1974,0.956905
6931,cmr,1975,0.931431
6931,cmr,1976,0.954106
6931,cmr,1977,0.967032
6931,cmr,1978,0.965064
6931,cmr,1979,0.952821
6931,cmr,1980,0.976522
6931,cmr,1981,0.984398
6931,cmr,1982,0.957812
6931,cmr,1983,0.978031
6931,cmr,1984,0.979567
6931,cmr,1985,0.981842
6931,cmr,1986,0.980698
6931,cmr,1987,0.941769
6931,cod,1988,0.974428
6931,cod,1989,0.970878
6931,cod,1990,0.967816
6931,cod,1991,0.972131
6931,cod,1992,0.972759
6931,cod,1993,0.968377
6931,cod,1994,0.966704
6931,cod,1995,0.963778
6931,cod,1996,0.964424
6931,cod,1997,0.96979
6931,cod,1998,0.973838
6931,cod,1999,0.976225
6931,cod,2000,0.968638
6931,cod,2001,0.972573
6931,cod,2002,0.976178
6931,cod,2003,0.972027
6931,cod,2004,0.973073
6931,cod,2005,0.968176
6931,cod,2006,0.964002
6931,cod,2007,0.965539
6931,cod,2008,0.976245
6931,cod,2009,0.974636
6931,cod,2010,0.977357
6931,cod,2011,0.975101
6931,cod,2012,0.977302
6931,cod,2013,0.975103
6931,cod,2014,0.98063
6931,cod,2015,0.980968
6931,cod,2016,0.978591
6931,cod,1962,0.978822
6931,cod,1963,0.978995
6931,cod,1964,0.978594
6931,cod,1965,0.977402
6931,cod,1966,0.973076
6931,cod,1967,0.979653
6931,cod,1968,0.983861
6931,cod,1969,0.984521
6931,cod,1970,0.976711
6931,cod,1971,0.974678
6931,cod,1972,0.979241
6931,cod,1973,0.973632
6931,cod,1974,0.974808
6931,cod,1975,0.964781
6931,cod,1976,0.977549
6931,cod,1977,0.969473
6931,cod,1978,0.971061
6931,cod,1979,0.973207
6931,cod,1980,0.975293
6931,cod,1981,0.973461
6931,cod,1982,0.976094
6931,cod,1983,0.974323
6931,cod,1984,0.970991
6931,cod,1985,0.976078
6931,cod,1986,0.977923
6931,cod,1987,0.976187
6931,cog,1988,0.984851
6931,cog,1989,0.983898
6931,cog,1990,0.985569
6931,cog,1991,0.989756
6931,cog,1992,0.991879
6931,cog,1993,0.98939
6931,cog,1994,0.98855
6931,cog,1995,0.983634
6931,cog,1996,0.983214
6931,cog,1997,0.985636
6931,cog,1998,0.976898
6931,cog,1999,0.975796
6931,cog,2000,0.979501
6931,cog,2001,0.971756
6931,cog,2002,0.975638
6931,cog,2003,0.97531
6931,cog,2004,0.976199
6931,cog,2005,0.981701
6931,cog,2006,0.985568
6931,cog,2007,0.981627
6931,cog,2008,0.987764
6931,cog,2009,0.979421
6931,cog,2010,0.986152
6931,cog,2011,0.987715
6931,cog,2012,0.977989
6931,cog,2013,0.984199
6931,cog,2014,0.986107
6931,cog,2015,0.980927
6931,cog,2016,0.978701
6931,cog,1962,0.979031
6931,cog,1963,0.978366
6931,cog,1964,0.978732
6931,cog,1965,0.979745
6931,cog,1966,0.979796
6931,cog,1967,0.976519
6931,cog,1968,0.978541
6931,cog,1969,0.971824
6931,cog,1970,0.970409
6931,cog,1971,0.968396
6931,cog,1972,0.963331
6931,cog,1973,0.972796
6931,cog,1974,0.982042
6931,cog,1975,0.979355
6931,cog,1976,0.986433
6931,cog,1977,0.984352
6931,cog,1978,0.985205
6931,cog,1979,0.983223
6931,cog,1980,0.98662
6931,cog,1981,0.99125
6931,cog,1982,0.986566
6931,cog,1983,0.990182
6931,cog,1984,0.985143
6931,cog,1985,0.987538
6931,cog,1986,0.982953
6931,cog,1987,0.984897
6931,cok,1988,0.94782
6931,cok,1989,0.912891
6931,cok,1990,0.925593
6931,cok,1991,0.939452
6931,cok,1992,0.935996
6931,cok,1993,0.926746
6931,cok,1994,0.940717
6931,cok,1995,0.927521
6931,cok,1996,0.933993
6931,cok,1997,0.923829
6931,cok,1998,0.921299
6931,cok,1999,0.93134
6931,cok,2000,0.945992
6931,cok,2001,0.955657
6931,cok,2002,0.930302
6931,cok,2003,0.930083
6931,cok,2004,0.938349
6931,cok,2005,0.936777
6931,cok,2006,0.934188
6931,cok,2007,0.953494
6931,cok,2008,0.954411
6931,cok,2009,0.936217
6931,cok,2010,0.948685
6931,cok,2011,0.96266
6931,cok,2012,0.972646
6931,cok,2013,0.954507
6931,cok,2014,0.967927
6931,cok,2015,0.968551
6931,cok,2016,0.976916
6931,cok,1962,1
6931,cok,1963,0
6931,cok,1964,0
6931,cok,1966,0.996723
6931,cok,1970,0.999061
6931,cok,1971,0.991429
6931,cok,1972,0.996937
6931,cok,1973,0.989527
6931,cok,1974,0.945173
6931,cok,1975,0.981185
6931,cok,1976,0.972288
6931,cok,1977,0.966286
6931,cok,1978,0.97391
6931,cok,1979,0.965659
6931,cok,1980,0.958338
6931,cok,1981,0.949784
6931,cok,1982,0.943674
6931,cok,1983,0.945335
6931,cok,1984,0.947555
6931,cok,1985,0.940795
6931,cok,1986,0.943441
6931,cok,1987,0.945074
6931,col,1988,0.88267
6931,col,1989,0.871813
6931,col,1990,0.858915
6931,col,1991,0.824272
6931,col,1992,0.840572
6931,col,1993,0.840534
6931,col,1994,0.834036
6931,col,1995,0.815614
6931,col,1996,0.8258
6931,col,1997,0.850411
6931,col,1998,0.805773
6931,col,1999,0.811129
6931,col,2000,0.799695
6931,col,2001,0.780609
6931,col,2002,0.772931
6931,col,2003,0.795187
6931,col,2004,0.78046
6931,col,2005,0.804413
6931,col,2006,0.786453
6931,col,2007,0.778433
6931,col,2008,0.790334
6931,col,2009,0.82031
6931,col,2010,0.872634
6931,col,2011,0.89705
6931,col,2012,0.890584
6931,col,2013,0.895383
6931,col,2014,0.906752
6931,col,2015,0.85459
6931,col,2016,0.863294
6931,col,1962,0.983124
6931,col,1963,0.98189
6931,col,1964,0.969175
6931,col,1965,0.958943
6931,col,1966,0.946744
6931,col,1967,0.947632
6931,col,1968,0.962063
6931,col,1969,0.948363
6931,col,1970,0.945246
6931,col,1971,0.931124
6931,col,1972,0.923855
6931,col,1973,0.898127
6931,col,1974,0.797449
6931,col,1975,0.837887
6931,col,1976,0.905901
6931,col,1977,0.883666
6931,col,1978,0.910636
6931,col,1979,0.8871
6931,col,1980,0.88183
6931,col,1981,0.862147
6931,col,1982,0.865626
6931,col,1983,0.901638
6931,col,1984,0.897303
6931,col,1985,0.896335
6931,col,1986,0.912752
6931,col,1987,0.889827
6931,com,1988,0.977332
6931,com,1989,0.98219
6931,com,1990,0.97649
6931,com,1991,0.975872
6931,com,1992,0.986092
6931,com,1993,0.980652
6931,com,1994,0.977849
6931,com,1995,0.976009
6931,com,1996,0.98139
6931,com,1997,0.964005
6931,com,1998,0.972819
6931,com,1999,0.959407
6931,com,2000,0.975339
6931,com,2001,0.987211
6931,com,2002,0.983686
6931,com,2003,0.986808
6931,com,2004,0.98499
6931,com,2005,0.980839
6931,com,2006,0.982847
6931,com,2007,0.985587
6931,com,2008,0.98828
6931,com,2009,0.967148
6931,com,2010,0.975006
6931,com,2011,0.983284
6931,com,2012,0.987579
6931,com,2013,0.980218
6931,com,2014,0.975688
6931,com,2015,0.974607
6931,com,2016,0.989429
6931,com,1962,0.969046
6931,com,1963,0.9927
6931,com,1964,0.996222
6931,com,1965,0.9957
6931,com,1966,0.994288
6931,com,1967,0.992561
6931,com,1968,0.994488
6931,com,1969,0.994757
6931,com,1970,0.831849
6931,com,1971,0.987871
6931,com,1972,0.987546
6931,com,1973,0.99021
6931,com,1974,0.982653
6931,com,1975,0.992664
6931,com,1976,0.990257
6931,com,1977,0.984374
6931,com,1978,0.987757
6931,com,1979,0.991906
6931,com,1980,0.985643
6931,com,1981,0.981919
6931,com,1982,0.989636
6931,com,1983,0.99244
6931,com,1984,0.987949
6931,com,1985,0.987678
6931,com,1986,0.994618
6931,com,1987,0.987202
6931,cpv,1988,0.955733
6931,cpv,1989,0.978641
6931,cpv,1990,0.966045
6931,cpv,1991,0.961176
6931,cpv,1992,0.95526
6931,cpv,1993,0.955114
6931,cpv,1994,0.956464
6931,cpv,1995,0.961069
6931,cpv,1996,0.945074
6931,cpv,1997,0.921412
6931,cpv,1998,0.949049
6931,cpv,1999,0.967075
6931,cpv,2000,0.915612
6931,cpv,2001,0.888449
6931,cpv,2002,0.923193
6931,cpv,2003,0.926443
6931,cpv,2004,0.92458
6931,cpv,2005,0.91942
6931,cpv,2006,0.938938
6931,cpv,2007,0.913055
6931,cpv,2008,0.941706
6931,cpv,2009,0.945431
6931,cpv,2010,0.952459
6931,cpv,2011,0.953299
6931,cpv,2012,0.951782
6931,cpv,2013,0.959465
6931,cpv,2014,0.948828
6931,cpv,2015,0.945226
6931,cpv,2016,0.947155
6931,cpv,1962,0.993793
6931,cpv,1964,0
6931,cpv,1965,0
6931,cpv,1967,0
6931,cpv,1968,0.996977
6931,cpv,1969,0.993928
6931,cpv,1970,0.952901
6931,cpv,1971,0.965794
6931,cpv,1972,0.961776
6931,cpv,1973,0.963107
6931,cpv,1974,0.889178
6931,cpv,1975,0.923324
6931,cpv,1976,0.954358
6931,cpv,1977,0.950765
6931,cpv,1978,0.969209
6931,cpv,1979,0.976247
6931,cpv,1980,0.978361
6931,cpv,1981,0.977575
6931,cpv,1982,0.975428
6931,cpv,1983,0.975189
6931,cpv,1984,0.96793
6931,cpv,1985,0.978139
6931,cpv,1986,0.972185
6931,cpv,1987,0.96378
6931,cri,1988,0.840379
6931,cri,1989,0.845278
6931,cri,1990,0.835079
6931,cri,1991,0.863704
6931,cri,1992,0.854145
6931,cri,1993,0.855396
6931,cri,1994,0.852612
6931,cri,1995,0.844135
6931,cri,1996,0.828794
6931,cri,1997,0.830233
6931,cri,1998,0.852162
6931,cri,1999,0.858518
6931,cri,2000,0.848674
6931,cri,2001,0.826286
6931,cri,2002,0.858605
6931,cri,2003,0.874676
6931,cri,2004,0.877201
6931,cri,2005,0.867464
6931,cri,2006,0.876691
6931,cri,2007,0.871642
6931,cri,2008,0.882927
6931,cri,2009,0.915337
6931,cri,2010,0.924081
6931,cri,2011,0.924954
6931,cri,2012,0.923279
6931,cri,2013,0.923728
6931,cri,2014,0.922525
6931,cri,2015,0.835252
6931,cri,2016,0.854865
6931,cri,1962,0.987352
6931,cri,1963,0.978988
6931,cri,1964,0.967596
6931,cri,1965,0.910062
6931,cri,1966,0.845727
6931,cri,1967,0.879806
6931,cri,1968,0.904414
6931,cri,1969,0.864395
6931,cri,1970,0.869248
6931,cri,1971,0.847328
6931,cri,1972,0.861833
6931,cri,1973,0.842579
6931,cri,1974,0.820732
6931,cri,1975,0.833163
6931,cri,1976,0.808646
6931,cri,1977,0.810666
6931,cri,1978,0.959062
6931,cri,1979,0.955692
6931,cri,1980,0.954963
6931,cri,1981,0.95736
6931,cri,1982,0.940896
6931,cri,1983,0.948476
6931,cri,1984,0.930902
6931,cri,1985,0.930079
6931,cri,1986,0.878568
6931,cri,1987,0.851898
6931,csk,1988,0.647739
6931,csk,1989,0.617316
6931,csk,1990,0.603796
6931,csk,1991,0.540739
6931,csk,1992,0.508048
6931,csk,1962,0.60939
6931,csk,1963,0.636745
6931,csk,1964,0.689168
6931,csk,1965,0.649708
6931,csk,1966,0.608345
6931,csk,1967,0.640918
6931,csk,1968,0.66557
6931,csk,1969,0.654377
6931,csk,1970,0.627359
6931,csk,1971,0.592558
6931,csk,1972,0.604339
6931,csk,1973,0.611624
6931,csk,1974,0.579204
6931,csk,1975,0.630022
6931,csk,1976,0.625407
6931,csk,1977,0.570242
6931,csk,1978,0.673547
6931,csk,1979,0.684042
6931,csk,1980,0.614309
6931,csk,1981,0.607477
6931,csk,1982,0.651735
6931,csk,1983,0.640412
6931,csk,1984,0.652772
6931,csk,1985,0.663991
6931,csk,1986,0.684495
6931,csk,1987,0.687887
6931,cub,1988,0.947946
6931,cub,1989,0.93878
6931,cub,1990,0.946393
6931,cub,1991,0.944228
6931,cub,1992,0.951954
6931,cub,1993,0.953707
6931,cub,1994,0.94726
6931,cub,1995,0.945517
6931,cub,1996,0.945841
6931,cub,1997,0.958413
6931,cub,1998,0.942484
6931,cub,1999,0.91732
6931,cub,2000,0.944045
6931,cub,2001,0.9347
6931,cub,2002,0.936695
6931,cub,2003,0.926832
6931,cub,2004,0.927759
6931,cub,2005,0.930722
6931,cub,2006,0.944987
6931,cub,2007,0.949356
6931,cub,2008,0.959583
6931,cub,2009,0.954806
6931,cub,2010,0.954567
6931,cub,2011,0.962386
6931,cub,2012,0.925629
6931,cub,2013,0.943549
6931,cub,2014,0.945348
6931,cub,2015,0.949832
6931,cub,2016,0.961708
6931,cub,1962,0.988998
6931,cub,1963,0.987351
6931,cub,1964,0.986881
6931,cub,1965,0.98817
6931,cub,1966,0.976313
6931,cub,1967,0.956051
6931,cub,1968,0.962593
6931,cub,1969,0.946077
6931,cub,1970,0.946106
6931,cub,1971,0.936956
6931,cub,1972,0.947341
6931,cub,1973,0.943433
6931,cub,1974,0.95341
6931,cub,1975,0.955865
6931,cub,1976,0.973045
6931,cub,1977,0.955258
6931,cub,1978,0.966618
6931,cub,1979,0.97136
6931,cub,1980,0.970077
6931,cub,1981,0.966774
6931,cub,1982,0.959058
6931,cub,1983,0.952678
6931,cub,1984,0.946128
6931,cub,1985,0.94223
6931,cub,1986,0.942594
6931,cub,1987,0.93747
6931,cxr,1988,0.991864
6931,cxr,1989,0.982962
6931,cxr,1990,0.979332
6931,cxr,1991,0.989571
6931,cxr,1992,0.989256
6931,cxr,1993,0.973484
6931,cxr,1994,0.981492
6931,cxr,1995,0.975084
6931,cxr,1996,0.978324
6931,cxr,1997,0.976955
6931,cxr,1998,0.989288
6931,cxr,1999,0.987082
6931,cxr,2000,0.970757
6931,cxr,2001,0.986281
6931,cxr,2002,0.979484
6931,cxr,2003,0.972592
6931,cxr,2004,0.980035
6931,cxr,2005,0.983811
6931,cxr,2006,0.967347
6931,cxr,2007,0.954513
6931,cxr,2008,0.983575
6931,cxr,2009,0.969452
6931,cxr,2010,0.963774
6931,cxr,2011,0.977929
6931,cxr,2012,0.981332
6931,cxr,2013,0.976891
6931,cxr,2014,0.968928
6931,cxr,2015,0.982151
6931,cxr,2016,0.968152
6931,cxr,1969,0.996833
6931,cxr,1970,0.996179
6931,cxr,1971,0.996761
6931,cxr,1972,0.998415
6931,cxr,1973,0.998559
6931,cxr,1974,0.998935
6931,cxr,1975,0.997483
6931,cxr,1976,0.99842
6931,cxr,1977,0.99831
6931,cxr,1978,0.994922
6931,cxr,1979,0.995971
6931,cxr,1980,0.999724
6931,cxr,1981,0.99704
6931,cxr,1982,0.995238
6931,cxr,1983,0.996301
6931,cxr,1984,0.995725
6931,cxr,1985,0.995574
6931,cxr,1986,0.998645
6931,cxr,1987,0.995422
6931,cym,1988,0.950481
6931,cym,1989,0.948774
6931,cym,1990,0.954057
6931,cym,1991,0.961831
6931,cym,1992,0.944004
6931,cym,1993,0.952761
6931,cym,1994,0.971343
6931,cym,1995,0.936095
6931,cym,1996,0.97195
6931,cym,1997,0.972335
6931,cym,1998,0.957311
6931,cym,1999,0.971628
6931,cym,2000,0.975534
6931,cym,2001,0.968556
6931,cym,2002,0.973609
6931,cym,2003,0.988005
6931,cym,2004,0.985028
6931,cym,2005,0.983597
6931,cym,2006,0.997074
6931,cym,2007,0.959989
6931,cym,2008,0.989767
6931,cym,2009,0.979236
6931,cym,2010,0.991132
6931,cym,2011,0.992537
6931,cym,2012,0.989837
6931,cym,2013,0.99278
6931,cym,2014,0.986812
6931,cym,2015,0.990212
6931,cym,2016,0.992966
6931,cym,1967,0.999342
6931,cym,1969,0
6931,cym,1970,0.985232
6931,cym,1971,0.990218
6931,cym,1972,0.967321
6931,cym,1973,0.976173
6931,cym,1974,0.915918
6931,cym,1975,0.890959
6931,cym,1976,0.925467
6931,cym,1977,0.958941
6931,cym,1978,0.952751
6931,cym,1979,0.953838
6931,cym,1980,0.956049
6931,cym,1981,0.963207
6931,cym,1982,0.972578
6931,cym,1983,0.966137
6931,cym,1984,0.963869
6931,cym,1985,0.972475
6931,cym,1986,0.970963
6931,cym,1987,0.965093
6931,cyp,1988,0.79972
6931,cyp,1989,0.823757
6931,cyp,1990,0.80754
6931,cyp,1991,0.835397
6931,cyp,1992,0.795028
6931,cyp,1993,0.820215
6931,cyp,1994,0.808129
6931,cyp,1995,0.835462
6931,cyp,1996,0.850599
6931,cyp,1997,0.813337
6931,cyp,1998,0.809913
6931,cyp,1999,0.824791
6931,cyp,2000,0.79961
6931,cyp,2001,0.825523
6931,cyp,2002,0.812593
6931,cyp,2003,0.841074
6931,cyp,2004,0.796329
6931,cyp,2005,0.787602
6931,cyp,2006,0.874804
6931,cyp,2007,0.826297
6931,cyp,2008,0.816656
6931,cyp,2009,0.810312
6931,cyp,2010,0.818988
6931,cyp,2011,0.842534
6931,cyp,2012,0.848746
6931,cyp,2013,0.819859
6931,cyp,2014,0.806832
6931,cyp,2015,0.843918
6931,cyp,2016,0.825483
6931,cyp,1962,0.963566
6931,cyp,1963,0.962336
6931,cyp,1964,0.963492
6931,cyp,1965,0.974102
6931,cyp,1966,0.961006
6931,cyp,1967,0.958639
6931,cyp,1968,0.959476
6931,cyp,1969,0.958177
6931,cyp,1970,0.93661
6931,cyp,1971,0.92016
6931,cyp,1972,0.877013
6931,cyp,1973,0.865344
6931,cyp,1974,0.873723
6931,cyp,1975,0.863997
6931,cyp,1976,0.855791
6931,cyp,1977,0.829164
6931,cyp,1978,0.861126
6931,cyp,1979,0.862758
6931,cyp,1980,0.834312
6931,cyp,1981,0.827771
6931,cyp,1982,0.802356
6931,cyp,1983,0.825742
6931,cyp,1984,0.815588
6931,cyp,1985,0.820381
6931,cyp,1986,0.843324
6931,cyp,1987,0.824403
6931,deu,1988,0.452994
6931,deu,1989,0.473755
6931,deu,1990,0.49461
6931,deu,1991,0.454484
6931,deu,1992,0.452745
6931,deu,1993,0.474383
6931,deu,1994,0.489685
6931,deu,1995,0.555485
6931,deu,1996,0.542607
6931,deu,1997,0.488776
6931,deu,1998,0.549025
6931,deu,1999,0.541163
6931,deu,2000,0.523332
6931,deu,2001,0.530036
6931,deu,2002,0.53539
6931,deu,2003,0.555584
6931,deu,2004,0.541989
6931,deu,2005,0.535319
6931,deu,2006,0.515659
6931,deu,2007,0.530736
6931,deu,2008,0.498772
6931,deu,2009,0.4863
6931,deu,2010,0.501965
6931,deu,2011,0.477442
6931,deu,2012,0.493024
6931,deu,2013,0.517179
6931,deu,2014,0.563758
6931,deu,2015,0.594694
6931,deu,2016,0.590473
6931,deu,1962,0.360891
6931,deu,1963,0.364189
6931,deu,1964,0.364761
6931,deu,1965,0.328399
6931,deu,1966,0.407892
6931,deu,1967,0.363061
6931,deu,1968,0.354588
6931,deu,1969,0.392834
6931,deu,1970,0.486081
6931,deu,1971,0.498808
6931,deu,1972,0.453625
6931,deu,1973,0.441255
6931,deu,1974,0.340655
6931,deu,1975,0.36394
6931,deu,1976,0.35012
6931,deu,1977,0.395683
6931,deu,1978,0.433043
6931,deu,1979,0.386871
6931,deu,1980,0.340969
6931,deu,1981,0.323314
6931,deu,1982,0.415169
6931,deu,1983,0.431889
6931,deu,1984,0.386935
6931,deu,1985,0.388051
6931,deu,1986,0.416885
6931,deu,1987,0.477058
6931,dji,1988,0.879506
6931,dji,1989,0.849199
6931,dji,1990,0.822476
6931,dji,1991,0.821116
6931,dji,1992,0.805326
6931,dji,1993,0.812345
6931,dji,1994,0.909293
6931,dji,1995,0.800959
6931,dji,1996,0.904001
6931,dji,1997,0.831613
6931,dji,1998,0.82493
6931,dji,1999,0.803638
6931,dji,2000,0.797245
6931,dji,2001,0.773834
6931,dji,2002,0.803456
6931,dji,2003,0.887425
6931,dji,2004,0.90566
6931,dji,2005,0.855218
6931,dji,2006,0.892507
6931,dji,2007,0.956803
6931,dji,2008,0.950524
6931,dji,2009,0.962087
6931,dji,2010,0.960465
6931,dji,2011,0.945682
6931,dji,2012,0.937538
6931,dji,2013,0.927936
6931,dji,2014,0.950227
6931,dji,2015,0.94515
6931,dji,2016,0.927141
6931,dji,1962,0.978599
6931,dji,1963,0.95687
6931,dji,1964,0.975328
6931,dji,1965,0.981635
6931,dji,1966,0.974797
6931,dji,1967,0.964072
6931,dji,1968,0.950307
6931,dji,1969,0.987995
6931,dji,1970,0.931167
6931,dji,1971,0.934764
6931,dji,1972,0.919373
6931,dji,1973,0.885883
6931,dji,1974,0.924319
6931,dji,1975,0.895425
6931,dji,1976,0.949924
6931,dji,1977,0.901955
6931,dji,1978,0.966932
6931,dji,1979,0.956519
6931,dji,1980,0.91122
6931,dji,1981,0.877361
6931,dji,1982,0.911295
6931,dji,1983,0.920617
6931,dji,1984,0.949286
6931,dji,1985,0.898979
6931,dji,1986,0.885436
6931,dji,1987,0.896676
6931,dma,1988,0.949264
6931,dma,1989,0.96544
6931,dma,1990,0.938236
6931,dma,1991,0.940806
6931,dma,1992,0.943618
6931,dma,1993,0.922443
6931,dma,1994,0.908873
6931,dma,1995,0.908748
6931,dma,1996,0.918627
6931,dma,1997,0.873589
6931,dma,1998,0.893083
6931,dma,1999,0.885782
6931,dma,2000,0.870352
6931,dma,2001,0.871805
6931,dma,2002,0.904594
6931,dma,2003,0.903001
6931,dma,2004,0.87001
6931,dma,2005,0.885468
6931,dma,2006,0.883003
6931,dma,2007,0.86211
6931,dma,2008,0.889169
6931,dma,2009,0.913425
6931,dma,2010,0.8751
6931,dma,2011,0.915434
6931,dma,2012,0.881875
6931,dma,2013,0.905165
6931,dma,2014,0.888155
6931,dma,2015,0.891475
6931,dma,2016,0.910629
6931,dma,1962,1
6931,dma,1963,0
6931,dma,1964,0
6931,dma,1965,0.971517
6931,dma,1966,0.998685
6931,dma,1967,0
6931,dma,1968,0
6931,dma,1970,0.992038
6931,dma,1971,0.988885
6931,dma,1972,0.985842
6931,dma,1973,0.982719
6931,dma,1974,0.976278
6931,dma,1975,0.971647
6931,dma,1976,0.971304
6931,dma,1977,0.973245
6931,dma,1978,0.975973
6931,dma,1979,0.977657
6931,dma,1980,0.924791
6931,dma,1981,0.965482
6931,dma,1982,0.946172
6931,dma,1983,0.953451
6931,dma,1984,0.958961
6931,dma,1985,0.96164
6931,dma,1986,0.965685
6931,dma,1987,0.96317
6931,dnk,1988,0.682454
6931,dnk,1989,0.701189
6931,dnk,1990,0.703937
6931,dnk,1991,0.699123
6931,dnk,1992,0.701836
6931,dnk,1993,0.709389
6931,dnk,1994,0.707344
6931,dnk,1995,0.709535
6931,dnk,1996,0.707573
6931,dnk,1997,0.704271
6931,dnk,1998,0.68247
6931,dnk,1999,0.691975
6931,dnk,2000,0.666137
6931,dnk,2001,0.689927
6931,dnk,2002,0.697418
6931,dnk,2003,0.670603
6931,dnk,2004,0.673822
6931,dnk,2005,0.682088
6931,dnk,2006,0.64881
6931,dnk,2007,0.633034
6931,dnk,2008,0.64089
6931,dnk,2009,0.657097
6931,dnk,2010,0.642397
6931,dnk,2011,0.643523
6931,dnk,2012,0.647487
6931,dnk,2013,0.654438
6931,dnk,2014,0.643583
6931,dnk,2015,0.652009
6931,dnk,2016,0.661044
6931,dnk,1962,0.671915
6931,dnk,1963,0.652048
6931,dnk,1964,0.692173
6931,dnk,1965,0.702382
6931,dnk,1966,0.647469
6931,dnk,1967,0.678589
6931,dnk,1968,0.666399
6931,dnk,1969,0.638265
6931,dnk,1970,0.654094
6931,dnk,1971,0.639307
6931,dnk,1972,0.679768
6931,dnk,1973,0.671398
6931,dnk,1974,0.627808
6931,dnk,1975,0.64645
6931,dnk,1976,0.62547
6931,dnk,1977,0.625805
6931,dnk,1978,0.68977
6931,dnk,1979,0.665865
6931,dnk,1980,0.639678
6931,dnk,1981,0.647347
6931,dnk,1982,0.646272
6931,dnk,1983,0.669732
6931,dnk,1984,0.655878
6931,dnk,1985,0.648306
6931,dnk,1986,0.680989
6931,dnk,1987,0.675966
6931,dom,1988,0.898633
6931,dom,1989,0.8998
6931,dom,1990,0.895851
6931,dom,1991,0.915435
6931,dom,1992,0.913618
6931,dom,1993,0.914477
6931,dom,1994,0.91241
6931,dom,1995,0.888261
6931,dom,1996,0.886058
6931,dom,1997,0.90403
6931,dom,1998,0.897961
6931,dom,1999,0.88781
6931,dom,2000,0.879436
6931,dom,2001,0.867882
6931,dom,2002,0.844787
6931,dom,2003,0.856048
6931,dom,2004,0.869078
6931,dom,2005,0.829381
6931,dom,2006,0.822764
6931,dom,2007,0.829956
6931,dom,2008,0.829577
6931,dom,2009,0.848522
6931,dom,2010,0.821884
6931,dom,2011,0.826159
6931,dom,2012,0.828966
6931,dom,2013,0.823573
6931,dom,2014,0.827328
6931,dom,2015,0.81485
6931,dom,2016,0.852334
6931,dom,1962,0.981789
6931,dom,1963,0.989444
6931,dom,1964,0.987031
6931,dom,1965,0.985972
6931,dom,1966,0.978119
6931,dom,1967,0.983257
6931,dom,1968,0.985399
6931,dom,1969,0.984932
6931,dom,1970,0.974633
6931,dom,1971,0.955238
6931,dom,1972,0.961696
6931,dom,1973,0.958251
6931,dom,1974,0.946822
6931,dom,1975,0.949542
6931,dom,1976,0.939304
6931,dom,1977,0.904503
6931,dom,1978,0.924135
6931,dom,1979,0.92545
6931,dom,1980,0.921812
6931,dom,1981,0.926758
6931,dom,1982,0.892432
6931,dom,1983,0.909259
6931,dom,1984,0.912783
6931,dom,1985,0.901517
6931,dom,1986,0.909461
6931,dom,1987,0.889502
6931,dza,1988,0.967793
6931,dza,1989,0.975329
6931,dza,1990,0.976184
6931,dza,1991,0.97744
6931,dza,1992,0.975964
6931,dza,1993,0.977324
6931,dza,1994,0.976115
6931,dza,1995,0.962701
6931,dza,1996,0.96432
6931,dza,1997,0.973893
6931,dza,1998,0.969867
6931,dza,1999,0.970653
6931,dza,2000,0.979447
6931,dza,2001,0.983647
6931,dza,2002,0.97527
6931,dza,2003,0.983057
6931,dza,2004,0.9847
6931,dza,2005,0.987224
6931,dza,2006,0.99019
6931,dza,2007,0.992008
6931,dza,2008,0.990272
6931,dza,2009,0.985745
6931,dza,2010,0.9834
6931,dza,2011,0.990671
6931,dza,2012,0.990685
6931,dza,2013,0.988142
6931,dza,2014,0.987485
6931,dza,2015,0.985729
6931,dza,2016,0.982754
6931,dza,1962,0.961767
6931,dza,1963,0.97216
6931,dza,1964,0.966658
6931,dza,1965,0.96835
6931,dza,1966,0.955608
6931,dza,1967,0.985068
6931,dza,1968,0.976955
6931,dza,1969,0.97241
6931,dza,1970,0.978868
6931,dza,1971,0.959733
6931,dza,1972,0.976699
6931,dza,1973,0.972435
6931,dza,1974,0.981389
6931,dza,1975,0.988385
6931,dza,1976,0.989407
6931,dza,1977,0.985133
6931,dza,1978,0.984965
6931,dza,1979,0.987742
6931,dza,1980,0.991701
6931,dza,1981,0.992456
6931,dza,1982,0.987276
6931,dza,1983,0.99241
6931,dza,1984,0.989662
6931,dza,1985,0.987917
6931,dza,1986,0.984845
6931,dza,1987,0.983184
6931,ecu,1988,0.953355
6931,ecu,1989,0.948044
6931,ecu,1990,0.948343
6931,ecu,1991,0.943895
6931,ecu,1992,0.937747
6931,ecu,1993,0.93473
6931,ecu,1994,0.929242
6931,ecu,1995,0.915416
6931,ecu,1996,0.914016
6931,ecu,1997,0.9281
6931,ecu,1998,0.903644
6931,ecu,1999,0.892432
6931,ecu,2000,0.897742
6931,ecu,2001,0.903775
6931,ecu,2002,0.906063
6931,ecu,2003,0.904747
6931,ecu,2004,0.914556
6931,ecu,2005,0.924739
6931,ecu,2006,0.92312
6931,ecu,2007,0.92236
6931,ecu,2008,0.928521
6931,ecu,2009,0.936237
6931,ecu,2010,0.930211
6931,ecu,2011,0.92291
6931,ecu,2012,0.922604
6931,ecu,2013,0.931543
6931,ecu,2014,0.941453
6931,ecu,2015,0.926788
6931,ecu,2016,0.925437
6931,ecu,1962,0.98252
6931,ecu,1963,0.982264
6931,ecu,1964,0.98235
6931,ecu,1965,0.980072
6931,ecu,1966,0.966842
6931,ecu,1967,0.977032
6931,ecu,1968,0.983066
6931,ecu,1969,0.976866
6931,ecu,1970,0.969051
6931,ecu,1971,0.966572
6931,ecu,1972,0.96987
6931,ecu,1973,0.970963
6931,ecu,1974,0.970952
6931,ecu,1975,0.965216
6931,ecu,1976,0.972742
6931,ecu,1977,0.96675
6931,ecu,1978,0.967741
6931,ecu,1979,0.968734
6931,ecu,1980,0.963853
6931,ecu,1981,0.967899
6931,ecu,1982,0.965137
6931,ecu,1983,0.977874
6931,ecu,1984,0.967824
6931,ecu,1985,0.974345
6931,ecu,1986,0.96936
6931,ecu,1987,0.948995
6931,egy,1988,0.89429
6931,egy,1989,0.881044
6931,egy,1990,0.871488
6931,egy,1991,0.846961
6931,egy,1992,0.856558
6931,egy,1993,0.847997
6931,egy,1994,0.824965
6931,egy,1995,0.827215
6931,egy,1996,0.815499
6931,egy,1997,0.799738
6931,egy,1998,0.775453
6931,egy,1999,0.767911
6931,egy,2000,0.769292
6931,egy,2001,0.764052
6931,egy,2002,0.76149
6931,egy,2003,0.750122
6931,egy,2004,0.754195
6931,egy,2005,0.768097
6931,egy,2006,0.790172
6931,egy,2007,0.754876
6931,egy,2008,0.771342
6931,egy,2009,0.751222
6931,egy,2010,0.74742
6931,egy,2011,0.761397
6931,egy,2012,0.75817
6931,egy,2013,0.706925
6931,egy,2014,0.721218
6931,egy,2015,0.704007
6931,egy,2016,0.719725
6931,egy,1962,0.962908
6931,egy,1963,0.925877
6931,egy,1964,0.933422
6931,egy,1965,0.958666
6931,egy,1966,0.943921
6931,egy,1967,0.954635
6931,egy,1968,0.950869
6931,egy,1969,0.923993
6931,egy,1970,0.912597
6931,egy,1971,0.919932
6931,egy,1972,0.900158
6931,egy,1973,0.892574
6931,egy,1974,0.874951
6931,egy,1975,0.865575
6931,egy,1976,0.899771
6931,egy,1977,0.903067
6931,egy,1978,0.957207
6931,egy,1979,0.961197
6931,egy,1980,0.969561
6931,egy,1981,0.967366
6931,egy,1982,0.953941
6931,egy,1983,0.945252
6931,egy,1984,0.933302
6931,egy,1985,0.960432
6931,egy,1986,0.936313
6931,egy,1987,0.921989
6931,esh,1988,0.989525
6931,esh,1989,0.991453
6931,esh,1990,0.99022
6931,esh,1991,0.995536
6931,esh,1992,0.983102
6931,esh,1993,0.990146
6931,esh,1994,0.995765
6931,esh,1995,0.988962
6931,esh,1996,0.989351
6931,esh,1997,0.980556
6931,esh,1998,0.977137
6931,esh,1999,0.969789
6931,esh,2000,0.948144
6931,esh,2001,0.970433
6931,esh,2002,0.990968
6931,esh,2003,0.958203
6931,esh,2004,0.982075
6931,esh,2005,0.97961
6931,esh,2006,0.984628
6931,esh,2007,0.959721
6931,esh,2008,0.982036
6931,esh,2009,0.972103
6931,esh,2010,0.979761
6931,esh,2011,0.971821
6931,esh,2012,0.936455
6931,esh,2013,0.963421
6931,esh,2014,0.977183
6931,esh,2015,0.949883
6931,esh,2016,0.984582
6931,esh,1963,1
6931,esh,1968,0
6931,esh,1970,0.968425
6931,esh,1971,0.983288
6931,esh,1972,0.976185
6931,esh,1973,0.994456
6931,esh,1974,0.997438
6931,esh,1975,0.99418
6931,esh,1976,0.987529
6931,esh,1977,0.958725
6931,esh,1978,0.991302
6931,esh,1979,0.982943
6931,esh,1980,0.950382
6931,esh,1981,0.969029
6931,esh,1982,0.981383
6931,esh,1983,0.995556
6931,esh,1984,0.99582
6931,esh,1985,0.992705
6931,esh,1986,0.994227
6931,esh,1987,0.993081
6931,esp,1988,0.575391
6931,esp,1989,0.596805
6931,esp,1990,0.606331
6931,esp,1991,0.608321
6931,esp,1992,0.601785
6931,esp,1993,0.583142
6931,esp,1994,0.589909
6931,esp,1995,0.566242
6931,esp,1996,0.569888
6931,esp,1997,0.563319
6931,esp,1998,0.565782
6931,esp,1999,0.54716
6931,esp,2000,0.515595
6931,esp,2001,0.514467
6931,esp,2002,0.51736
6931,esp,2003,0.52512
6931,esp,2004,0.52074
6931,esp,2005,0.522581
6931,esp,2006,0.496752
6931,esp,2007,0.489102
6931,esp,2008,0.46702
6931,esp,2009,0.510988
6931,esp,2010,0.492688
6931,esp,2011,0.491509
6931,esp,2012,0.467604
6931,esp,2013,0.477429
6931,esp,2014,0.518676
6931,esp,2015,0.524796
6931,esp,2016,0.538549
6931,esp,1962,0.852194
6931,esp,1963,0.837046
6931,esp,1964,0.819532
6931,esp,1965,0.791343
6931,esp,1966,0.785196
6931,esp,1967,0.796114
6931,esp,1968,0.786241
6931,esp,1969,0.705487
6931,esp,1970,0.702704
6931,esp,1971,0.691259
6931,esp,1972,0.664144
6931,esp,1973,0.682209
6931,esp,1974,0.622333
6931,esp,1975,0.62378
6931,esp,1976,0.629496
6931,esp,1977,0.606854
6931,esp,1978,0.553284
6931,esp,1979,0.545307
6931,esp,1980,0.521727
6931,esp,1981,0.538664
6931,esp,1982,0.524313
6931,esp,1983,0.559694
6931,esp,1984,0.558473
6931,esp,1985,0.54524
6931,esp,1986,0.577278
6931,esp,1987,0.573781
6931,eth,1988,0.937894
6931,eth,1989,0.938628
6931,eth,1990,0.924015
6931,eth,1991,0.943813
6931,eth,1992,0.952933
6931,eth,1993,0.958158
6931,eth,1994,0.962942
6931,eth,1995,0.950589
6931,eth,1996,0.958712
6931,eth,1997,0.952462
6931,eth,1998,0.950585
6931,eth,1999,0.938584
6931,eth,2000,0.93516
6931,eth,2001,0.925242
6931,eth,2002,0.923133
6931,eth,2003,0.917946
6931,eth,2004,0.915997
6931,eth,2005,0.914176
6931,eth,2006,0.923585
6931,eth,2007,0.908674
6931,eth,2008,0.913946
6931,eth,2009,0.926867
6931,eth,2010,0.928898
6931,eth,2011,0.911825
6931,eth,2012,0.915408
6931,eth,2013,0.911003
6931,eth,2014,0.93177
6931,eth,2015,0.911586
6931,eth,2016,0.906193
6931,eth,1962,0.978763
6931,eth,1963,0.973071
6931,eth,1964,0.979136
6931,eth,1965,0.986382
6931,eth,1966,0.968771
6931,eth,1967,0.977981
6931,eth,1968,0.983598
6931,eth,1969,0.967833
6931,eth,1970,0.955775
6931,eth,1971,0.955278
6931,eth,1972,0.968581
6931,eth,1973,0.958447
6931,eth,1974,0.958143
6931,eth,1975,0.935681
6931,eth,1976,0.970916
6931,eth,1977,0.966616
6931,eth,1978,0.98347
6931,eth,1979,0.9762
6931,eth,1980,0.968014
6931,eth,1981,0.973208
6931,eth,1982,0.957655
6931,eth,1983,0.958928
6931,eth,1984,0.945344
6931,eth,1985,0.952034
6931,eth,1986,0.962355
6931,eth,1987,0.934935
6931,fin,1988,0.749941
6931,fin,1989,0.761404
6931,fin,1990,0.761263
6931,fin,1991,0.748604
6931,fin,1992,0.743762
6931,fin,1993,0.744778
6931,fin,1994,0.752097
6931,fin,1995,0.770289
6931,fin,1996,0.768508
6931,fin,1997,0.753722
6931,fin,1998,0.769398
6931,fin,1999,0.776048
6931,fin,2000,0.789234
6931,fin,2001,0.780867
6931,fin,2002,0.764092
6931,fin,2003,0.752862
6931,fin,2004,0.760254
6931,fin,2005,0.764001
6931,fin,2006,0.77311
6931,fin,2007,0.756536
6931,fin,2008,0.756667
6931,fin,2009,0.75501
6931,fin,2010,0.736076
6931,fin,2011,0.7352
6931,fin,2012,0.744981
6931,fin,2013,0.737769
6931,fin,2014,0.747182
6931,fin,2015,0.754877
6931,fin,2016,0.752603
6931,fin,1962,0.926105
6931,fin,1963,0.890751
6931,fin,1964,0.897077
6931,fin,1965,0.884991
6931,fin,1966,0.849151
6931,fin,1967,0.845603
6931,fin,1968,0.833508
6931,fin,1969,0.782566
6931,fin,1970,0.760026
6931,fin,1971,0.740775
6931,fin,1972,0.722419
6931,fin,1973,0.729106
6931,fin,1974,0.726458
6931,fin,1975,0.723765
6931,fin,1976,0.747292
6931,fin,1977,0.736263
6931,fin,1978,0.772842
6931,fin,1979,0.758716
6931,fin,1980,0.732319
6931,fin,1981,0.737823
6931,fin,1982,0.724166
6931,fin,1983,0.727154
6931,fin,1984,0.734256
6931,fin,1985,0.715926
6931,fin,1986,0.733846
6931,fin,1987,0.737295
6931,fji,1988,0.903878
6931,fji,1989,0.90391
6931,fji,1990,0.900901
6931,fji,1991,0.910846
6931,fji,1992,0.925031
6931,fji,1993,0.922342
6931,fji,1994,0.912864
6931,fji,1995,0.926862
6931,fji,1996,0.921492
6931,fji,1997,0.926736
6931,fji,1998,0.91634
6931,fji,1999,0.902432
6931,fji,2000,0.874589
6931,fji,2001,0.88886
6931,fji,2002,0.876021
6931,fji,2003,0.870553
6931,fji,2004,0.854209
6931,fji,2005,0.862596
6931,fji,2006,0.860292
6931,fji,2007,0.865084
6931,fji,2008,0.876024
6931,fji,2009,0.895318
6931,fji,2010,0.874033
6931,fji,2011,0.866196
6931,fji,2012,0.866581
6931,fji,2013,0.856658
6931,fji,2014,0.855039
6931,fji,2015,0.852803
6931,fji,2016,0.849118
6931,fji,1962,0.992831
6931,fji,1963,0.994779
6931,fji,1964,0.994467
6931,fji,1965,0.99262
6931,fji,1966,0.981126
6931,fji,1967,0.982282
6931,fji,1968,0.983259
6931,fji,1969,0.983066
6931,fji,1970,0.964526
6931,fji,1971,0.943475
6931,fji,1972,0.956056
6931,fji,1973,0.943357
6931,fji,1974,0.943187
6931,fji,1975,0.971092
6931,fji,1976,0.948531
6931,fji,1977,0.955168
6931,fji,1978,0.940715
6931,fji,1979,0.955093
6931,fji,1980,0.958477
6931,fji,1981,0.966156
6931,fji,1982,0.930216
6931,fji,1983,0.949362
6931,fji,1984,0.940446
6931,fji,1985,0.915515
6931,fji,1986,0.924436
6931,fji,1987,0.91785
6931,flk,1988,0.976007
6931,flk,1989,0.96444
6931,flk,1990,0.969255
6931,flk,1991,0.972118
6931,flk,1992,0.937458
6931,flk,1993,0.948506
6931,flk,1994,0.968162
6931,flk,1995,0.965362
6931,flk,1996,0.978808
6931,flk,1997,0.965991
6931,flk,1998,0.97255
6931,flk,1999,0.971289
6931,flk,2000,0.983881
6931,flk,2001,0.984309
6931,flk,2002,0.990209
6931,flk,2003,0.986426
6931,flk,2004,0.987016
6931,flk,2005,0.991514
6931,flk,2006,0.988345
6931,flk,2007,0.987337
6931,flk,2008,0.990049
6931,flk,2009,0.989536
6931,flk,2010,0.990936
6931,flk,2011,0.995109
6931,flk,2012,0.990512
6931,flk,2013,0.992382
6931,flk,2014,0.9875
6931,flk,2015,0.993464
6931,flk,2016,0.996977
6931,flk,1970,0.986118
6931,flk,1971,0.994219
6931,flk,1972,0.989736
6931,flk,1973,0.991
6931,flk,1974,0.979629
6931,flk,1975,0.978132
6931,flk,1976,0.986323
6931,flk,1977,0.981204
6931,flk,1978,0.981753
6931,flk,1979,0.980407
6931,flk,1980,0.983426
6931,flk,1981,0.972664
6931,flk,1982,0.962668
6931,flk,1983,0.976864
6931,flk,1984,0.964771
6931,flk,1985,0.958725
6931,flk,1986,0.940237
6931,flk,1987,0.927484
6931,fra,1988,0.53653
6931,fra,1989,0.549804
6931,fra,1990,0.549285
6931,fra,1991,0.551173
6931,fra,1992,0.531502
6931,fra,1993,0.516702
6931,fra,1994,0.51037
6931,fra,1995,0.537396
6931,fra,1996,0.533334
6931,fra,1997,0.512236
6931,fra,1998,0.53004
6931,fra,1999,0.523453
6931,fra,2000,0.505389
6931,fra,2001,0.518361
6931,fra,2002,0.531191
6931,fra,2003,0.521472
6931,fra,2004,0.519334
6931,fra,2005,0.53443
6931,fra,2006,0.52362
6931,fra,2007,0.51032
6931,fra,2008,0.541134
6931,fra,2009,0.559466
6931,fra,2010,0.560901
6931,fra,2011,0.572556
6931,fra,2012,0.555413
6931,fra,2013,0.577336
6931,fra,2014,0.5897
6931,fra,2015,0.637905
6931,fra,2016,0.6546
6931,fra,1962,0.378251
6931,fra,1963,0.358208
6931,fra,1964,0.385186
6931,fra,1965,0.387002
6931,fra,1966,0.427631
6931,fra,1967,0.419446
6931,fra,1968,0.394512
6931,fra,1969,0.376872
6931,fra,1970,0.393108
6931,fra,1971,0.415663
6931,fra,1972,0.433032
6931,fra,1973,0.392853
6931,fra,1974,0.340386
6931,fra,1975,0.34875
6931,fra,1976,0.390768
6931,fra,1977,0.404646
6931,fra,1978,0.432509
6931,fra,1979,0.404351
6931,fra,1980,0.393748
6931,fra,1981,0.398935
6931,fra,1982,0.428516
6931,fra,1983,0.435244
6931,fra,1984,0.453794
6931,fra,1985,0.441835
6931,fra,1986,0.501395
6931,fra,1987,0.535495
6931,fro,1988,0.979819
6931,fro,1989,0.983269
6931,fro,1990,0.981101
6931,fro,1991,0.985359
6931,fro,1992,0.981926
6931,fro,1993,0.987328
6931,fro,1994,0.977425
6931,fro,1995,0.98277
6931,fro,1996,0.979163
6931,fro,1997,0.979036
6931,fro,1998,0.980087
6931,fro,1999,0.979847
6931,fro,2000,0.972834
6931,fro,2001,0.982187
6931,fro,2002,0.970923
6931,fro,2003,0.97007
6931,fro,2004,0.982846
6931,fro,2005,0.986603
6931,fro,2006,0.974249
6931,fro,2007,0.975658
6931,fro,2008,0.971832
6931,fro,2009,0.97502
6931,fro,2010,0.983864
6931,fro,2011,0.98631
6931,fro,2012,0.98602
6931,fro,2013,0.981525
6931,fro,2014,0.980918
6931,fro,2015,0.981682
6931,fro,2016,0.983805
6931,fro,1962,0.979089
6931,fro,1965,0.989533
6931,fro,1966,0.97667
6931,fro,1967,0.981441
6931,fro,1968,0.967433
6931,fro,1970,0.986992
6931,fro,1971,0.990798
6931,fro,1972,0.980216
6931,fro,1973,0.981347
6931,fro,1974,0.966449
6931,fro,1975,0.980291
6931,fro,1976,0.98187
6931,fro,1977,0.97765
6931,fro,1978,0.982473
6931,fro,1979,0.98465
6931,fro,1980,0.979871
6931,fro,1981,0.981663
6931,fro,1982,0.980259
6931,fro,1983,0.980306
6931,fro,1984,0.983441
6931,fro,1985,0.9825
6931,fro,1986,0.982162
6931,fro,1987,0.983292
6931,gab,1988,0.982901
6931,gab,1989,0.988402
6931,gab,1990,0.989742
6931,gab,1991,0.991765
6931,gab,1992,0.988569
6931,gab,1993,0.992776
6931,gab,1994,0.990078
6931,gab,1995,0.987575
6931,gab,1996,0.984755
6931,gab,1997,0.987894
6931,gab,1998,0.981816
6931,gab,1999,0.97587
6931,gab,2000,0.984898
6931,gab,2001,0.985561
6931,gab,2002,0.98759
6931,gab,2003,0.98302
6931,gab,2004,0.980761
6931,gab,2005,0.984209
6931,gab,2006,0.980247
6931,gab,2007,0.985903
6931,gab,2008,0.986153
6931,gab,2009,0.981735
6931,gab,2010,0.9874
6931,gab,2011,0.987861
6931,gab,2012,0.988126
6931,gab,2013,0.986174
6931,gab,2014,0.989113
6931,gab,2015,0.988566
6931,gab,2016,0.989501
6931,gab,1962,0.99577
6931,gab,1963,0.994676
6931,gab,1964,0.990633
6931,gab,1965,0.994873
6931,gab,1966,0.993255
6931,gab,1967,0.993979
6931,gab,1968,0.991588
6931,gab,1969,0.991426
6931,gab,1970,0.987787
6931,gab,1971,0.988324
6931,gab,1972,0.987823
6931,gab,1973,0.989097
6931,gab,1974,0.991511
6931,gab,1975,0.991407
6931,gab,1976,0.990808
6931,gab,1977,0.989021
6931,gab,1978,0.985633
6931,gab,1979,0.985411
6931,gab,1980,0.98735
6931,gab,1981,0.986569
6931,gab,1982,0.988415
6931,gab,1983,0.985116
6931,gab,1984,0.989485
6931,gab,1985,0.992796
6931,gab,1986,0.986466
6931,gab,1987,0.978577
6931,gbr,1988,0.634323
6931,gbr,1989,0.650834
6931,gbr,1990,0.6526
6931,gbr,1991,0.619436
6931,gbr,1992,0.560864
6931,gbr,1993,0.624942
6931,gbr,1994,0.591984
6931,gbr,1995,0.614864
6931,gbr,1996,0.61706
6931,gbr,1997,0.599494
6931,gbr,1998,0.606128
6931,gbr,1999,0.68719
6931,gbr,2000,0.688906
6931,gbr,2001,0.682396
6931,gbr,2002,0.715171
6931,gbr,2003,0.690092
6931,gbr,2004,0.64779
6931,gbr,2005,0.690968
6931,gbr,2006,0.730819
6931,gbr,2007,0.675893
6931,gbr,2008,0.700762
6931,gbr,2009,0.68312
6931,gbr,2010,0.716471
6931,gbr,2011,0.731114
6931,gbr,2012,0.734165
6931,gbr,2013,0.739962
6931,gbr,2014,0.737144
6931,gbr,2015,0.759345
6931,gbr,2016,0.76799
6931,gbr,1962,0.385602
6931,gbr,1963,0.385217
6931,gbr,1964,0.388892
6931,gbr,1965,0.379344
6931,gbr,1966,0.477185
6931,gbr,1967,0.409066
6931,gbr,1968,0.398284
6931,gbr,1969,0.453751
6931,gbr,1970,0.472328
6931,gbr,1971,0.49989
6931,gbr,1972,0.461506
6931,gbr,1973,0.462538
6931,gbr,1974,0.3788
6931,gbr,1975,0.390943
6931,gbr,1976,0.369447
6931,gbr,1977,0.399139
6931,gbr,1978,0.452111
6931,gbr,1979,0.431171
6931,gbr,1980,0.460382
6931,gbr,1981,0.460329
6931,gbr,1982,0.521072
6931,gbr,1983,0.620657
6931,gbr,1984,0.612407
6931,gbr,1985,0.596963
6931,gbr,1986,0.617449
6931,gbr,1987,0.640361
6931,gha,1988,0.972847
6931,gha,1989,0.967278
6931,gha,1990,0.968782
6931,gha,1991,0.972528
6931,gha,1992,0.956834
6931,gha,1993,0.967195
6931,gha,1994,0.963224
6931,gha,1995,0.954524
6931,gha,1996,0.939616
6931,gha,1997,0.93074
6931,gha,1998,0.922415
6931,gha,1999,0.914682
6931,gha,2000,0.905093
6931,gha,2001,0.909617
6931,gha,2002,0.931574
6931,gha,2003,0.894349
6931,gha,2004,0.920431
6931,gha,2005,0.918541
6931,gha,2006,0.92373
6931,gha,2007,0.902541
6931,gha,2008,0.930966
6931,gha,2009,0.925137
6931,gha,2010,0.915003
6931,gha,2011,0.930484
6931,gha,2012,0.935235
6931,gha,2013,0.928324
6931,gha,2014,0.952126
6931,gha,2015,0.957614
6931,gha,2016,0.947334
6931,gha,1962,0.986982
6931,gha,1963,0.98951
6931,gha,1964,0.989075
6931,gha,1965,0.988732
6931,gha,1966,0.982921
6931,gha,1967,0.98512
6931,gha,1968,0.987205
6931,gha,1969,0.985801
6931,gha,1970,0.980306
6931,gha,1971,0.973236
6931,gha,1972,0.979116
6931,gha,1973,0.975109
6931,gha,1974,0.979051
6931,gha,1975,0.980644
6931,gha,1976,0.979926
6931,gha,1977,0.985409
6931,gha,1978,0.984543
6931,gha,1979,0.98399
6931,gha,1980,0.982783
6931,gha,1981,0.984003
6931,gha,1982,0.980753
6931,gha,1983,0.975053
6931,gha,1984,0.977046
6931,gha,1985,0.976004
6931,gha,1986,0.982232
6931,gha,1987,0.973286
6931,gib,1988,0.897901
6931,gib,1989,0.922108
6931,gib,1990,0.892448
6931,gib,1991,0.915406
6931,gib,1992,0.896144
6931,gib,1993,0.931178
6931,gib,1994,0.938663
6931,gib,1995,0.94249
6931,gib,1996,0.95903
6931,gib,1997,0.937588
6931,gib,1998,0.942187
6931,gib,1999,0.934349
6931,gib,2000,0.922808
6931,gib,2001,0.941786
6931,gib,2002,0.932723
6931,gib,2003,0.950121
6931,gib,2004,0.956291
6931,gib,2005,0.966957
6931,gib,2006,0.956241
6931,gib,2007,0.944782
6931,gib,2008,0.95893
6931,gib,2009,0.929227
6931,gib,2010,0.96971
6931,gib,2011,0.953594
6931,gib,2012,0.978141
6931,gib,2013,0.980238
6931,gib,2014,0.988109
6931,gib,2015,0.987992
6931,gib,2016,0.985323
6931,gib,1962,0.979841
6931,gib,1963,0.965804
6931,gib,1964,0.996166
6931,gib,1965,0.986002
6931,gib,1966,0.989156
6931,gib,1967,0.981868
6931,gib,1968,0.993668
6931,gib,1969,0.995143
6931,gib,1970,0.852808
6931,gib,1971,0.93729
6931,gib,1972,0.828421
6931,gib,1973,0.805259
6931,gib,1974,0.863886
6931,gib,1975,0.773965
6931,gib,1976,0.848778
6931,gib,1977,0.867503
6931,gib,1978,0.862064
6931,gib,1979,0.858089
6931,gib,1980,0.848578
6931,gib,1981,0.836055
6931,gib,1982,0.86071
6931,gib,1983,0.928091
6931,gib,1984,0.863452
6931,gib,1985,0.895031
6931,gib,1986,0.844398
6931,gib,1987,0.831932
6931,gin,1988,0.988844
6931,gin,1989,0.982905
6931,gin,1990,0.982318
6931,gin,1991,0.980061
6931,gin,1992,0.981478
6931,gin,1993,0.985258
6931,gin,1994,0.979962
6931,gin,1995,0.956527
6931,gin,1996,0.964903
6931,gin,1997,0.969453
6931,gin,1998,0.974604
6931,gin,1999,0.975091
6931,gin,2000,0.971558
6931,gin,2001,0.96506
6931,gin,2002,0.973324
6931,gin,2003,0.967976
6931,gin,2004,0.960359
6931,gin,2005,0.975762
6931,gin,2006,0.971025
6931,gin,2007,0.977024
6931,gin,2008,0.973782
6931,gin,2009,0.979115
6931,gin,2010,0.981345
6931,gin,2011,0.983396
6931,gin,2012,0.978568
6931,gin,2013,0.976206
6931,gin,2014,0.975039
6931,gin,2015,0.963894
6931,gin,2016,0.970057
6931,gin,1962,0.985458
6931,gin,1963,0.988801
6931,gin,1964,0.986996
6931,gin,1965,0.988347
6931,gin,1966,0.982071
6931,gin,1967,0.989933
6931,gin,1968,0.990791
6931,gin,1969,0.989093
6931,gin,1970,0.987474
6931,gin,1971,0.986431
6931,gin,1972,0.993602
6931,gin,1973,0.991969
6931,gin,1974,0.988907
6931,gin,1975,0.993201
6931,gin,1976,0.994996
6931,gin,1977,0.993511
6931,gin,1978,0.997453
6931,gin,1979,0.994295
6931,gin,1980,0.998314
6931,gin,1981,0.996241
6931,gin,1982,0.994168
6931,gin,1983,0.995264
6931,gin,1984,0.992448
6931,gin,1985,0.991239
6931,gin,1986,0.983803
6931,gin,1987,0.991258
6931,glp,1988,0.968685
6931,glp,1989,0.957211
6931,glp,1990,0.941502
6931,glp,1991,0.960592
6931,glp,1992,0.959574
6931,glp,1993,0.939946
6931,glp,1994,0.92959
6931,glp,1995,0.934479
6931,glp,1962,0.997775
6931,glp,1963,0.997431
6931,glp,1964,0.992529
6931,glp,1965,0.994709
6931,glp,1966,0.987537
6931,glp,1967,0.987848
6931,glp,1968,0.994203
6931,glp,1969,0.991365
6931,glp,1970,0.96899
6931,glp,1971,0.990926
6931,glp,1972,0.988298
6931,glp,1973,0.988041
6931,glp,1974,0.983507
6931,glp,1975,0.983142
6931,glp,1976,0.973281
6931,glp,1977,0.979681
6931,glp,1978,0.969262
6931,glp,1979,0.958064
6931,glp,1980,0.94774
6931,glp,1981,0.952336
6931,glp,1982,0.952383
6931,glp,1983,0.959168
6931,glp,1984,0.963701
6931,glp,1985,0.939914
6931,glp,1986,0.964191
6931,glp,1987,0.958594
6931,gmb,1988,0.974667
6931,gmb,1989,0.984773
6931,gmb,1990,0.979675
6931,gmb,1991,0.985303
6931,gmb,1992,0.984963
6931,gmb,1993,0.97667
6931,gmb,1994,0.974857
6931,gmb,1995,0.975235
6931,gmb,1996,0.970075
6931,gmb,1997,0.97216
6931,gmb,1998,0.959079
6931,gmb,1999,0.952149
6931,gmb,2000,0.920591
6931,gmb,2001,0.911818
6931,gmb,2002,0.888772
6931,gmb,2003,0.899412
6931,gmb,2004,0.897655
6931,gmb,2005,0.899031
6931,gmb,2006,0.938262
6931,gmb,2007,0.942277
6931,gmb,2008,0.946408
6931,gmb,2009,0.938934
6931,gmb,2010,0.949482
6931,gmb,2011,0.971433
6931,gmb,2012,0.97038
6931,gmb,2013,0.96349
6931,gmb,2014,0.964334
6931,gmb,2015,0.97535
6931,gmb,2016,0.970348
6931,gmb,1962,0.9947
6931,gmb,1963,0.986689
6931,gmb,1964,0.973439
6931,gmb,1965,0.985573
6931,gmb,1966,0.990859
6931,gmb,1967,0.993829
6931,gmb,1968,0.990917
6931,gmb,1969,0.996127
6931,gmb,1970,0.992799
6931,gmb,1971,0.989431
6931,gmb,1972,0.990738
6931,gmb,1973,0.973803
6931,gmb,1974,0.98757
6931,gmb,1975,0.982508
6931,gmb,1976,0.98192
6931,gmb,1977,0.984362
6931,gmb,1978,0.982206
6931,gmb,1979,0.981153
6931,gmb,1980,0.980373
6931,gmb,1981,0.964521
6931,gmb,1982,0.971708
6931,gmb,1983,0.970971
6931,gmb,1984,0.976192
6931,gmb,1985,0.975433
6931,gmb,1986,0.976732
6931,gmb,1987,0.965992
6931,gnb,1988,0.981638
6931,gnb,1989,0.975955
6931,gnb,1990,0.973907
6931,gnb,1991,0.97095
6931,gnb,1992,0.969576
6931,gnb,1993,0.986537
6931,gnb,1994,0.985785
6931,gnb,1995,0.986712
6931,gnb,1996,0.987386
6931,gnb,1997,0.976955
6931,gnb,1998,0.971418
6931,gnb,1999,0.984828
6931,gnb,2000,0.980318
6931,gnb,2001,0.985732
6931,gnb,2002,0.966325
6931,gnb,2003,0.951505
6931,gnb,2004,0.968661
6931,gnb,2005,0.94603
6931,gnb,2006,0.978643
6931,gnb,2007,0.978363
6931,gnb,2008,0.984383
6931,gnb,2009,0.984644
6931,gnb,2010,0.990405
6931,gnb,2011,0.984072
6931,gnb,2012,0.986954
6931,gnb,2013,0.986785
6931,gnb,2014,0.986924
6931,gnb,2015,0.9899
6931,gnb,2016,0.98841
6931,gnb,1962,0.992033
6931,gnb,1963,0.985995
6931,gnb,1964,0.978662
6931,gnb,1965,0.986317
6931,gnb,1966,0.973843
6931,gnb,1967,0.983959
6931,gnb,1968,0.98941
6931,gnb,1969,0.977745
6931,gnb,1970,0.975629
6931,gnb,1971,0.966445
6931,gnb,1972,0.966363
6931,gnb,1973,0.971872
6931,gnb,1974,0.975378
6931,gnb,1975,0.979068
6931,gnb,1976,0.978436
6931,gnb,1977,0.980179
6931,gnb,1978,0.971404
6931,gnb,1979,0.980795
6931,gnb,1980,0.983825
6931,gnb,1981,0.977004
6931,gnb,1982,0.974702
6931,gnb,1983,0.985248
6931,gnb,1984,0.983521
6931,gnb,1985,0.96024
6931,gnb,1986,0.96551
6931,gnb,1987,0.974083
6931,gnq,1988,0.98959
6931,gnq,1989,0.989631
6931,gnq,1990,0.986441
6931,gnq,1991,0.98593
6931,gnq,1992,0.987853
6931,gnq,1993,0.983927
6931,gnq,1994,0.983494
6931,gnq,1995,0.98851
6931,gnq,1996,0.984297
6931,gnq,1997,0.989278
6931,gnq,1998,0.987794
6931,gnq,1999,0.987847
6931,gnq,2000,0.993199
6931,gnq,2001,0.992819
6931,gnq,2002,0.990175
6931,gnq,2003,0.994659
6931,gnq,2004,0.995044
6931,gnq,2005,0.994444
6931,gnq,2006,0.996053
6931,gnq,2007,0.992431
6931,gnq,2008,0.994644
6931,gnq,2009,0.995224
6931,gnq,2010,0.991566
6931,gnq,2011,0.993542
6931,gnq,2012,0.994406
6931,gnq,2013,0.993237
6931,gnq,2014,0.995398
6931,gnq,2015,0.995048
6931,gnq,2016,0.996079
6931,gnq,1962,0.955699
6931,gnq,1963,0.976208
6931,gnq,1964,0.979828
6931,gnq,1965,0.988917
6931,gnq,1966,0.985183
6931,gnq,1967,0.990229
6931,gnq,1968,0.97085
6931,gnq,1969,0.991149
6931,gnq,1970,0.980192
6931,gnq,1971,0.990567
6931,gnq,1972,0.989374
6931,gnq,1973,0.993111
6931,gnq,1974,0.995378
6931,gnq,1975,0.994131
6931,gnq,1976,0.990486
6931,gnq,1977,0.990365
6931,gnq,1978,0.993107
6931,gnq,1979,0.990041
6931,gnq,1980,0.982269
6931,gnq,1981,0.988103
6931,gnq,1982,0.961469
6931,gnq,1983,0.983617
6931,gnq,1984,0.988578
6931,gnq,1985,0.990849
6931,gnq,1986,0.987103
6931,gnq,1987,0.991745
6931,grc,1988,0.772897
6931,grc,1989,0.763543
6931,grc,1990,0.740691
6931,grc,1991,0.771358
6931,grc,1992,0.768576
6931,grc,1993,0.727286
6931,grc,1994,0.755699
6931,grc,1995,0.705472
6931,grc,1996,0.694967
6931,grc,1997,0.692828
6931,grc,1998,0.671325
6931,grc,1999,0.666148
6931,grc,2000,0.676239
6931,grc,2001,0.671668
6931,grc,2002,0.691686
6931,grc,2003,0.689752
6931,grc,2004,0.644587
6931,grc,2005,0.692187
6931,grc,2006,0.686776
6931,grc,2007,0.684086
6931,grc,2008,0.692556
6931,grc,2009,0.730831
6931,grc,2010,0.721671
6931,grc,2011,0.734694
6931,grc,2012,0.73935
6931,grc,2013,0.726938
6931,grc,2014,0.753376
6931,grc,2015,0.732174
6931,grc,2016,0.754423
6931,grc,1962,0.933208
6931,grc,1963,0.934324
6931,grc,1964,0.926783
6931,grc,1965,0.922439
6931,grc,1966,0.903297
6931,grc,1967,0.904661
6931,grc,1968,0.899078
6931,grc,1969,0.875969
6931,grc,1970,0.832571
6931,grc,1971,0.815402
6931,grc,1972,0.814254
6931,grc,1973,0.780287
6931,grc,1974,0.78354
6931,grc,1975,0.776609
6931,grc,1976,0.768378
6931,grc,1977,0.757749
6931,grc,1978,0.743358
6931,grc,1979,0.764589
6931,grc,1980,0.764768
6931,grc,1981,0.758997
6931,grc,1982,0.732843
6931,grc,1983,0.747515
6931,grc,1984,0.732417
6931,grc,1985,0.740546
6931,grc,1986,0.746542
6931,grc,1987,0.739665
6931,grd,1988,0.945373
6931,grd,1989,0.945935
6931,grd,1990,0.931447
6931,grd,1991,0.933826
6931,grd,1992,0.943223
6931,grd,1993,0.95646
6931,grd,1994,0.944023
6931,grd,1995,0.925009
6931,grd,1996,0.935112
6931,grd,1997,0.941154
6931,grd,1998,0.956302
6931,grd,1999,0.950751
6931,grd,2000,0.932552
6931,grd,2001,0.927436
6931,grd,2002,0.921651
6931,grd,2003,0.919306
6931,grd,2004,0.943635
6931,grd,2005,0.943033
6931,grd,2006,0.937124
6931,grd,2007,0.946307
6931,grd,2008,0.928917
6931,grd,2009,0.944105
6931,grd,2010,0.946091
6931,grd,2011,0.930005
6931,grd,2012,0.946975
6931,grd,2013,0.950125
6931,grd,2014,0.944781
6931,grd,2015,0.945505
6931,grd,2016,0.954897
6931,grd,1965,0.999005
6931,grd,1969,0.999576
6931,grd,1970,0.982243
6931,grd,1971,0.980906
6931,grd,1972,0.961849
6931,grd,1973,0.898341
6931,grd,1974,0.907561
6931,grd,1975,0.873449
6931,grd,1976,0.983714
6931,grd,1977,0.937517
6931,grd,1978,0.967051
6931,grd,1979,0.984445
6931,grd,1980,0.96366
6931,grd,1981,0.961254
6931,grd,1982,0.943204
6931,grd,1983,0.957454
6931,grd,1984,0.977531
6931,grd,1985,0.968578
6931,grd,1986,0.975379
6931,grd,1987,0.968382
6931,grl,1988,0.985043
6931,grl,1989,0.981756
6931,grl,1990,0.981686
6931,grl,1991,0.9803
6931,grl,1992,0.989849
6931,grl,1993,0.988409
6931,grl,1994,0.988872
6931,grl,1995,0.979464
6931,grl,1996,0.979023
6931,grl,1997,0.979039
6931,grl,1998,0.981303
6931,grl,1999,0.982955
6931,grl,2000,0.972146
6931,grl,2001,0.967979
6931,grl,2002,0.978349
6931,grl,2003,0.981984
6931,grl,2004,0.982319
6931,grl,2005,0.984689
6931,grl,2006,0.980367
6931,grl,2007,0.978739
6931,grl,2008,0.974698
6931,grl,2009,0.981504
6931,grl,2010,0.978569
6931,grl,2011,0.974766
6931,grl,2012,0.978879
6931,grl,2013,0.978271
6931,grl,2014,0.978777
6931,grl,2015,0.978238
6931,grl,2016,0.978596
6931,grl,1962,0
6931,grl,1964,0
6931,grl,1965,0
6931,grl,1966,0.997617
6931,grl,1967,0
6931,grl,1968,0
6931,grl,1969,0.989063
6931,grl,1970,0.959997
6931,grl,1971,0.970052
6931,grl,1972,0.967215
6931,grl,1973,0.967229
6931,grl,1974,0.97928
6931,grl,1975,0.975353
6931,grl,1976,0.976404
6931,grl,1977,0.973289
6931,grl,1978,0.976832
6931,grl,1979,0.978407
6931,grl,1980,0.979218
6931,grl,1981,0.975866
6931,grl,1982,0.978492
6931,grl,1983,0.983045
6931,grl,1984,0.977652
6931,grl,1985,0.980712
6931,grl,1986,0.985132
6931,grl,1987,0.986328
6931,gtm,1988,0.830988
6931,gtm,1989,0.82674
6931,gtm,1990,0.796521
6931,gtm,1991,0.816673
6931,gtm,1992,0.810871
6931,gtm,1993,0.800246
6931,gtm,1994,0.805034
6931,gtm,1995,0.802245
6931,gtm,1996,0.807208
6931,gtm,1997,0.813927
6931,gtm,1998,0.814138
6931,gtm,1999,0.794942
6931,gtm,2000,0.803374
6931,gtm,2001,0.799908
6931,gtm,2002,0.813974
6931,gtm,2003,0.803523
6931,gtm,2004,0.810589
6931,gtm,2005,0.79468
6931,gtm,2006,0.78086
6931,gtm,2007,0.772172
6931,gtm,2008,0.801957
6931,gtm,2009,0.841714
6931,gtm,2010,0.822471
6931,gtm,2011,0.815188
6931,gtm,2012,0.803788
6931,gtm,2013,0.796468
6931,gtm,2014,0.807289
6931,gtm,2015,0.784699
6931,gtm,2016,0.795147
6931,gtm,1962,0.991973
6931,gtm,1963,0.951398
6931,gtm,1964,0.92305
6931,gtm,1965,0.904601
6931,gtm,1966,0.877768
6931,gtm,1967,0.868102
6931,gtm,1968,0.889136
6931,gtm,1969,0.86247
6931,gtm,1970,0.849138
6931,gtm,1971,0.84186
6931,gtm,1972,0.859496
6931,gtm,1973,0.843155
6931,gtm,1974,0.850195
6931,gtm,1975,0.841205
6931,gtm,1976,0.871879
6931,gtm,1977,0.882187
6931,gtm,1978,0.970995
6931,gtm,1979,0.97022
6931,gtm,1980,0.96176
6931,gtm,1981,0.974034
6931,gtm,1982,0.963128
6931,gtm,1983,0.961108
6931,gtm,1984,0.943645
6931,gtm,1985,0.951578
6931,gtm,1986,0.861133
6931,gtm,1987,0.821327
6931,guf,1988,0.961715
6931,guf,1989,0.953582
6931,guf,1990,0.95846
6931,guf,1991,0.95229
6931,guf,1992,0.953249
6931,guf,1993,0.951582
6931,guf,1994,0.958093
6931,guf,1995,0.954229
6931,guf,1962,0.995577
6931,guf,1963,0.995485
6931,guf,1964,0.993272
6931,guf,1965,0.98777
6931,guf,1966,0.984634
6931,guf,1967,0.98108
6931,guf,1968,0.977572
6931,guf,1969,0.984189
6931,guf,1970,0.973381
6931,guf,1971,0.975169
6931,guf,1972,0.967764
6931,guf,1973,0.960856
6931,guf,1974,0.970586
6931,guf,1975,0.94382
6931,guf,1976,0.944017
6931,guf,1977,0.965114
6931,guf,1978,0.960662
6931,guf,1979,0.96504
6931,guf,1980,0.972657
6931,guf,1981,0.968008
6931,guf,1982,0.9643
6931,guf,1983,0.967973
6931,guf,1984,0.951659
6931,guf,1985,0.947293
6931,guf,1986,0.961535
6931,guf,1987,0.967728
6931,guy,1988,0.957945
6931,guy,1989,0.962994
6931,guy,1990,0.952621
6931,guy,1991,0.957294
6931,guy,1992,0.955204
6931,guy,1993,0.955303
6931,guy,1994,0.946814
6931,guy,1995,0.945944
6931,guy,1996,0.952261
6931,guy,1997,0.942713
6931,guy,1998,0.935626
6931,guy,1999,0.940459
6931,guy,2000,0.936913
6931,guy,2001,0.92769
6931,guy,2002,0.93222
6931,guy,2003,0.924919
6931,guy,2004,0.929871
6931,guy,2005,0.933491
6931,guy,2006,0.930532
6931,guy,2007,0.937304
6931,guy,2008,0.950079
6931,guy,2009,0.948605
6931,guy,2010,0.954621
6931,guy,2011,0.957867
6931,guy,2012,0.946392
6931,guy,2013,0.939109
6931,guy,2014,0.948946
6931,guy,2015,0.933749
6931,guy,2016,0.944198
6931,guy,1962,0.980502
6931,guy,1963,0.983114
6931,guy,1964,0.985783
6931,guy,1965,0.978982
6931,guy,1966,0.97812
6931,guy,1967,0.977552
6931,guy,1968,0.980873
6931,guy,1969,0.981591
6931,guy,1970,0.973804
6931,guy,1971,0.967023
6931,guy,1972,0.969947
6931,guy,1973,0.963493
6931,guy,1974,0.958148
6931,guy,1975,0.958857
6931,guy,1976,0.939854
6931,guy,1977,0.936661
6931,guy,1978,0.982456
6931,guy,1979,0.964477
6931,guy,1980,0.96647
6931,guy,1981,0.965769
6931,guy,1982,0.962797
6931,guy,1983,0.957409
6931,guy,1984,0.952545
6931,guy,1985,0.965902
6931,guy,1986,0.967864
6931,guy,1987,0.963704
6931,hkg,1988,0.719225
6931,hkg,1989,0.730432
6931,hkg,1990,0.720128
6931,hkg,1991,0.71782
6931,hkg,1992,0.731788
6931,hkg,1993,0.725441
6931,hkg,1994,0.72268
6931,hkg,1995,0.715606
6931,hkg,1996,0.731158
6931,hkg,1997,0.741548
6931,hkg,1998,0.758081
6931,hkg,1999,0.742502
6931,hkg,2000,0.746282
6931,hkg,2001,0.76113
6931,hkg,2002,0.774834
6931,hkg,2003,0.798558
6931,hkg,2004,0.773987
6931,hkg,2005,0.774409
6931,hkg,2006,0.779301
6931,hkg,2007,0.768037
6931,hkg,2008,0.756532
6931,hkg,2009,0.772287
6931,hkg,2010,0.769417
6931,hkg,2011,0.751498
6931,hkg,2012,0.795195
6931,hkg,2013,0.830556
6931,hkg,2014,0.8173
6931,hkg,2015,0.781135
6931,hkg,2016,0.836519
6931,hkg,1962,0.747876
6931,hkg,1963,0.749278
6931,hkg,1964,0.769737
6931,hkg,1965,0.762328
6931,hkg,1966,0.726703
6931,hkg,1967,0.757217
6931,hkg,1968,0.787819
6931,hkg,1969,0.774047
6931,hkg,1970,0.779687
6931,hkg,1971,0.755841
6931,hkg,1972,0.765397
6931,hkg,1973,0.718087
6931,hkg,1974,0.712
6931,hkg,1975,0.720124
6931,hkg,1976,0.742641
6931,hkg,1977,0.735883
6931,hkg,1978,0.76534
6931,hkg,1979,0.75556
6931,hkg,1980,0.729569
6931,hkg,1981,0.726786
6931,hkg,1982,0.727833
6931,hkg,1983,0.731684
6931,hkg,1984,0.72728
6931,hkg,1985,0.71128
6931,hkg,1986,0.745729
6931,hkg,1987,0.743123
6931,hnd,1988,0.914127
6931,hnd,1989,0.904615
6931,hnd,1990,0.874307
6931,hnd,1991,0.895033
6931,hnd,1992,0.885932
6931,hnd,1993,0.895425
6931,hnd,1994,0.894742
6931,hnd,1995,0.895083
6931,hnd,1996,0.878215
6931,hnd,1997,0.877285
6931,hnd,1998,0.871045
6931,hnd,1999,0.860154
6931,hnd,2000,0.851002
6931,hnd,2001,0.861776
6931,hnd,2002,0.861929
6931,hnd,2003,0.859396
6931,hnd,2004,0.860968
6931,hnd,2005,0.873372
6931,hnd,2006,0.860164
6931,hnd,2007,0.854716
6931,hnd,2008,0.869502
6931,hnd,2009,0.89835
6931,hnd,2010,0.868191
6931,hnd,2011,0.868042
6931,hnd,2012,0.841532
6931,hnd,2013,0.852397
6931,hnd,2014,0.823901
6931,hnd,2015,0.809406
6931,hnd,2016,0.84979
6931,hnd,1962,0.991293
6931,hnd,1963,0.951689
6931,hnd,1964,0.967162
6931,hnd,1965,0.979261
6931,hnd,1966,0.96166
6931,hnd,1967,0.950579
6931,hnd,1968,0.959208
6931,hnd,1969,0.945982
6931,hnd,1970,0.921229
6931,hnd,1971,0.959053
6931,hnd,1972,0.962702
6931,hnd,1973,0.954778
6931,hnd,1974,0.921908
6931,hnd,1975,0.908996
6931,hnd,1976,0.932681
6931,hnd,1977,0.929466
6931,hnd,1978,0.970394
6931,hnd,1979,0.966625
6931,hnd,1980,0.958146
6931,hnd,1981,0.96077
6931,hnd,1982,0.956769
6931,hnd,1983,0.952252
6931,hnd,1984,0.94973
6931,hnd,1985,0.949098
6931,hnd,1986,0.926726
6931,hnd,1987,0.918516
6931,hti,1988,0.891185
6931,hti,1989,0.906484
6931,hti,1990,0.896373
6931,hti,1991,0.908554
6931,hti,1992,0.904271
6931,hti,1993,0.914877
6931,hti,1994,0.922384
6931,hti,1995,0.900021
6931,hti,1996,0.919741
6931,hti,1997,0.920814
6931,hti,1998,0.93142
6931,hti,1999,0.927943
6931,hti,2000,0.932029
6931,hti,2001,0.926186
6931,hti,2002,0.923429
6931,hti,2003,0.923632
6931,hti,2004,0.93176
6931,hti,2005,0.933573
6931,hti,2006,0.933772
6931,hti,2007,0.940791
6931,hti,2008,0.946373
6931,hti,2009,0.953753
6931,hti,2010,0.950531
6931,hti,2011,0.952157
6931,hti,2012,0.948371
6931,hti,2013,0.946022
6931,hti,2014,0.955027
6931,hti,2015,0.942529
6931,hti,2016,0.952501
6931,hti,1962,0.960855
6931,hti,1963,0.962221
6931,hti,1964,0.948643
6931,hti,1965,0.96599
6931,hti,1966,0.945994
6931,hti,1967,0.942361
6931,hti,1968,0.943289
6931,hti,1969,0.916246
6931,hti,1970,0.902156
6931,hti,1971,0.875039
6931,hti,1972,0.873049
6931,hti,1973,0.838581
6931,hti,1974,0.838785
6931,hti,1975,0.844154
6931,hti,1976,0.870164
6931,hti,1977,0.859103
6931,hti,1978,0.900493
6931,hti,1979,0.881603
6931,hti,1980,0.881801
6931,hti,1981,0.874854
6931,hti,1982,0.875159
6931,hti,1983,0.883851
6931,hti,1984,0.887926
6931,hti,1985,0.888676
6931,hti,1986,0.901698
6931,hti,1987,0.891784
6931,hun,1988,0.599104
6931,hun,1989,0.57105
6931,hun,1990,0.581398
6931,hun,1991,0.596169
6931,hun,1992,0.567586
6931,hun,1993,0.588739
6931,hun,1994,0.574949
6931,hun,1995,0.594771
6931,hun,1996,0.594125
6931,hun,1997,0.672297
6931,hun,1998,0.670618
6931,hun,1999,0.673147
6931,hun,2000,0.698301
6931,hun,2001,0.670849
6931,hun,2002,0.694118
6931,hun,2003,0.676261
6931,hun,2004,0.701072
6931,hun,2005,0.716412
6931,hun,2006,0.694072
6931,hun,2007,0.676053
6931,hun,2008,0.682869
6931,hun,2009,0.692054
6931,hun,2010,0.659479
6931,hun,2011,0.659172
6931,hun,2012,0.649542
6931,hun,2013,0.654247
6931,hun,2014,0.663978
6931,hun,2015,0.6785
6931,hun,2016,0.679996
6931,hun,1962,0.6792
6931,hun,1963,0.699727
6931,hun,1964,0.871619
6931,hun,1965,0.878162
6931,hun,1966,0.687259
6931,hun,1967,0.849178
6931,hun,1968,0.838633
6931,hun,1969,0.793016
6931,hun,1970,0.773577
6931,hun,1971,0.760424
6931,hun,1972,0.826575
6931,hun,1973,0.79846
6931,hun,1974,0.774095
6931,hun,1975,0.775017
6931,hun,1976,0.702044
6931,hun,1977,0.688397
6931,hun,1978,0.840579
6931,hun,1979,0.83455
6931,hun,1980,0.796736
6931,hun,1981,0.835831
6931,hun,1982,0.742372
6931,hun,1983,0.71183
6931,hun,1984,0.722776
6931,hun,1985,0.730914
6931,hun,1986,0.756331
6931,hun,1987,0.684021
6931,idn,1988,0.888003
6931,idn,1989,0.838754
6931,idn,1990,0.814554
6931,idn,1991,0.813704
6931,idn,1992,0.812782
6931,idn,1993,0.811148
6931,idn,1994,0.808356
6931,idn,1995,0.775819
6931,idn,1996,0.765049
6931,idn,1997,0.783472
6931,idn,1998,0.757744
6931,idn,1999,0.716051
6931,idn,2000,0.722034
6931,idn,2001,0.718624
6931,idn,2002,0.704809
6931,idn,2003,0.719471
6931,idn,2004,0.734406
6931,idn,2005,0.742248
6931,idn,2006,0.726557
6931,idn,2007,0.736569
6931,idn,2008,0.751577
6931,idn,2009,0.780446
6931,idn,2010,0.778805
6931,idn,2011,0.772573
6931,idn,2012,0.735796
6931,idn,2013,0.727823
6931,idn,2014,0.728604
6931,idn,2015,0.693635
6931,idn,2016,0.713297
6931,idn,1962,0.983708
6931,idn,1963,0.979392
6931,idn,1964,0.981819
6931,idn,1965,0.985183
6931,idn,1966,0.971295
6931,idn,1967,0.976125
6931,idn,1968,0.983466
6931,idn,1969,0.972435
6931,idn,1970,0.96221
6931,idn,1971,0.963541
6931,idn,1972,0.975948
6931,idn,1973,0.968997
6931,idn,1974,0.975769
6931,idn,1975,0.96988
6931,idn,1976,0.97453
6931,idn,1977,0.971422
6931,idn,1978,0.96275
6931,idn,1979,0.96634
6931,idn,1980,0.963572
6931,idn,1981,0.9699
6931,idn,1982,0.955929
6931,idn,1983,0.953324
6931,idn,1984,0.940353
6931,idn,1985,0.943466
6931,idn,1986,0.928379
6931,idn,1987,0.89094
6931,ind,1988,0.747021
6931,ind,1989,0.723898
6931,ind,1990,0.708512
6931,ind,1991,0.705787
6931,ind,1992,0.710203
6931,ind,1993,0.712586
6931,ind,1994,0.703029
6931,ind,1995,0.678633
6931,ind,1996,0.666656
6931,ind,1997,0.671538
6931,ind,1998,0.671807
6931,ind,1999,0.650436
6931,ind,2000,0.630865
6931,ind,2001,0.63732
6931,ind,2002,0.627086
6931,ind,2003,0.624991
6931,ind,2004,0.65567
6931,ind,2005,0.651626
6931,ind,2006,0.626584
6931,ind,2007,0.645715
6931,ind,2008,0.635291
6931,ind,2009,0.658262
6931,ind,2010,0.668308
6931,ind,2011,0.665524
6931,ind,2012,0.653106
6931,ind,2013,0.649184
6931,ind,2014,0.629888
6931,ind,2015,0.606827
6931,ind,2016,0.604701
6931,ind,1962,0.901818
6931,ind,1963,0.881215
6931,ind,1964,0.897536
6931,ind,1965,0.906399
6931,ind,1966,0.88437
6931,ind,1967,0.900178
6931,ind,1968,0.888016
6931,ind,1969,0.849528
6931,ind,1970,0.816082
6931,ind,1971,0.77759
6931,ind,1972,0.814068
6931,ind,1973,0.80478
6931,ind,1974,0.768808
6931,ind,1975,0.758373
6931,ind,1976,0.78263
6931,ind,1977,0.731475
6931,ind,1978,0.718276
6931,ind,1979,0.734202
6931,ind,1980,0.736356
6931,ind,1981,0.728486
6931,ind,1982,0.79553
6931,ind,1983,0.807066
6931,ind,1984,0.790913
6931,ind,1985,0.80826
6931,ind,1986,0.816054
6931,ind,1987,0.746582
6931,iot,1988,0.941194
6931,iot,1989,0.980026
6931,iot,1990,0.932519
6931,iot,1991,0.975829
6931,iot,1992,0.969836
6931,iot,1993,0.967687
6931,iot,1994,0.971891
6931,iot,1995,0.975427
6931,iot,1996,0.968785
6931,iot,1997,0.981535
6931,iot,1998,0.967826
6931,iot,1999,0.979605
6931,iot,2000,0.973091
6931,iot,2001,0.982276
6931,iot,2002,0.974144
6931,iot,2003,0.900229
6931,iot,2004,0.912743
6931,iot,2005,0.91566
6931,iot,2006,0.906261
6931,iot,2007,0.923253
6931,iot,2008,0.934165
6931,iot,2009,0.925125
6931,iot,2010,0.923163
6931,iot,2011,0.935923
6931,iot,2012,0.955595
6931,iot,2013,0.962958
6931,iot,2014,0.977858
6931,iot,2015,0.970538
6931,iot,2016,0.949391
6931,iot,1969,0
6931,iot,1970,0
6931,iot,1971,0.996426
6931,iot,1972,0.998013
6931,iot,1973,0.995218
6931,iot,1974,0.982746
6931,iot,1975,0.978331
6931,iot,1976,0.943921
6931,iot,1977,0.94686
6931,iot,1978,0.982196
6931,iot,1979,0.993924
6931,iot,1980,0.982023
6931,iot,1981,0.982993
6931,iot,1982,0.974118
6931,iot,1983,0.978417
6931,iot,1984,0.9734
6931,iot,1985,0.990847
6931,iot,1986,0.984592
6931,iot,1987,0.967474
6931,irl,1988,0.756558
6931,irl,1989,0.773863
6931,irl,1990,0.768266
6931,irl,1991,0.75705
6931,irl,1992,0.78207
6931,irl,1993,0.799509
6931,irl,1994,0.793588
6931,irl,1995,0.80251
6931,irl,1996,0.822108
6931,irl,1997,0.823446
6931,irl,1998,0.872562
6931,irl,1999,0.88674
6931,irl,2000,0.887185
6931,irl,2001,0.895003
6931,irl,2002,0.911529
6931,irl,2003,0.906967
6931,irl,2004,0.903137
6931,irl,2005,0.900699
6931,irl,2006,0.901303
6931,irl,2007,0.88489
6931,irl,2008,0.89273
6931,irl,2009,0.898835
6931,irl,2010,0.891924
6931,irl,2011,0.893959
6931,irl,2012,0.883749
6931,irl,2013,0.88336
6931,irl,2014,0.888958
6931,irl,2015,0.901727
6931,irl,2016,0.92321
6931,irl,1962,0.762815
6931,irl,1963,0.780387
6931,irl,1964,0.769751
6931,irl,1965,0.752443
6931,irl,1966,0.716122
6931,irl,1967,0.737414
6931,irl,1968,0.760334
6931,irl,1969,0.725734
6931,irl,1970,0.710805
6931,irl,1971,0.675319
6931,irl,1972,0.698183
6931,irl,1973,0.63194
6931,irl,1974,0.627848
6931,irl,1975,0.64158
6931,irl,1976,0.589834
6931,irl,1977,0.602552
6931,irl,1978,0.713152
6931,irl,1979,0.704688
6931,irl,1980,0.671128
6931,irl,1981,0.695996
6931,irl,1982,0.695075
6931,irl,1983,0.718179
6931,irl,1984,0.714332
6931,irl,1985,0.723399
6931,irl,1986,0.756331
6931,irl,1987,0.75219
6931,irn,1988,0.981617
6931,irn,1989,0.973533
6931,irn,1990,0.976862
6931,irn,1991,0.976828
6931,irn,1992,0.977839
6931,irn,1993,0.967331
6931,irn,1994,0.957529
6931,irn,1995,0.936786
6931,irn,1996,0.946825
6931,irn,1997,0.934756
6931,irn,1998,0.916313
6931,irn,1999,0.902074
6931,irn,2000,0.921742
6931,irn,2001,0.922305
6931,irn,2002,0.926385
6931,irn,2003,0.942709
6931,irn,2004,0.939437
6931,irn,2005,0.94454
6931,irn,2006,0.941485
6931,irn,2007,0.942496
6931,irn,2008,0.958038
6931,irn,2009,0.959103
6931,irn,2010,0.949988
6931,irn,2011,0.961315
6931,irn,2012,0.950871
6931,irn,2013,0.92335
6931,irn,2014,0.941391
6931,irn,2015,0.913277
6931,irn,2016,0.916685
6931,irn,1962,0.985867
6931,irn,1963,0.976397
6931,irn,1964,0.977925
6931,irn,1965,0.978488
6931,irn,1966,0.974616
6931,irn,1967,0.984589
6931,irn,1968,0.985095
6931,irn,1969,0.981569
6931,irn,1970,0.976323
6931,irn,1971,0.977124
6931,irn,1972,0.983401
6931,irn,1973,0.980606
6931,irn,1974,0.992662
6931,irn,1975,0.99182
6931,irn,1976,0.994948
6931,irn,1977,0.990903
6931,irn,1978,0.987906
6931,irn,1979,0.986545
6931,irn,1980,0.985777
6931,irn,1981,0.98852
6931,irn,1982,0.990479
6931,irn,1983,0.995497
6931,irn,1984,0.987847
6931,irn,1985,0.987696
6931,irn,1986,0.981171
6931,irn,1987,0.976317
6931,irq,1988,0.979227
6931,irq,1989,0.979821
6931,irq,1990,0.982399
6931,irq,1991,0.982122
6931,irq,1992,0.983688
6931,irq,1993,0.993856
6931,irq,1994,0.993001
6931,irq,1995,0.990744
6931,irq,1996,0.95119
6931,irq,1997,0.99794
6931,irq,1998,0.996706
6931,irq,1999,0.997763
6931,irq,2000,0.999507
6931,irq,2001,0.997406
6931,irq,2002,0.997148
6931,irq,2003,0.988681
6931,irq,2004,0.984694
6931,irq,2005,0.996468
6931,irq,2006,0.994995
6931,irq,2007,0.996209
6931,irq,2008,0.998002
6931,irq,2009,0.996622
6931,irq,2010,0.999196
6931,irq,2011,0.999417
6931,irq,2012,0.998273
6931,irq,2013,0.996349
6931,irq,2014,0.996852
6931,irq,2015,0.994022
6931,irq,2016,0.994956
6931,irq,1962,0.99554
6931,irq,1963,0.991945
6931,irq,1964,0.99431
6931,irq,1965,0.995077
6931,irq,1966,0.993559
6931,irq,1967,0.989183
6931,irq,1968,0.993304
6931,irq,1969,0.989358
6931,irq,1970,0.988927
6931,irq,1971,0.987483
6931,irq,1972,0.987709
6931,irq,1973,0.987827
6931,irq,1974,0.997509
6931,irq,1975,0.997139
6931,irq,1976,0.996563
6931,irq,1977,0.995539
6931,irq,1978,0.996236
6931,irq,1979,0.996844
6931,irq,1980,0.997199
6931,irq,1981,0.996577
6931,irq,1982,0.995613
6931,irq,1983,0.995976
6931,irq,1984,0.989487
6931,irq,1985,0.991281
6931,irq,1986,0.991168
6931,irq,1987,0.985379
6931,isl,1988,0.951111
6931,isl,1989,0.953015
6931,isl,1990,0.948056
6931,isl,1991,0.951935
6931,isl,1992,0.95525
6931,isl,1993,0.953651
6931,isl,1994,0.937176
6931,isl,1995,0.944848
6931,isl,1996,0.94423
6931,isl,1997,0.93337
6931,isl,1998,0.941026
6931,isl,1999,0.937576
6931,isl,2000,0.941165
6931,isl,2001,0.93947
6931,isl,2002,0.936911
6931,isl,2003,0.940619
6931,isl,2004,0.942592
6931,isl,2005,0.943716
6931,isl,2006,0.944965
6931,isl,2007,0.940487
6931,isl,2008,0.941398
6931,isl,2009,0.940246
6931,isl,2010,0.944307
6931,isl,2011,0.943828
6931,isl,2012,0.943617
6931,isl,2013,0.931776
6931,isl,2014,0.940101
6931,isl,2015,0.936563
6931,isl,2016,0.938812
6931,isl,1962,0.981179
6931,isl,1963,0.970429
6931,isl,1964,0.97034
6931,isl,1965,0.978554
6931,isl,1966,0.975859
6931,isl,1967,0.972677
6931,isl,1968,0.963964
6931,isl,1969,0.958746
6931,isl,1970,0.947093
6931,isl,1971,0.949034
6931,isl,1972,0.942821
6931,isl,1973,0.950903
6931,isl,1974,0.960932
6931,isl,1975,0.938868
6931,isl,1976,0.940455
6931,isl,1977,0.93558
6931,isl,1978,0.94818
6931,isl,1979,0.944131
6931,isl,1980,0.946238
6931,isl,1981,0.947567
6931,isl,1982,0.94715
6931,isl,1983,0.942982
6931,isl,1984,0.937572
6931,isl,1985,0.939475
6931,isl,1986,0.950736
6931,isl,1987,0.936948
6931,isr,1988,0.793954
6931,isr,1989,0.798471
6931,isr,1990,0.787037
6931,isr,1991,0.808135
6931,isr,1992,0.795454
6931,isr,1993,0.811926
6931,isr,1994,0.793997
6931,isr,1995,0.773332
6931,isr,1996,0.781664
6931,isr,1997,0.78374
6931,isr,1998,0.798331
6931,isr,1999,0.796681
6931,isr,2000,0.764534
6931,isr,2001,0.777485
6931,isr,2002,0.801652
6931,isr,2003,0.822754
6931,isr,2004,0.819385
6931,isr,2005,0.816501
6931,isr,2006,0.787946
6931,isr,2007,0.820737
6931,isr,2008,0.826744
6931,isr,2009,0.807921
6931,isr,2010,0.827711
6931,isr,2011,0.840492
6931,isr,2012,0.829699
6931,isr,2013,0.83002
6931,isr,2014,0.842943
6931,isr,2015,0.865312
6931,isr,2016,0.842165
6931,isr,1962,0.818187
6931,isr,1963,0.797283
6931,isr,1964,0.811692
6931,isr,1965,0.833241
6931,isr,1966,0.82589
6931,isr,1967,0.855139
6931,isr,1968,0.872918
6931,isr,1969,0.85073
6931,isr,1970,0.828028
6931,isr,1971,0.824677
6931,isr,1972,0.833285
6931,isr,1973,0.828656
6931,isr,1974,0.786962
6931,isr,1975,0.791073
6931,isr,1976,0.786352
6931,isr,1977,0.797594
6931,isr,1978,0.831375
6931,isr,1979,0.819961
6931,isr,1980,0.810021
6931,isr,1981,0.788452
6931,isr,1982,0.763486
6931,isr,1983,0.780327
6931,isr,1984,0.774756
6931,isr,1985,0.782085
6931,isr,1986,0.814016
6931,isr,1987,0.80598
6931,ita,1988,0.535279
6931,ita,1989,0.539794
6931,ita,1990,0.552308
6931,ita,1991,0.542293
6931,ita,1992,0.55133
6931,ita,1993,0.538611
6931,ita,1994,0.566491
6931,ita,1995,0.554035
6931,ita,1996,0.528763
6931,ita,1997,0.524476
6931,ita,1998,0.533309
6931,ita,1999,0.526259
6931,ita,2000,0.505577
6931,ita,2001,0.505962
6931,ita,2002,0.505426
6931,ita,2003,0.492466
6931,ita,2004,0.479234
6931,ita,2005,0.490582
6931,ita,2006,0.45984
6931,ita,2007,0.470325
6931,ita,2008,0.445538
6931,ita,2009,0.454748
6931,ita,2010,0.431809
6931,ita,2011,0.420711
6931,ita,2012,0.456863
6931,ita,2013,0.473061
6931,ita,2014,0.478883
6931,ita,2015,0.485533
6931,ita,2016,0.486954
6931,ita,1962,0.450671
6931,ita,1963,0.449749
6931,ita,1964,0.463659
6931,ita,1965,0.43013
6931,ita,1966,0.476868
6931,ita,1967,0.479421
6931,ita,1968,0.471941
6931,ita,1969,0.460328
6931,ita,1970,0.498659
6931,ita,1971,0.528331
6931,ita,1972,0.526806
6931,ita,1973,0.528012
6931,ita,1974,0.450387
6931,ita,1975,0.457421
6931,ita,1976,0.49354
6931,ita,1977,0.476636
6931,ita,1978,0.488308
6931,ita,1979,0.477273
6931,ita,1980,0.446015
6931,ita,1981,0.431535
6931,ita,1982,0.461204
6931,ita,1983,0.46151
6931,ita,1984,0.456276
6931,ita,1985,0.488658
6931,ita,1986,0.526728
6931,ita,1987,0.556654
6931,jam,1988,0.902776
6931,jam,1989,0.911498
6931,jam,1990,0.919965
6931,jam,1991,0.925305
6931,jam,1992,0.912035
6931,jam,1993,0.916719
6931,jam,1994,0.912086
6931,jam,1995,0.896253
6931,jam,1996,0.904623
6931,jam,1997,0.922532
6931,jam,1998,0.923909
6931,jam,1999,0.919166
6931,jam,2000,0.920277
6931,jam,2001,0.922002
6931,jam,2002,0.925173
6931,jam,2003,0.925674
6931,jam,2004,0.936589
6931,jam,2005,0.945147
6931,jam,2006,0.940327
6931,jam,2007,0.944665
6931,jam,2008,0.944142
6931,jam,2009,0.937293
6931,jam,2010,0.922574
6931,jam,2011,0.915091
6931,jam,2012,0.917776
6931,jam,2013,0.913183
6931,jam,2014,0.918163
6931,jam,2015,0.904392
6931,jam,2016,0.903342
6931,jam,1962,0.952097
6931,jam,1963,0.956037
6931,jam,1964,0.957862
6931,jam,1965,0.955359
6931,jam,1966,0.937107
6931,jam,1967,0.954719
6931,jam,1968,0.960319
6931,jam,1969,0.94082
6931,jam,1970,0.967442
6931,jam,1971,0.967433
6931,jam,1972,0.938651
6931,jam,1973,0.937492
6931,jam,1974,0.942274
6931,jam,1975,0.945458
6931,jam,1976,0.940339
6931,jam,1977,0.939849
6931,jam,1978,0.982188
6931,jam,1979,0.930374
6931,jam,1980,0.932863
6931,jam,1981,0.939074
6931,jam,1982,0.911572
6931,jam,1983,0.905532
6931,jam,1984,0.901603
6931,jam,1985,0.902936
6931,jam,1986,0.921648
6931,jam,1987,0.906873
6931,jor,1988,0.859599
6931,jor,1989,0.849691
6931,jor,1990,0.852624
6931,jor,1991,0.899584
6931,jor,1992,0.900736
6931,jor,1993,0.872756
6931,jor,1994,0.871676
6931,jor,1995,0.818003
6931,jor,1996,0.853998
6931,jor,1997,0.856965
6931,jor,1998,0.856358
6931,jor,1999,0.779887
6931,jor,2000,0.747716
6931,jor,2001,0.75878
6931,jor,2002,0.80225
6931,jor,2003,0.809968
6931,jor,2004,0.799022
6931,jor,2005,0.804321
6931,jor,2006,0.790184
6931,jor,2007,0.790812
6931,jor,2008,0.82112
6931,jor,2009,0.818034
6931,jor,2010,0.80165
6931,jor,2011,0.819602
6931,jor,2012,0.811585
6931,jor,2013,0.793562
6931,jor,2014,0.803012
6931,jor,2015,0.800395
6931,jor,2016,0.836996
6931,jor,1962,0.973213
6931,jor,1963,0.961924
6931,jor,1964,0.913626
6931,jor,1965,0.924916
6931,jor,1966,0.923275
6931,jor,1967,0.938609
6931,jor,1968,0.910883
6931,jor,1969,0.893911
6931,jor,1970,0.921101
6931,jor,1971,0.913386
6931,jor,1972,0.920554
6931,jor,1973,0.894369
6931,jor,1974,0.897616
6931,jor,1975,0.831647
6931,jor,1976,0.767783
6931,jor,1977,0.713064
6931,jor,1978,0.825193
6931,jor,1979,0.821114
6931,jor,1980,0.837488
6931,jor,1981,0.826834
6931,jor,1982,0.821674
6931,jor,1983,0.853775
6931,jor,1984,0.869599
6931,jor,1985,0.892879
6931,jor,1986,0.893358
6931,jor,1987,0.872737
6931,jpn,1988,0.715695
6931,jpn,1989,0.725516
6931,jpn,1990,0.739623
6931,jpn,1991,0.740014
6931,jpn,1992,0.725408
6931,jpn,1993,0.734421
6931,jpn,1994,0.751368
6931,jpn,1995,0.765286
6931,jpn,1996,0.751169
6931,jpn,1997,0.73711
6931,jpn,1998,0.787112
6931,jpn,1999,0.770754
6931,jpn,2000,0.764851
6931,jpn,2001,0.747195
6931,jpn,2002,0.753271
6931,jpn,2003,0.756764
6931,jpn,2004,0.747774
6931,jpn,2005,0.727306
6931,jpn,2006,0.722691
6931,jpn,2007,0.732076
6931,jpn,2008,0.684963
6931,jpn,2009,0.654283
6931,jpn,2010,0.673584
6931,jpn,2011,0.66923
6931,jpn,2012,0.664894
6931,jpn,2013,0.673549
6931,jpn,2014,0.672826
6931,jpn,2015,0.708125
6931,jpn,2016,0.699035
6931,jpn,1962,0.529522
6931,jpn,1963,0.526723
6931,jpn,1964,0.563591
6931,jpn,1965,0.538757
6931,jpn,1966,0.54153
6931,jpn,1967,0.522751
6931,jpn,1968,0.54451
6931,jpn,1969,0.543163
6931,jpn,1970,0.575378
6931,jpn,1971,0.595933
6931,jpn,1972,0.571976
6931,jpn,1973,0.593788
6931,jpn,1974,0.568267
6931,jpn,1975,0.574269
6931,jpn,1976,0.572011
6931,jpn,1977,0.587669
6931,jpn,1978,0.64278
6931,jpn,1979,0.59971
6931,jpn,1980,0.60424
6931,jpn,1981,0.600065
6931,jpn,1982,0.61885
6931,jpn,1983,0.618301
6931,jpn,1984,0.643452
6931,jpn,1985,0.665397
6931,jpn,1986,0.694623
6931,jpn,1987,0.735194
6931,ken,1988,0.872782
6931,ken,1989,0.913421
6931,ken,1990,0.809039
6931,ken,1991,0.856674
6931,ken,1992,0.859902
6931,ken,1993,0.832036
6931,ken,1994,0.822429
6931,ken,1995,0.808771
6931,ken,1996,0.817254
6931,ken,1997,0.797816
6931,ken,1998,0.833827
6931,ken,1999,0.820262
6931,ken,2000,0.815481
6931,ken,2001,0.825687
6931,ken,2002,0.835973
6931,ken,2003,0.819442
6931,ken,2004,0.829844
6931,ken,2005,0.814476
6931,ken,2006,0.788789
6931,ken,2007,0.79863
6931,ken,2008,0.825229
6931,ken,2009,0.827394
6931,ken,2010,0.81121
6931,ken,2011,0.852988
6931,ken,2012,0.843544
6931,ken,2013,0.807494
6931,ken,2014,0.831413
6931,ken,2015,0.834278
6931,ken,2016,0.850915
6931,ken,1962,0.953465
6931,ken,1963,0.969571
6931,ken,1964,0.959379
6931,ken,1965,0.95829
6931,ken,1966,0.934235
6931,ken,1967,0.941613
6931,ken,1968,0.949784
6931,ken,1969,0.93946
6931,ken,1970,0.910933
6931,ken,1971,0.89716
6931,ken,1972,0.913984
6931,ken,1973,0.904579
6931,ken,1974,0.901264
6931,ken,1975,0.900826
6931,ken,1976,0.870975
6931,ken,1977,0.902996
6931,ken,1978,0.94601
6931,ken,1979,0.941815
6931,ken,1980,0.890664
6931,ken,1981,0.908422
6931,ken,1982,0.89062
6931,ken,1983,0.901658
6931,ken,1984,0.892698
6931,ken,1985,0.902092
6931,ken,1986,0.895335
6931,ken,1987,0.858766
6931,khm,1988,0.940312
6931,khm,1989,0.954243
6931,khm,1990,0.961179
6931,khm,1991,0.961571
6931,khm,1992,0.95743
6931,khm,1993,0.961956
6931,khm,1994,0.946683
6931,khm,1995,0.949052
6931,khm,1996,0.927796
6931,khm,1997,0.948899
6931,khm,1998,0.946004
6931,khm,1999,0.934735
6931,khm,2000,0.925622
6931,khm,2001,0.927049
6931,khm,2002,0.921717
6931,khm,2003,0.916213
6931,khm,2004,0.924756
6931,khm,2005,0.920959
6931,khm,2006,0.922807
6931,khm,2007,0.923262
6931,khm,2008,0.929284
6931,khm,2009,0.946345
6931,khm,2010,0.929834
6931,khm,2011,0.930575
6931,khm,2012,0.91433
6931,khm,2013,0.898418
6931,khm,2014,0.891738
6931,khm,2015,0.882279
6931,khm,2016,0.889025
6931,khm,1962,0.97834
6931,khm,1963,0.981518
6931,khm,1964,0.984376
6931,khm,1965,0.992672
6931,khm,1966,0.976479
6931,khm,1967,0.96852
6931,khm,1968,0.979974
6931,khm,1969,0.968934
6931,khm,1970,0.960835
6931,khm,1971,0.968044
6931,khm,1972,0.968964
6931,khm,1973,0.977608
6931,khm,1974,0.940837
6931,khm,1975,0.875264
6931,khm,1976,0.862833
6931,khm,1977,0.90175
6931,khm,1978,0.933635
6931,khm,1979,0.891812
6931,khm,1980,0.900474
6931,khm,1981,0.928516
6931,khm,1982,0.952825
6931,khm,1983,0.954427
6931,khm,1984,0.953362
6931,khm,1985,0.951881
6931,khm,1986,0.938807
6931,khm,1987,0.948033
6931,kir,1988,0.959486
6931,kir,1989,0.96608
6931,kir,1990,0.96542
6931,kir,1991,0.974489
6931,kir,1992,0.94311
6931,kir,1993,0.989008
6931,kir,1994,0.981855
6931,kir,1995,0.972836
6931,kir,1996,0.973162
6931,kir,1997,0.989501
6931,kir,1998,0.978898
6931,kir,1999,0.969197
6931,kir,2000,0.979447
6931,kir,2001,0.986176
6931,kir,2002,0.986027
6931,kir,2003,0.986394
6931,kir,2004,0.966047
6931,kir,2005,0.958957
6931,kir,2006,0.960748
6931,kir,2007,0.976797
6931,kir,2008,0.970031
6931,kir,2009,0.981748
6931,kir,2010,0.979876
6931,kir,2011,0.983975
6931,kir,2012,0.985393
6931,kir,2013,0.985612
6931,kir,2014,0.982267
6931,kir,2015,0.987625
6931,kir,2016,0.990875
6931,kir,1970,1
6931,kir,1971,0.999628
6931,kir,1972,1
6931,kir,1973,1
6931,kir,1974,1
6931,kir,1975,0.99973
6931,kir,1976,0.997908
6931,kir,1977,1
6931,kir,1978,0.991067
6931,kir,1979,0.997047
6931,kir,1980,0.990953
6931,kir,1981,0.983967
6931,kir,1982,0.972427
6931,kir,1983,0.980436
6931,kir,1984,0.984236
6931,kir,1985,0.977621
6931,kir,1986,0.986488
6931,kir,1987,0.981607
6931,kna,1988,0.958427
6931,kna,1989,0.967199
6931,kna,1990,0.963758
6931,kna,1991,0.951934
6931,kna,1992,0.950617
6931,kna,1993,0.966406
6931,kna,1994,0.968149
6931,kna,1995,0.966177
6931,kna,1996,0.972278
6931,kna,1997,0.961107
6931,kna,1998,0.967898
6931,kna,1999,0.96122
6931,kna,2000,0.964905
6931,kna,2001,0.954804
6931,kna,2002,0.958982
6931,kna,2003,0.956717
6931,kna,2004,0.958281
6931,kna,2005,0.969013
6931,kna,2006,0.960128
6931,kna,2007,0.944868
6931,kna,2008,0.944026
6931,kna,2009,0.939144
6931,kna,2010,0.96302
6931,kna,2011,0.960368
6931,kna,2012,0.954104
6931,kna,2013,0.953854
6931,kna,2014,0.967964
6931,kna,2015,0.971074
6931,kna,2016,0.968523
6931,kna,1968,0.99934
6931,kna,1969,0
6931,kna,1970,0.967923
6931,kna,1971,0.969441
6931,kna,1972,0.95645
6931,kna,1973,0.939764
6931,kna,1974,0.971222
6931,kna,1975,0.920128
6931,kna,1976,0.91416
6931,kna,1977,0.881882
6931,kna,1978,0.956943
6931,kna,1979,0.941539
6931,kna,1980,0.937944
6931,kna,1981,0.941263
6931,kna,1982,0.933217
6931,kna,1983,0.945722
6931,kna,1984,0.926292
6931,kna,1985,0.900761
6931,kna,1986,0.89988
6931,kna,1987,0.903615
6931,kor,1988,0.69642
6931,kor,1989,0.689222
6931,kor,1990,0.679619
6931,kor,1991,0.719201
6931,kor,1992,0.703086
6931,kor,1993,0.707202
6931,kor,1994,0.715236
6931,kor,1995,0.737297
6931,kor,1996,0.753687
6931,kor,1997,0.744172
6931,kor,1998,0.755227
6931,kor,1999,0.750985
6931,kor,2000,0.754622
6931,kor,2001,0.752902
6931,kor,2002,0.770409
6931,kor,2003,0.769751
6931,kor,2004,0.786911
6931,kor,2005,0.78165
6931,kor,2006,0.787995
6931,kor,2007,0.799324
6931,kor,2008,0.770232
6931,kor,2009,0.781234
6931,kor,2010,0.779181
6931,kor,2011,0.78728
6931,kor,2012,0.764859
6931,kor,2013,0.754094
6931,kor,2014,0.751829
6931,kor,2015,0.760125
6931,kor,2016,0.753767
6931,kor,1962,0.916962
6931,kor,1963,0.85188
6931,kor,1964,0.811724
6931,kor,1965,0.794052
6931,kor,1966,0.776054
6931,kor,1967,0.79115
6931,kor,1968,0.828162
6931,kor,1969,0.821577
6931,kor,1970,0.781569
6931,kor,1971,0.734706
6931,kor,1972,0.724775
6931,kor,1973,0.707259
6931,kor,1974,0.668052
6931,kor,1975,0.693275
6931,kor,1976,0.715798
6931,kor,1977,0.675098
6931,kor,1978,0.699417
6931,kor,1979,0.700511
6931,kor,1980,0.673811
6931,kor,1981,0.677926
6931,kor,1982,0.67093
6931,kor,1983,0.676205
6931,kor,1984,0.685961
6931,kor,1985,0.68409
6931,kor,1986,0.693687
6931,kor,1987,0.689164
6931,kwt,1988,0.974689
6931,kwt,1989,0.973352
6931,kwt,1990,0.978211
6931,kwt,1991,0.984464
6931,kwt,1992,0.982305
6931,kwt,1993,0.989602
6931,kwt,1994,0.971959
6931,kwt,1995,0.972394
6931,kwt,1996,0.973609
6931,kwt,1997,0.981033
6931,kwt,1998,0.970616
6931,kwt,1999,0.971818
6931,kwt,2000,0.984076
6931,kwt,2001,0.982196
6931,kwt,2002,0.981336
6931,kwt,2003,0.985513
6931,kwt,2004,0.978818
6931,kwt,2005,0.98255
6931,kwt,2006,0.984353
6931,kwt,2007,0.983413
6931,kwt,2008,0.989943
6931,kwt,2009,0.988867
6931,kwt,2010,0.986223
6931,kwt,2011,0.9909
6931,kwt,2012,0.988097
6931,kwt,2013,0.983971
6931,kwt,2014,0.987785
6931,kwt,2015,0.985966
6931,kwt,2016,0.979047
6931,kwt,1962,0.998894
6931,kwt,1963,0.998882
6931,kwt,1964,0.99652
6931,kwt,1965,0.998787
6931,kwt,1966,0.997627
6931,kwt,1967,0.998715
6931,kwt,1968,0.998095
6931,kwt,1969,0.995169
6931,kwt,1970,0.992301
6931,kwt,1971,0.990597
6931,kwt,1972,0.988253
6931,kwt,1973,0.979615
6931,kwt,1974,0.988852
6931,kwt,1975,0.982414
6931,kwt,1976,0.970576
6931,kwt,1977,0.960513
6931,kwt,1978,0.969587
6931,kwt,1979,0.98052
6931,kwt,1980,0.974439
6931,kwt,1981,0.967141
6931,kwt,1982,0.96016
6931,kwt,1983,0.97936
6931,kwt,1984,0.98844
6931,kwt,1985,0.977766
6931,kwt,1986,0.984203
6931,kwt,1987,0.976116
6931,lao,1988,0.968911
6931,lao,1989,0.957028
6931,lao,1990,0.952615
6931,lao,1991,0.946103
6931,lao,1992,0.944946
6931,lao,1993,0.949455
6931,lao,1994,0.943609
6931,lao,1995,0.937509
6931,lao,1996,0.921089
6931,lao,1997,0.904956
6931,lao,1998,0.932867
6931,lao,1999,0.928403
6931,lao,2000,0.926944
6931,lao,2001,0.923384
6931,lao,2002,0.91714
6931,lao,2003,0.913196
6931,lao,2004,0.904462
6931,lao,2005,0.897392
6931,lao,2006,0.918703
6931,lao,2007,0.915058
6931,lao,2008,0.908929
6931,lao,2009,0.932337
6931,lao,2010,0.920333
6931,lao,2011,0.932605
6931,lao,2012,0.923002
6931,lao,2013,0.891849
6931,lao,2014,0.909015
6931,lao,2015,0.884892
6931,lao,2016,0.906558
6931,lao,1962,0.97702
6931,lao,1963,0.983211
6931,lao,1964,0.987195
6931,lao,1965,0.990248
6931,lao,1966,0.986836
6931,lao,1967,0.979292
6931,lao,1968,0.977822
6931,lao,1969,0.971813
6931,lao,1970,0.966681
6931,lao,1971,0.979452
6931,lao,1972,0.989104
6931,lao,1973,0.966855
6931,lao,1974,0.984371
6931,lao,1975,0.943472
6931,lao,1976,0.959798
6931,lao,1977,0.937732
6931,lao,1978,0.953978
6931,lao,1979,0.938031
6931,lao,1980,0.921142
6931,lao,1981,0.94144
6931,lao,1982,0.972789
6931,lao,1983,0.98361
6931,lao,1984,0.955923
6931,lao,1985,0.965764
6931,lao,1986,0.972226
6931,lao,1987,0.94934
6931,lbn,1988,0.817453
6931,lbn,1989,0.827181
6931,lbn,1990,0.825514
6931,lbn,1991,0.808534
6931,lbn,1992,0.775974
6931,lbn,1993,0.803482
6931,lbn,1994,0.785481
6931,lbn,1995,0.765793
6931,lbn,1996,0.796781
6931,lbn,1997,0.760246
6931,lbn,1998,0.725074
6931,lbn,1999,0.745676
6931,lbn,2000,0.739468
6931,lbn,2001,0.737312
6931,lbn,2002,0.722548
6931,lbn,2003,0.751446
6931,lbn,2004,0.726741
6931,lbn,2005,0.714859
6931,lbn,2006,0.717292
6931,lbn,2007,0.694509
6931,lbn,2008,0.716292
6931,lbn,2009,0.762496
6931,lbn,2010,0.774999
6931,lbn,2011,0.798352
6931,lbn,2012,0.793777
6931,lbn,2013,0.741218
6931,lbn,2014,0.744998
6931,lbn,2015,0.763437
6931,lbn,2016,0.753313
6931,lbn,1962,0.956536
6931,lbn,1963,0.945209
6931,lbn,1964,0.942144
6931,lbn,1965,0.910431
6931,lbn,1966,0.882847
6931,lbn,1967,0.808034
6931,lbn,1968,0.834483
6931,lbn,1969,0.730217
6931,lbn,1970,0.731265
6931,lbn,1971,0.684707
6931,lbn,1972,0.698225
6931,lbn,1973,0.667955
6931,lbn,1974,0.664897
6931,lbn,1975,0.628975
6931,lbn,1976,0.715252
6931,lbn,1977,0.69928
6931,lbn,1978,0.756725
6931,lbn,1979,0.755094
6931,lbn,1980,0.760031
6931,lbn,1981,0.766673
6931,lbn,1982,0.776246
6931,lbn,1983,0.806403
6931,lbn,1984,0.807917
6931,lbn,1985,0.795062
6931,lbn,1986,0.858685
6931,lbn,1987,0.828036
6931,lbr,1988,0.982062
6931,lbr,1989,0.981928
6931,lbr,1990,0.984943
6931,lbr,1991,0.979994
6931,lbr,1992,0.988632
6931,lbr,1993,0.984191
6931,lbr,1994,0.986233
6931,lbr,1995,0.988614
6931,lbr,1996,0.991154
6931,lbr,1997,0.986585
6931,lbr,1998,0.979656
6931,lbr,1999,0.974683
6931,lbr,2000,0.984191
6931,lbr,2001,0.981823
6931,lbr,2002,0.972012
6931,lbr,2003,0.982212
6931,lbr,2004,0.984206
6931,lbr,2005,0.983768
6931,lbr,2006,0.989131
6931,lbr,2007,0.984792
6931,lbr,2008,0.979116
6931,lbr,2009,0.983978
6931,lbr,2010,0.980539
6931,lbr,2011,0.979097
6931,lbr,2012,0.977896
6931,lbr,2013,0.971514
6931,lbr,2014,0.984159
6931,lbr,2015,0.984183
6931,lbr,2016,0.980001
6931,lbr,1962,0.991428
6931,lbr,1963,0.99258
6931,lbr,1964,0.992629
6931,lbr,1965,0.989882
6931,lbr,1966,0.991273
6931,lbr,1967,0.991987
6931,lbr,1968,0.991227
6931,lbr,1969,0.993866
6931,lbr,1970,0.984033
6931,lbr,1971,0.981893
6931,lbr,1972,0.982985
6931,lbr,1973,0.978146
6931,lbr,1974,0.986071
6931,lbr,1975,0.979693
6931,lbr,1976,0.983642
6931,lbr,1977,0.980468
6931,lbr,1978,0.980124
6931,lbr,1979,0.976501
6931,lbr,1980,0.981682
6931,lbr,1981,0.981611
6931,lbr,1982,0.982853
6931,lbr,1983,0.985329
6931,lbr,1984,0.980905
6931,lbr,1985,0.984266
6931,lbr,1986,0.978283
6931,lbr,1987,0.983011
6931,lby,1988,0.983821
6931,lby,1989,0.984487
6931,lby,1990,0.973276
6931,lby,1991,0.977584
6931,lby,1992,0.979211
6931,lby,1993,0.978642
6931,lby,1994,0.972636
6931,lby,1995,0.965297
6931,lby,1996,0.970734
6931,lby,1997,0.966752
6931,lby,1998,0.961678
6931,lby,1999,0.968852
6931,lby,2000,0.982189
6931,lby,2001,0.983922
6931,lby,2002,0.977113
6931,lby,2003,0.98316
6931,lby,2004,0.986414
6931,lby,2005,0.986178
6931,lby,2006,0.987688
6931,lby,2007,0.985837
6931,lby,2008,0.990194
6931,lby,2009,0.989492
6931,lby,2010,0.990156
6931,lby,2011,0.990702
6931,lby,2012,0.998371
6931,lby,2013,0.99438
6931,lby,2014,0.990634
6931,lby,2015,0.98226
6931,lby,2016,0.984368
6931,lby,1962,0.994959
6931,lby,1963,0.999876
6931,lby,1964,0.99878
6931,lby,1965,1
6931,lby,1966,1
6931,lby,1967,1
6931,lby,1968,1
6931,lby,1969,1
6931,lby,1970,1
6931,lby,1971,0.999467
6931,lby,1972,0.999232
6931,lby,1973,0.998473
6931,lby,1974,1
6931,lby,1975,0.995811
6931,lby,1976,0.996853
6931,lby,1977,0.993998
6931,lby,1978,0.995343
6931,lby,1979,0.995745
6931,lby,1980,0.996599
6931,lby,1981,0.996154
6931,lby,1982,0.993176
6931,lby,1983,0.994441
6931,lby,1984,0.992342
6931,lby,1985,0.987999
6931,lby,1986,0.988535
6931,lby,1987,0.983451
6931,lca,1988,0.942948
6931,lca,1989,0.928506
6931,lca,1990,0.93879
6931,lca,1991,0.954122
6931,lca,1992,0.952947
6931,lca,1993,0.938891
6931,lca,1994,0.936513
6931,lca,1995,0.936161
6931,lca,1996,0.936435
6931,lca,1997,0.942645
6931,lca,1998,0.937872
6931,lca,1999,0.943914
6931,lca,2000,0.947288
6931,lca,2001,0.922918
6931,lca,2002,0.933649
6931,lca,2003,0.907665
6931,lca,2004,0.943711
6931,lca,2005,0.958181
6931,lca,2006,0.926167
6931,lca,2007,0.927335
6931,lca,2008,0.944996
6931,lca,2009,0.968079
6931,lca,2010,0.943681
6931,lca,2011,0.970274
6931,lca,2012,0.943426
6931,lca,2013,0.928573
6931,lca,2014,0.954138
6931,lca,2015,0.944893
6931,lca,2016,0.969704
6931,lca,1965,1
6931,lca,1969,1
6931,lca,1970,0.998793
6931,lca,1971,0.998884
6931,lca,1972,0.993813
6931,lca,1973,0.95502
6931,lca,1974,0.900919
6931,lca,1975,0.888602
6931,lca,1976,0.914714
6931,lca,1977,0.891126
6931,lca,1978,0.972413
6931,lca,1979,0.952503
6931,lca,1980,0.936057
6931,lca,1981,0.936729
6931,lca,1982,0.937299
6931,lca,1983,0.958524
6931,lca,1984,0.958941
6931,lca,1985,0.966192
6931,lca,1986,0.978844
6931,lca,1987,0.967258
6931,lka,1988,0.879758
6931,lka,1989,0.875253
6931,lka,1990,0.8747
6931,lka,1991,0.870641
6931,lka,1992,0.865391
6931,lka,1993,0.87857
6931,lka,1994,0.861013
6931,lka,1995,0.852244
6931,lka,1996,0.857033
6931,lka,1997,0.86675
6931,lka,1998,0.860087
6931,lka,1999,0.839306
6931,lka,2000,0.844964
6931,lka,2001,0.839731
6931,lka,2002,0.837169
6931,lka,2003,0.856389
6931,lka,2004,0.837861
6931,lka,2005,0.820554
6931,lka,2006,0.812888
6931,lka,2007,0.82806
6931,lka,2008,0.829984
6931,lka,2009,0.854074
6931,lka,2010,0.83506
6931,lka,2011,0.823671
6931,lka,2012,0.810473
6931,lka,2013,0.806003
6931,lka,2014,0.813973
6931,lka,2015,0.802718
6931,lka,2016,0.81586
6931,lka,1962,0.99134
6931,lka,1963,0.989395
6931,lka,1964,0.98453
6931,lka,1965,0.992684
6931,lka,1966,0.987771
6931,lka,1967,0.991487
6931,lka,1968,0.992008
6931,lka,1969,0.988693
6931,lka,1970,0.978874
6931,lka,1971,0.979453
6931,lka,1972,0.966441
6931,lka,1973,0.965597
6931,lka,1974,0.965789
6931,lka,1975,0.958357
6931,lka,1976,0.941583
6931,lka,1977,0.943467
6931,lka,1978,0.943133
6931,lka,1979,0.944065
6931,lka,1980,0.934625
6931,lka,1981,0.922569
6931,lka,1982,0.888454
6931,lka,1983,0.900224
6931,lka,1984,0.911039
6931,lka,1985,0.89559
6931,lka,1986,0.89677
6931,lka,1987,0.87674
6931,mac,1988,0.881618
6931,mac,1989,0.88928
6931,mac,1990,0.891684
6931,mac,1991,0.887428
6931,mac,1992,0.890501
6931,mac,1993,0.889812
6931,mac,1994,0.897046
6931,mac,1995,0.89637
6931,mac,1996,0.912893
6931,mac,1997,0.916871
6931,mac,1998,0.915903
6931,mac,1999,0.919437
6931,mac,2000,0.919543
6931,mac,2001,0.916309
6931,mac,2002,0.920629
6931,mac,2003,0.926882
6931,mac,2004,0.936215
6931,mac,2005,0.917085
6931,mac,2006,0.904067
6931,mac,2007,0.917612
6931,mac,2008,0.880165
6931,mac,2009,0.853628
6931,mac,2010,0.832922
6931,mac,2011,0.820092
6931,mac,2012,0.840427
6931,mac,2013,0.864347
6931,mac,2014,0.843512
6931,mac,2015,0.867306
6931,mac,2016,0.878453
6931,mac,1962,0.857811
6931,mac,1963,0.999541
6931,mac,1964,0.996441
6931,mac,1965,0.997713
6931,mac,1966,0.991972
6931,mac,1967,0.998355
6931,mac,1968,0.99181
6931,mac,1969,0.879365
6931,mac,1970,0.855898
6931,mac,1971,0.824979
6931,mac,1972,0.869574
6931,mac,1973,0.877297
6931,mac,1974,0.875956
6931,mac,1975,0.893809
6931,mac,1976,0.912231
6931,mac,1977,0.909948
6931,mac,1978,0.902487
6931,mac,1979,0.894154
6931,mac,1980,0.890858
6931,mac,1981,0.894756
6931,mac,1982,0.879407
6931,mac,1983,0.87113
6931,mac,1984,0.87368
6931,mac,1985,0.86367
6931,mac,1986,0.899248
6931,mac,1987,0.886673
6931,mar,1988,0.852439
6931,mar,1989,0.83826
6931,mar,1990,0.822359
6931,mar,1991,0.849124
6931,mar,1992,0.856615
6931,mar,1993,0.859106
6931,mar,1994,0.827957
6931,mar,1995,0.838435
6931,mar,1996,0.839106
6931,mar,1997,0.855406
6931,mar,1998,0.83924
6931,mar,1999,0.838185
6931,mar,2000,0.834892
6931,mar,2001,0.848736
6931,mar,2002,0.835212
6931,mar,2003,0.843261
6931,mar,2004,0.845894
6931,mar,2005,0.829412
6931,mar,2006,0.824729
6931,mar,2007,0.825477
6931,mar,2008,0.8446
6931,mar,2009,0.844191
6931,mar,2010,0.829749
6931,mar,2011,0.835638
6931,mar,2012,0.84399
6931,mar,2013,0.814432
6931,mar,2014,0.831953
6931,mar,2015,0.814003
6931,mar,2016,0.82907
6931,mar,1962,0.921033
6931,mar,1963,0.934036
6931,mar,1964,0.925167
6931,mar,1965,0.934795
6931,mar,1966,0.926363
6931,mar,1967,0.944222
6931,mar,1968,0.94786
6931,mar,1969,0.930695
6931,mar,1970,0.908452
6931,mar,1971,0.898098
6931,mar,1972,0.879661
6931,mar,1973,0.903818
6931,mar,1974,0.88943
6931,mar,1975,0.869234
6931,mar,1976,0.888438
6931,mar,1977,0.865393
6931,mar,1978,0.886598
6931,mar,1979,0.8859
6931,mar,1980,0.887023
6931,mar,1981,0.890552
6931,mar,1982,0.862149
6931,mar,1983,0.867267
6931,mar,1984,0.8676
6931,mar,1985,0.860442
6931,mar,1986,0.882965
6931,mar,1987,0.866404
6931,mdg,1988,0.951098
6931,mdg,1989,0.931208
6931,mdg,1990,0.786396
6931,mdg,1991,0.886526
6931,mdg,1992,0.900924
6931,mdg,1993,0.891763
6931,mdg,1994,0.897182
6931,mdg,1995,0.878808
6931,mdg,1996,0.882044
6931,mdg,1997,0.894191
6931,mdg,1998,0.89633
6931,mdg,1999,0.879519
6931,mdg,2000,0.873868
6931,mdg,2001,0.893413
6931,mdg,2002,0.879069
6931,mdg,2003,0.891492
6931,mdg,2004,0.890772
6931,mdg,2005,0.865016
6931,mdg,2006,0.876466
6931,mdg,2007,0.875749
6931,mdg,2008,0.886901
6931,mdg,2009,0.895244
6931,mdg,2010,0.857852
6931,mdg,2011,0.88614
6931,mdg,2012,0.889095
6931,mdg,2013,0.880934
6931,mdg,2014,0.882896
6931,mdg,2015,0.866622
6931,mdg,2016,0.883405
6931,mdg,1962,0.976884
6931,mdg,1963,0.975957
6931,mdg,1964,0.97139
6931,mdg,1965,0.981153
6931,mdg,1966,0.963142
6931,mdg,1967,0.965625
6931,mdg,1968,0.972848
6931,mdg,1969,0.95625
6931,mdg,1970,0.952167
6931,mdg,1971,0.951756
6931,mdg,1972,0.964656
6931,mdg,1973,0.951575
6931,mdg,1974,0.95591
6931,mdg,1975,0.958259
6931,mdg,1976,0.965199
6931,mdg,1977,0.968826
6931,mdg,1978,0.973133
6931,mdg,1979,0.968638
6931,mdg,1980,0.96773
6931,mdg,1981,0.967638
6931,mdg,1982,0.963342
6931,mdg,1983,0.960943
6931,mdg,1984,0.958036
6931,mdg,1985,0.960099
6931,mdg,1986,0.959473
6931,mdg,1987,0.954351
6931,mdv,1988,0.971993
6931,mdv,1989,0.9701
6931,mdv,1990,0.96726
6931,mdv,1991,0.971475
6931,mdv,1992,0.968013
6931,mdv,1993,0.97102
6931,mdv,1994,0.958174
6931,mdv,1995,0.963366
6931,mdv,1996,0.954184
6931,mdv,1997,0.967785
6931,mdv,1998,0.970044
6931,mdv,1999,0.953633
6931,mdv,2000,0.957465
6931,mdv,2001,0.957601
6931,mdv,2002,0.94421
6931,mdv,2003,0.959209
6931,mdv,2004,0.967434
6931,mdv,2005,0.964339
6931,mdv,2006,0.970437
6931,mdv,2007,0.971935
6931,mdv,2008,0.969884
6931,mdv,2009,0.983307
6931,mdv,2010,0.977274
6931,mdv,2011,0.982227
6931,mdv,2012,0.969418
6931,mdv,2013,0.97417
6931,mdv,2014,0.985425
6931,mdv,2015,0.970042
6931,mdv,2016,0.974774
6931,mdv,1962,0.99656
6931,mdv,1963,0
6931,mdv,1964,0
6931,mdv,1965,0
6931,mdv,1966,0
6931,mdv,1969,1
6931,mdv,1970,0.982215
6931,mdv,1971,0.996614
6931,mdv,1972,0.989702
6931,mdv,1973,0.945166
6931,mdv,1974,0.988522
6931,mdv,1975,0.983201
6931,mdv,1976,0.947697
6931,mdv,1977,0.965443
6931,mdv,1978,0.981096
6931,mdv,1979,0.981936
6931,mdv,1980,0.961771
6931,mdv,1981,0.952887
6931,mdv,1982,0.973802
6931,mdv,1983,0.973613
6931,mdv,1984,0.975353
6931,mdv,1985,0.967217
6931,mdv,1986,0.97704
6931,mdv,1987,0.961793
6931,mex,1988,0.800426
6931,mex,1989,0.806164
6931,mex,1990,0.760199
6931,mex,1991,0.805618
6931,mex,1992,0.796202
6931,mex,1993,0.793183
6931,mex,1994,0.802893
6931,mex,1995,0.779384
6931,mex,1996,0.768941
6931,mex,1997,0.776505
6931,mex,1998,0.774952
6931,mex,1999,0.788195
6931,mex,2000,0.809804
6931,mex,2001,0.804623
6931,mex,2002,0.80719
6931,mex,2003,0.800426
6931,mex,2004,0.782204
6931,mex,2005,0.787026
6931,mex,2006,0.793377
6931,mex,2007,0.809176
6931,mex,2008,0.783232
6931,mex,2009,0.792428
6931,mex,2010,0.789234
6931,mex,2011,0.796238
6931,mex,2012,0.801667
6931,mex,2013,0.792367
6931,mex,2014,0.800016
6931,mex,2015,0.794187
6931,mex,2016,0.803118
6931,mex,1962,0.920043
6931,mex,1963,0.90568
6931,mex,1964,0.880145
6931,mex,1965,0.904521
6931,mex,1966,0.860754
6931,mex,1967,0.894981
6931,mex,1968,0.896188
6931,mex,1969,0.845097
6931,mex,1970,0.816045
6931,mex,1971,0.783007
6931,mex,1972,0.761653
6931,mex,1973,0.72535
6931,mex,1974,0.732029
6931,mex,1975,0.724221
6931,mex,1976,0.729517
6931,mex,1977,0.725909
6931,mex,1978,0.822337
6931,mex,1979,0.848693
6931,mex,1980,0.876013
6931,mex,1981,0.89026
6931,mex,1982,0.894333
6931,mex,1983,0.890458
6931,mex,1984,0.876064
6931,mex,1985,0.890165
6931,mex,1986,0.841455
6931,mex,1987,0.816575
6931,mli,1988,0.960682
6931,mli,1989,0.973508
6931,mli,1990,0.961523
6931,mli,1991,0.970213
6931,mli,1992,0.970603
6931,mli,1993,0.975017
6931,mli,1994,0.961761
6931,mli,1995,0.949173
6931,mli,1996,0.955311
6931,mli,1997,0.956761
6931,mli,1998,0.960515
6931,mli,1999,0.955207
6931,mli,2000,0.916431
6931,mli,2001,0.943153
6931,mli,2002,0.958177
6931,mli,2003,0.947997
6931,mli,2004,0.945003
6931,mli,2005,0.932899
6931,mli,2006,0.916682
6931,mli,2007,0.912261
6931,mli,2008,0.918849
6931,mli,2009,0.934251
6931,mli,2010,0.935507
6931,mli,2011,0.939402
6931,mli,2012,0.949156
6931,mli,2013,0.94071
6931,mli,2014,0.957729
6931,mli,2015,0.953702
6931,mli,2016,0.927605
6931,mli,1962,0.981752
6931,mli,1963,0.974116
6931,mli,1964,0.97301
6931,mli,1965,0.980119
6931,mli,1966,0.97082
6931,mli,1967,0.98075
6931,mli,1968,0.983854
6931,mli,1969,0.975789
6931,mli,1970,0.946573
6931,mli,1971,0.953022
6931,mli,1972,0.97197
6931,mli,1973,0.966184
6931,mli,1974,0.94206
6931,mli,1975,0.946616
6931,mli,1976,0.965835
6931,mli,1977,0.968895
6931,mli,1978,0.961631
6931,mli,1979,0.970269
6931,mli,1980,0.971289
6931,mli,1981,0.963058
6931,mli,1982,0.956335
6931,mli,1983,0.960893
6931,mli,1984,0.971846
6931,mli,1985,0.95866
6931,mli,1986,0.97014
6931,mli,1987,0.965683
6931,mlt,1988,0.876719
6931,mlt,1989,0.886247
6931,mlt,1990,0.876637
6931,mlt,1991,0.899227
6931,mlt,1992,0.923113
6931,mlt,1993,0.927386
6931,mlt,1994,0.935174
6931,mlt,1995,0.919625
6931,mlt,1996,0.905698
6931,mlt,1997,0.908527
6931,mlt,1998,0.919236
6931,mlt,1999,0.922883
6931,mlt,2000,0.934065
6931,mlt,2001,0.919165
6931,mlt,2002,0.93488
6931,mlt,2003,0.919076
6931,mlt,2004,0.928947
6931,mlt,2005,0.932964
6931,mlt,2006,0.929348
6931,mlt,2007,0.92725
6931,mlt,2008,0.943007
6931,mlt,2009,0.946834
6931,mlt,2010,0.933459
6931,mlt,2011,0.922924
6931,mlt,2012,0.924619
6931,mlt,2013,0.928391
6931,mlt,2014,0.926447
6931,mlt,2015,0.935414
6931,mlt,2016,0.937108
6931,mlt,1962,0.823974
6931,mlt,1963,0.821897
6931,mlt,1964,0.831659
6931,mlt,1965,0.8206
6931,mlt,1966,0.816798
6931,mlt,1967,0.809805
6931,mlt,1968,0.848087
6931,mlt,1969,0.82678
6931,mlt,1970,0.813584
6931,mlt,1971,0.773478
6931,mlt,1972,0.80669
6931,mlt,1973,0.794473
6931,mlt,1974,0.822668
6931,mlt,1975,0.838189
6931,mlt,1976,0.843687
6931,mlt,1977,0.841149
6931,mlt,1978,0.900182
6931,mlt,1979,0.891843
6931,mlt,1980,0.879245
6931,mlt,1981,0.893127
6931,mlt,1982,0.869252
6931,mlt,1983,0.858057
6931,mlt,1984,0.850604
6931,mlt,1985,0.874074
6931,mlt,1986,0.884829
6931,mlt,1987,0.870121
6931,mmr,1988,0.937545
6931,mmr,1989,0.943047
6931,mmr,1990,0.936226
6931,mmr,1991,0.939957
6931,mmr,1992,0.93605
6931,mmr,1993,0.940127
6931,mmr,1994,0.923737
6931,mmr,1995,0.920462
6931,mmr,1996,0.911244
6931,mmr,1997,0.914775
6931,mmr,1998,0.913399
6931,mmr,1999,0.896837
6931,mmr,2000,0.892152
6931,mmr,2001,0.903514
6931,mmr,2002,0.892905
6931,mmr,2003,0.897911
6931,mmr,2004,0.8979
6931,mmr,2005,0.910313
6931,mmr,2006,0.924185
6931,mmr,2007,0.922794
6931,mmr,2008,0.933926
6931,mmr,2009,0.941912
6931,mmr,2010,0.926864
6931,mmr,2011,0.931974
6931,mmr,2012,0.91361
6931,mmr,2013,0.909385
6931,mmr,2014,0.928428
6931,mmr,2015,0.887305
6931,mmr,2016,0.87065
6931,mmr,1962,0.988634
6931,mmr,1963,0.989249
6931,mmr,1964,0.985122
6931,mmr,1965,0.990625
6931,mmr,1966,0.98738
6931,mmr,1967,0.98493
6931,mmr,1968,0.987458
6931,mmr,1969,0.987777
6931,mmr,1970,0.980698
6931,mmr,1971,0.980898
6931,mmr,1972,0.976164
6931,mmr,1973,0.968626
6931,mmr,1974,0.971403
6931,mmr,1975,0.969214
6931,mmr,1976,0.980679
6931,mmr,1977,0.968415
6931,mmr,1978,0.95794
6931,mmr,1979,0.967126
6931,mmr,1980,0.961632
6931,mmr,1981,0.959844
6931,mmr,1982,0.948896
6931,mmr,1983,0.950937
6931,mmr,1984,0.951371
6931,mmr,1985,0.959146
6931,mmr,1986,0.957196
6931,mmr,1987,0.933438
6931,mng,1988,0.942547
6931,mng,1989,0.932206
6931,mng,1990,0.93035
6931,mng,1991,0.945432
6931,mng,1992,0.94206
6931,mng,1993,0.935549
6931,mng,1994,0.93743
6931,mng,1995,0.940437
6931,mng,1996,0.947729
6931,mng,1997,0.925823
6931,mng,1998,0.908588
6931,mng,1999,0.908425
6931,mng,2000,0.912967
6931,mng,2001,0.914206
6931,mng,2002,0.912744
6931,mng,2003,0.909772
6931,mng,2004,0.925889
6931,mng,2005,0.912316
6931,mng,2006,0.929681
6931,mng,2007,0.941554
6931,mng,2008,0.959553
6931,mng,2009,0.964581
6931,mng,2010,0.969358
6931,mng,2011,0.973118
6931,mng,2012,0.974759
6931,mng,2013,0.963669
6931,mng,2014,0.969195
6931,mng,2015,0.954392
6931,mng,2016,0.950958
6931,mng,1962,0.9957
6931,mng,1963,0.995173
6931,mng,1964,0.991236
6931,mng,1965,0.989679
6931,mng,1966,0.985245
6931,mng,1967,0.99102
6931,mng,1968,0.990019
6931,mng,1969,0.98526
6931,mng,1970,0.956701
6931,mng,1971,0.977583
6931,mng,1972,0.95055
6931,mng,1973,0.952679
6931,mng,1974,0.935399
6931,mng,1975,0.942628
6931,mng,1976,0.928784
6931,mng,1977,0.922974
6931,mng,1978,0.948683
6931,mng,1979,0.937066
6931,mng,1980,0.960745
6931,mng,1981,0.956219
6931,mng,1982,0.976057
6931,mng,1983,0.97544
6931,mng,1984,0.974363
6931,mng,1985,0.966152
6931,mng,1986,0.971359
6931,mng,1987,0.96232
6931,moz,1988,0.89908
6931,moz,1989,0.887877
6931,moz,1990,0.877579
6931,moz,1991,0.866347
6931,moz,1992,0.882212
6931,moz,1993,0.916328
6931,moz,1994,0.878754
6931,moz,1995,0.90543
6931,moz,1996,0.910437
6931,moz,1997,0.897425
6931,moz,1998,0.927506
6931,moz,1999,0.885054
6931,moz,2000,0.891195
6931,moz,2001,0.94044
6931,moz,2002,0.938655
6931,moz,2003,0.933724
6931,moz,2004,0.945085
6931,moz,2005,0.944289
6931,moz,2006,0.936988
6931,moz,2007,0.947637
6931,moz,2008,0.936968
6931,moz,2009,0.934192
6931,moz,2010,0.955191
6931,moz,2011,0.944684
6931,moz,2012,0.946027
6931,moz,2013,0.92311
6931,moz,2014,0.936886
6931,moz,2015,0.917784
6931,moz,2016,0.926768
6931,moz,1962,0.97548
6931,moz,1963,0.971638
6931,moz,1964,0.971232
6931,moz,1965,0.973164
6931,moz,1966,0.954827
6931,moz,1967,0.963428
6931,moz,1968,0.968297
6931,moz,1969,0.942894
6931,moz,1970,0.938791
6931,moz,1971,0.925513
6931,moz,1972,0.949659
6931,moz,1973,0.934179
6931,moz,1974,0.935572
6931,moz,1975,0.936623
6931,moz,1976,0.943647
6931,moz,1977,0.941214
6931,moz,1978,0.945252
6931,moz,1979,0.921123
6931,moz,1980,0.936443
6931,moz,1981,0.958384
6931,moz,1982,0.919809
6931,moz,1983,0.899415
6931,moz,1984,0.896309
6931,moz,1985,0.899861
6931,moz,1986,0.895605
6931,moz,1987,0.896015
6931,mrt,1988,0.984788
6931,mrt,1989,0.986512
6931,mrt,1990,0.9864
6931,mrt,1991,0.988513
6931,mrt,1992,0.989681
6931,mrt,1993,0.99112
6931,mrt,1994,0.981886
6931,mrt,1995,0.980932
6931,mrt,1996,0.976491
6931,mrt,1997,0.980136
6931,mrt,1998,0.986604
6931,mrt,1999,0.982015
6931,mrt,2000,0.981968
6931,mrt,2001,0.978563
6931,mrt,2002,0.974101
6931,mrt,2003,0.975755
6931,mrt,2004,0.983999
6931,mrt,2005,0.979536
6931,mrt,2006,0.985907
6931,mrt,2007,0.981171
6931,mrt,2008,0.985906
6931,mrt,2009,0.986528
6931,mrt,2010,0.986356
6931,mrt,2011,0.984079
6931,mrt,2012,0.980119
6931,mrt,2013,0.979785
6931,mrt,2014,0.978805
6931,mrt,2015,0.974481
6931,mrt,2016,0.977035
6931,mrt,1962,0.992406
6931,mrt,1963,0.96984
6931,mrt,1964,0.993964
6931,mrt,1965,0.995588
6931,mrt,1966,0.990462
6931,mrt,1967,0.992174
6931,mrt,1968,0.993793
6931,mrt,1969,0.98938
6931,mrt,1970,0.981963
6931,mrt,1971,0.980062
6931,mrt,1972,0.981596
6931,mrt,1973,0.987457
6931,mrt,1974,0.983617
6931,mrt,1975,0.978656
6931,mrt,1976,0.983013
6931,mrt,1977,0.986111
6931,mrt,1978,0.981211
6931,mrt,1979,0.989487
6931,mrt,1980,0.989129
6931,mrt,1981,0.986238
6931,mrt,1982,0.988653
6931,mrt,1983,0.991539
6931,mrt,1984,0.988403
6931,mrt,1985,0.989365
6931,mrt,1986,0.992112
6931,mrt,1987,0.979104
6931,msr,1988,0.921721
6931,msr,1989,0.941462
6931,msr,1990,0.943369
6931,msr,1991,0.949443
6931,msr,1992,0.946751
6931,msr,1993,0.937234
6931,msr,1994,0.943607
6931,msr,1995,0.962938
6931,msr,1996,0.981382
6931,msr,1997,0.963023
6931,msr,1998,0.932412
6931,msr,1999,0.922327
6931,msr,2000,0.918689
6931,msr,2001,0.950761
6931,msr,2002,0.942976
6931,msr,2003,0.929318
6931,msr,2004,0.881492
6931,msr,2005,0.934091
6931,msr,2006,0.90178
6931,msr,2007,0.917989
6931,msr,2008,0.94282
6931,msr,2009,0.943785
6931,msr,2010,0.953215
6931,msr,2011,0.927915
6931,msr,2012,0.938641
6931,msr,2013,0.925033
6931,msr,2014,0.921106
6931,msr,2015,0.929308
6931,msr,2016,0.935517
6931,msr,1970,0.999166
6931,msr,1971,0.99118
6931,msr,1972,0.947108
6931,msr,1973,0.952289
6931,msr,1974,0.905109
6931,msr,1975,0.900039
6931,msr,1976,0.925248
6931,msr,1977,0.894376
6931,msr,1978,0.913501
6931,msr,1979,0.907178
6931,msr,1980,0.901086
6931,msr,1981,0.893705
6931,msr,1982,0.917473
6931,msr,1983,0.915579
6931,msr,1984,0.894473
6931,msr,1985,0.918782
6931,msr,1986,0.887304
6931,msr,1987,0.949652
6931,mtq,1988,0.953261
6931,mtq,1989,0.93461
6931,mtq,1990,0.936145
6931,mtq,1991,0.94423
6931,mtq,1992,0.930227
6931,mtq,1993,0.937207
6931,mtq,1994,0.945471
6931,mtq,1995,0.93149
6931,mtq,1962,0.995813
6931,mtq,1963,0.994891
6931,mtq,1964,0.993867
6931,mtq,1965,0.992053
6931,mtq,1966,0.987782
6931,mtq,1967,0.988828
6931,mtq,1968,0.985135
6931,mtq,1969,0.981528
6931,mtq,1970,0.975866
6931,mtq,1971,0.982025
6931,mtq,1972,0.981222
6931,mtq,1973,0.980311
6931,mtq,1974,0.976887
6931,mtq,1975,0.972868
6931,mtq,1976,0.98236
6931,mtq,1977,0.973205
6931,mtq,1978,0.980366
6931,mtq,1979,0.956936
6931,mtq,1980,0.956925
6931,mtq,1981,0.961498
6931,mtq,1982,0.950342
6931,mtq,1983,0.954861
6931,mtq,1984,0.95942
6931,mtq,1985,0.951039
6931,mtq,1986,0.949027
6931,mtq,1987,0.949058
6931,mus,1988,0.918249
6931,mus,1989,0.923199
6931,mus,1990,0.905013
6931,mus,1991,0.914414
6931,mus,1992,0.919478
6931,mus,1993,0.915847
6931,mus,1994,0.91588
6931,mus,1995,0.903182
6931,mus,1996,0.911146
6931,mus,1997,0.910536
6931,mus,1998,0.904427
6931,mus,1999,0.893544
6931,mus,2000,0.899457
6931,mus,2001,0.888825
6931,mus,2002,0.871772
6931,mus,2003,0.87865
6931,mus,2004,0.867216
6931,mus,2005,0.861131
6931,mus,2006,0.873162
6931,mus,2007,0.850509
6931,mus,2008,0.84984
6931,mus,2009,0.848459
6931,mus,2010,0.843978
6931,mus,2011,0.852423
6931,mus,2012,0.823607
6931,mus,2013,0.83183
6931,mus,2014,0.845126
6931,mus,2015,0.844289
6931,mus,2016,0.846648
6931,mus,1962,0.999598
6931,mus,1963,0.999633
6931,mus,1964,0.992256
6931,mus,1965,0.991281
6931,mus,1966,0.984748
6931,mus,1967,0.991648
6931,mus,1968,0.992457
6931,mus,1969,0.991221
6931,mus,1970,0.987197
6931,mus,1971,0.975752
6931,mus,1972,0.987328
6931,mus,1973,0.953423
6931,mus,1974,0.946677
6931,mus,1975,0.937229
6931,mus,1976,0.920423
6931,mus,1977,0.895193
6931,mus,1978,0.943233
6931,mus,1979,0.950118
6931,mus,1980,0.922934
6931,mus,1981,0.923928
6931,mus,1982,0.922319
6931,mus,1983,0.928611
6931,mus,1984,0.936212
6931,mus,1985,0.926718
6931,mus,1986,0.923531
6931,mus,1987,0.921259
6931,mwi,1988,0.961728
6931,mwi,1989,0.95415
6931,mwi,1990,0.951916
6931,mwi,1991,0.951774
6931,mwi,1992,0.967238
6931,mwi,1993,0.960493
6931,mwi,1994,0.939839
6931,mwi,1995,0.91444
6931,mwi,1996,0.915205
6931,mwi,1997,0.937411
6931,mwi,1998,0.946421
6931,mwi,1999,0.927561
6931,mwi,2000,0.919892
6931,mwi,2001,0.934754
6931,mwi,2002,0.946081
6931,mwi,2003,0.942872
6931,mwi,2004,0.931733
6931,mwi,2005,0.947102
6931,mwi,2006,0.919574
6931,mwi,2007,0.924596
6931,mwi,2008,0.916721
6931,mwi,2009,0.944152
6931,mwi,2010,0.934985
6931,mwi,2011,0.936695
6931,mwi,2012,0.937048
6931,mwi,2013,0.921732
6931,mwi,2014,0.906707
6931,mwi,2015,0.911166
6931,mwi,2016,0.955557
6931,mwi,1965,0.99495
6931,mwi,1966,0.981686
6931,mwi,1967,0.974045
6931,mwi,1968,0.983678
6931,mwi,1969,0.973483
6931,mwi,1970,0.954176
6931,mwi,1971,0.955354
6931,mwi,1972,0.961899
6931,mwi,1973,0.953267
6931,mwi,1974,0.945992
6931,mwi,1975,0.923133
6931,mwi,1976,0.94654
6931,mwi,1977,0.970427
6931,mwi,1978,0.964907
6931,mwi,1979,0.952675
6931,mwi,1980,0.945443
6931,mwi,1981,0.950118
6931,mwi,1982,0.947358
6931,mwi,1983,0.962658
6931,mwi,1984,0.969519
6931,mwi,1985,0.97676
6931,mwi,1986,0.966837
6931,mwi,1987,0.961673
6931,mys,1988,0.886729
6931,mys,1989,0.877321
6931,mys,1990,0.872642
6931,mys,1991,0.880946
6931,mys,1992,0.879631
6931,mys,1993,0.879251
6931,mys,1994,0.87818
6931,mys,1995,0.885624
6931,mys,1996,0.879508
6931,mys,1997,0.883485
6931,mys,1998,0.881578
6931,mys,1999,0.883854
6931,mys,2000,0.875667
6931,mys,2001,0.848455
6931,mys,2002,0.873018
6931,mys,2003,0.891856
6931,mys,2004,0.867008
6931,mys,2005,0.856028
6931,mys,2006,0.851592
6931,mys,2007,0.845973
6931,mys,2008,0.828789
6931,mys,2009,0.813294
6931,mys,2010,0.818229
6931,mys,2011,0.821588
6931,mys,2012,0.806821
6931,mys,2013,0.80909
6931,mys,2014,0.799706
6931,mys,2015,0.7911
6931,mys,2016,0.8118
6931,mys,1964,0.966133
6931,mys,1965,0.971993
6931,mys,1966,0.955385
6931,mys,1967,0.953786
6931,mys,1968,0.96656
6931,mys,1969,0.961007
6931,mys,1970,0.953799
6931,mys,1971,0.954563
6931,mys,1972,0.955756
6931,mys,1973,0.944767
6931,mys,1974,0.942381
6931,mys,1975,0.915862
6931,mys,1976,0.933934
6931,mys,1977,0.920669
6931,mys,1978,0.93017
6931,mys,1979,0.931464
6931,mys,1980,0.92909
6931,mys,1981,0.917749
6931,mys,1982,0.899441
6931,mys,1983,0.907086
6931,mys,1984,0.910702
6931,mys,1985,0.907453
6931,mys,1986,0.891576
6931,mys,1987,0.882419
6931,ncl,1988,0.989867
6931,ncl,1989,0.989226
6931,ncl,1990,0.983421
6931,ncl,1991,0.984629
6931,ncl,1992,0.989446
6931,ncl,1993,0.988712
6931,ncl,1994,0.98511
6931,ncl,1995,0.981264
6931,ncl,1996,0.989
6931,ncl,1997,0.980531
6931,ncl,1998,0.978722
6931,ncl,1999,0.980976
6931,ncl,2000,0.982781
6931,ncl,2001,0.981359
6931,ncl,2002,0.979495
6931,ncl,2003,0.974482
6931,ncl,2004,0.98161
6931,ncl,2005,0.981476
6931,ncl,2006,0.986881
6931,ncl,2007,0.987938
6931,ncl,2008,0.986939
6931,ncl,2009,0.981695
6931,ncl,2010,0.982575
6931,ncl,2011,0.986297
6931,ncl,2012,0.978988
6931,ncl,2013,0.980464
6931,ncl,2014,0.977791
6931,ncl,2015,0.976957
6931,ncl,2016,0.983448
6931,ncl,1962,0.994654
6931,ncl,1963,0.988324
6931,ncl,1964,0.988477
6931,ncl,1965,0.993308
6931,ncl,1966,0.995397
6931,ncl,1967,0.993935
6931,ncl,1968,0.997709
6931,ncl,1969,0.997325
6931,ncl,1970,0.9958
6931,ncl,1971,0.996699
6931,ncl,1972,0.995416
6931,ncl,1973,0.992175
6931,ncl,1974,0.992932
6931,ncl,1975,0.99622
6931,ncl,1976,0.993047
6931,ncl,1977,0.989832
6931,ncl,1978,0.988266
6931,ncl,1979,0.988163
6931,ncl,1980,0.991487
6931,ncl,1981,0.991337
6931,ncl,1982,0.986545
6931,ncl,1983,0.984785
6931,ncl,1984,0.985648
6931,ncl,1985,0.988806
6931,ncl,1986,0.983678
6931,ncl,1987,0.979805
6931,ner,1988,0.985574
6931,ner,1989,0.986023
6931,ner,1990,0.967871
6931,ner,1991,0.972571
6931,ner,1992,0.970897
6931,ner,1993,0.980561
6931,ner,1994,0.959017
6931,ner,1995,0.956494
6931,ner,1996,0.946794
6931,ner,1997,0.974718
6931,ner,1998,0.973856
6931,ner,1999,0.975727
6931,ner,2000,0.94024
6931,ner,2001,0.939657
6931,ner,2002,0.89003
6931,ner,2003,0.905118
6931,ner,2004,0.9718
6931,ner,2005,0.951039
6931,ner,2006,0.946126
6931,ner,2007,0.960333
6931,ner,2008,0.930978
6931,ner,2009,0.970195
6931,ner,2010,0.964471
6931,ner,2011,0.978662
6931,ner,2012,0.981484
6931,ner,2013,0.987658
6931,ner,2014,0.96861
6931,ner,2015,0.988026
6931,ner,2016,0.974708
6931,ner,1962,0.992852
6931,ner,1963,0.990198
6931,ner,1964,0.984496
6931,ner,1965,0.992682
6931,ner,1966,0.976523
6931,ner,1967,0.989793
6931,ner,1968,0.991278
6931,ner,1969,0.990774
6931,ner,1970,0.975775
6931,ner,1971,0.97438
6931,ner,1972,0.973909
6931,ner,1973,0.979586
6931,ner,1974,0.956028
6931,ner,1975,0.974675
6931,ner,1976,0.974371
6931,ner,1977,0.979043
6931,ner,1978,0.983197
6931,ner,1979,0.991753
6931,ner,1980,0.990122
6931,ner,1981,0.980478
6931,ner,1982,0.982413
6931,ner,1983,0.985043
6931,ner,1984,0.984949
6931,ner,1985,0.970581
6931,ner,1986,0.982717
6931,ner,1987,0.991028
6931,nfk,1988,0.989498
6931,nfk,1989,0.98469
6931,nfk,1990,0.976346
6931,nfk,1991,0.979244
6931,nfk,1992,0.99527
6931,nfk,1993,0.979
6931,nfk,1994,0.980713
6931,nfk,1995,0.995752
6931,nfk,1996,0.972283
6931,nfk,1997,0.968055
6931,nfk,1998,0.972012
6931,nfk,1999,0.968407
6931,nfk,2000,0.966738
6931,nfk,2001,0.965299
6931,nfk,2002,0.965153
6931,nfk,2003,0.968011
6931,nfk,2004,0.978079
6931,nfk,2005,0.970075
6931,nfk,2006,0.958132
6931,nfk,2007,0.933477
6931,nfk,2008,0.924743
6931,nfk,2009,0.947962
6931,nfk,2010,0.963226
6931,nfk,2011,0.948384
6931,nfk,2012,0.943271
6931,nfk,2013,0.952754
6931,nfk,2014,0.959835
6931,nfk,2015,0.956329
6931,nfk,2016,0.941411
6931,nfk,1970,0.986562
6931,nfk,1971,0.991609
6931,nfk,1972,0.988844
6931,nfk,1973,0.995666
6931,nfk,1974,0.978599
6931,nfk,1975,0.982679
6931,nfk,1976,0.985599
6931,nfk,1977,0.970791
6931,nfk,1978,0
6931,nfk,1979,0.998064
6931,nfk,1980,0.994661
6931,nfk,1981,0.996255
6931,nfk,1982,0.990919
6931,nfk,1983,0.99215
6931,nfk,1984,0.994231
6931,nfk,1985,0.994456
6931,nfk,1986,0.985994
6931,nfk,1987,0.982818
6931,nga,1988,0.987794
6931,nga,1989,0.989785
6931,nga,1990,0.982775
6931,nga,1991,0.978259
6931,nga,1992,0.982651
6931,nga,1993,0.984326
6931,nga,1994,0.977773
6931,nga,1995,0.970142
6931,nga,1996,0.965528
6931,nga,1997,0.975435
6931,nga,1998,0.961
6931,nga,1999,0.96029
6931,nga,2000,0.982576
6931,nga,2001,0.978699
6931,nga,2002,0.967666
6931,nga,2003,0.979847
6931,nga,2004,0.987067
6931,nga,2005,0.98728
6931,nga,2006,0.987648
6931,nga,2007,0.982984
6931,nga,2008,0.980966
6931,nga,2009,0.97808
6931,nga,2010,0.968628
6931,nga,2011,0.986848
6931,nga,2012,0.967103
6931,nga,2013,0.963215
6931,nga,2014,0.975078
6931,nga,2015,0.97556
6931,nga,2016,0.964053
6931,nga,1962,0.985078
6931,nga,1963,0.981626
6931,nga,1964,0.976213
6931,nga,1965,0.982103
6931,nga,1966,0.976455
6931,nga,1967,0.982276
6931,nga,1968,0.985373
6931,nga,1969,0.982326
6931,nga,1970,0.977007
6931,nga,1971,0.98571
6931,nga,1972,0.992506
6931,nga,1973,0.984774
6931,nga,1974,0.989343
6931,nga,1975,0.987753
6931,nga,1976,0.987385
6931,nga,1977,0.986333
6931,nga,1978,0.9912
6931,nga,1979,0.992592
6931,nga,1980,0.993618
6931,nga,1981,0.99127
6931,nga,1982,0.991762
6931,nga,1983,0.992526
6931,nga,1984,0.990739
6931,nga,1985,0.993493
6931,nga,1986,0.990294
6931,nga,1987,0.986272
6931,nic,1988,0.933893
6931,nic,1989,0.908959
6931,nic,1990,0.892475
6931,nic,1991,0.90537
6931,nic,1992,0.888677
6931,nic,1993,0.896343
6931,nic,1994,0.87452
6931,nic,1995,0.879684
6931,nic,1996,0.886816
6931,nic,1997,0.897891
6931,nic,1998,0.890254
6931,nic,1999,0.885145
6931,nic,2000,0.88284
6931,nic,2001,0.880339
6931,nic,2002,0.855873
6931,nic,2003,0.881928
6931,nic,2004,0.884113
6931,nic,2005,0.899506
6931,nic,2006,0.909093
6931,nic,2007,0.889444
6931,nic,2008,0.898989
6931,nic,2009,0.915474
6931,nic,2010,0.9136
6931,nic,2011,0.910224
6931,nic,2012,0.88714
6931,nic,2013,0.89471
6931,nic,2014,0.907961
6931,nic,2015,0.892675
6931,nic,2016,0.910359
6931,nic,1962,0.991414
6931,nic,1963,0.989853
6931,nic,1964,0.978913
6931,nic,1965,0.96705
6931,nic,1966,0.947844
6931,nic,1967,0.943813
6931,nic,1968,0.951853
6931,nic,1969,0.933977
6931,nic,1970,0.902543
6931,nic,1971,0.916785
6931,nic,1972,0.915871
6931,nic,1973,0.900084
6931,nic,1974,0.891322
6931,nic,1975,0.888813
6931,nic,1976,0.910087
6931,nic,1977,0.883981
6931,nic,1978,0.966112
6931,nic,1979,0.971835
6931,nic,1980,0.973758
6931,nic,1981,0.98198
6931,nic,1982,0.974093
6931,nic,1983,0.980434
6931,nic,1984,0.983151
6931,nic,1985,0.98253
6931,nic,1986,0.949436
6931,nic,1987,0.944139
6931,niu,1988,0.97073
6931,niu,1989,0.980653
6931,niu,1990,0.976028
6931,niu,1991,0.985419
6931,niu,1992,0.981727
6931,niu,1993,0.984474
6931,niu,1994,0.975623
6931,niu,1995,0.952034
6931,niu,1996,0.953504
6931,niu,1997,0.963633
6931,niu,1998,0.974394
6931,niu,1999,0.960763
6931,niu,2000,0.930699
6931,niu,2001,0.916513
6931,niu,2002,0.953099
6931,niu,2003,0.970434
6931,niu,2004,0.933896
6931,niu,2005,0.949729
6931,niu,2006,0.928923
6931,niu,2007,0.93645
6931,niu,2008,0.909141
6931,niu,2009,0.932551
6931,niu,2010,0.980709
6931,niu,2011,0.923098
6931,niu,2012,0.902634
6931,niu,2013,0.919392
6931,niu,2014,0.886918
6931,niu,2015,0.912032
6931,niu,2016,0.923407
6931,niu,1970,0.998793
6931,niu,1971,0.99628
6931,niu,1972,0.999417
6931,niu,1973,0.981772
6931,niu,1974,0.896685
6931,niu,1975,0.986229
6931,niu,1976,0.984988
6931,niu,1977,0.997694
6931,niu,1978,0.994801
6931,niu,1979,0.994433
6931,niu,1980,0.98227
6931,niu,1981,0.981005
6931,niu,1982,0.976828
6931,niu,1983,0.982671
6931,niu,1984,0.979213
6931,niu,1985,0.966396
6931,niu,1986,0.982837
6931,niu,1987,0.971667
6931,nld,1988,0.636619
6931,nld,1989,0.651757
6931,nld,1990,0.646076
6931,nld,1991,0.650835
6931,nld,1992,0.641268
6931,nld,1993,0.637156
6931,nld,1994,0.620015
6931,nld,1995,0.659379
6931,nld,1996,0.653364
6931,nld,1997,0.648865
6931,nld,1998,0.644263
6931,nld,1999,0.656094
6931,nld,2000,0.654483
6931,nld,2001,0.653571
6931,nld,2002,0.668665
6931,nld,2003,0.672277
6931,nld,2004,0.662115
6931,nld,2005,0.661876
6931,nld,2006,0.655412
6931,nld,2007,0.67137
6931,nld,2008,0.692739
6931,nld,2009,0.694467
6931,nld,2010,0.693241
6931,nld,2011,0.695764
6931,nld,2012,0.681158
6931,nld,2013,0.687535
6931,nld,2014,0.692595
6931,nld,2015,0.677867
6931,nld,2016,0.690259
6931,nld,1962,0.566096
6931,nld,1963,0.586103
6931,nld,1964,0.599219
6931,nld,1965,0.57671
6931,nld,1966,0.541384
6931,nld,1967,0.581292
6931,nld,1968,0.582934
6931,nld,1969,0.593706
6931,nld,1970,0.580587
6931,nld,1971,0.601459
6931,nld,1972,0.571084
6931,nld,1973,0.555223
6931,nld,1974,0.548177
6931,nld,1975,0.579162
6931,nld,1976,0.593791
6931,nld,1977,0.606932
6931,nld,1978,0.615402
6931,nld,1979,0.660935
6931,nld,1980,0.649571
6931,nld,1981,0.652351
6931,nld,1982,0.655386
6931,nld,1983,0.665185
6931,nld,1984,0.660027
6931,nld,1985,0.655171
6931,nld,1986,0.667241
6931,nld,1987,0.642375
6931,nor,1988,0.827698
6931,nor,1989,0.846375
6931,nor,1990,0.855251
6931,nor,1991,0.862702
6931,nor,1992,0.864042
6931,nor,1993,0.872763
6931,nor,1994,0.88084
6931,nor,1995,0.875413
6931,nor,1996,0.878682
6931,nor,1997,0.880935
6931,nor,1998,0.85467
6931,nor,1999,0.864529
6931,nor,2000,0.879949
6931,nor,2001,0.893963
6931,nor,2002,0.875789
6931,nor,2003,0.873037
6931,nor,2004,0.900637
6931,nor,2005,0.911938
6931,nor,2006,0.917966
6931,nor,2007,0.906611
6931,nor,2008,0.930063
6931,nor,2009,0.905998
6931,nor,2010,0.90691
6931,nor,2011,0.919432
6931,nor,2012,0.92147
6931,nor,2013,0.917226
6931,nor,2014,0.906274
6931,nor,2015,0.897692
6931,nor,2016,0.890135
6931,nor,1962,0.773395
6931,nor,1963,0.774796
6931,nor,1964,0.777352
6931,nor,1965,0.801367
6931,nor,1966,0.792065
6931,nor,1967,0.773882
6931,nor,1968,0.81215
6931,nor,1969,0.78305
6931,nor,1970,0.743032
6931,nor,1971,0.730229
6931,nor,1972,0.731136
6931,nor,1973,0.733587
6931,nor,1974,0.719865
6931,nor,1975,0.764945
6931,nor,1976,0.798223
6931,nor,1977,0.811625
6931,nor,1978,0.814398
6931,nor,1979,0.807697
6931,nor,1980,0.85132
6931,nor,1981,0.861045
6931,nor,1982,0.868386
6931,nor,1983,0.861424
6931,nor,1984,0.873097
6931,nor,1985,0.865104
6931,nor,1986,0.841384
6931,nor,1987,0.835037
6931,npl,1988,0.913062
6931,npl,1989,0.923921
6931,npl,1990,0.899945
6931,npl,1991,0.922818
6931,npl,1992,0.922132
6931,npl,1993,0.910251
6931,npl,1994,0.884141
6931,npl,1995,0.890267
6931,npl,1996,0.884903
6931,npl,1997,0.880396
6931,npl,1998,0.858693
6931,npl,1999,0.833648
6931,npl,2000,0.8382
6931,npl,2001,0.910697
6931,npl,2002,0.898643
6931,npl,2003,0.801443
6931,npl,2004,0.898857
6931,npl,2005,0.88562
6931,npl,2006,0.783281
6931,npl,2007,0.812164
6931,npl,2008,0.828211
6931,npl,2009,0.828488
6931,npl,2010,0.823338
6931,npl,2011,0.81411
6931,npl,2012,0.812877
6931,npl,2013,0.816723
6931,npl,2014,0.824396
6931,npl,2015,0.821538
6931,npl,2016,0.84215
6931,npl,1962,0.966869
6931,npl,1963,0.95
6931,npl,1964,0.976297
6931,npl,1965,0.972354
6931,npl,1966,0.942276
6931,npl,1967,0.957157
6931,npl,1968,0.948644
6931,npl,1969,0.93432
6931,npl,1970,0.93247
6931,npl,1971,0.953642
6931,npl,1972,0.959645
6931,npl,1973,0.94748
6931,npl,1974,0.951026
6931,npl,1975,0.927754
6931,npl,1976,0.898428
6931,npl,1977,0.911265
6931,npl,1978,0.941541
6931,npl,1979,0.940201
6931,npl,1980,0.930691
6931,npl,1981,0.926728
6931,npl,1982,0.927294
6931,npl,1983,0.945416
6931,npl,1984,0.917221
6931,npl,1985,0.909491
6931,npl,1986,0.906727
6931,npl,1987,0.917141
6931,nru,1988,0.989422
6931,nru,1989,0.984918
6931,nru,1990,0.984393
6931,nru,1991,0.983604
6931,nru,1992,0.98332
6931,nru,1993,0.990715
6931,nru,1994,0.981817
6931,nru,1995,0.980244
6931,nru,1996,0.968845
6931,nru,1997,0.968029
6931,nru,1998,0.971144
6931,nru,1999,0.966841
6931,nru,2000,0.954716
6931,nru,2001,0.937217
6931,nru,2002,0.950211
6931,nru,2003,0.926149
6931,nru,2004,0.959251
6931,nru,2005,0.902906
6931,nru,2006,0.911099
6931,nru,2007,0.93196
6931,nru,2008,0.987722
6931,nru,2009,0.962592
6931,nru,2010,0.972159
6931,nru,2011,0.97508
6931,nru,2012,0.978548
6931,nru,2013,0.983448
6931,nru,2014,0.957068
6931,nru,2015,0.96221
6931,nru,2016,0.947272
6931,nru,1970,1
6931,nru,1971,0.999628
6931,nru,1972,1
6931,nru,1973,0.997438
6931,nru,1974,0.998872
6931,nru,1975,0.99838
6931,nru,1976,0.998805
6931,nru,1977,0.996397
6931,nru,1978,0.985971
6931,nru,1979,0.996435
6931,nru,1980,0.999724
6931,nru,1981,1
6931,nru,1982,0.99883
6931,nru,1983,0.998923
6931,nru,1984,0.99621
6931,nru,1985,0.994801
6931,nru,1986,0.997289
6931,nru,1987,0.994101
6931,nzl,1988,0.851338
6931,nzl,1989,0.855006
6931,nzl,1990,0.840046
6931,nzl,1991,0.830512
6931,nzl,1992,0.829279
6931,nzl,1993,0.820386
6931,nzl,1994,0.792344
6931,nzl,1995,0.786963
6931,nzl,1996,0.784052
6931,nzl,1997,0.78406
6931,nzl,1998,0.779011
6931,nzl,1999,0.770646
6931,nzl,2000,0.762682
6931,nzl,2001,0.784563
6931,nzl,2002,0.785473
6931,nzl,2003,0.765207
6931,nzl,2004,0.783836
6931,nzl,2005,0.777782
6931,nzl,2006,0.789457
6931,nzl,2007,0.781058
6931,nzl,2008,0.82122
6931,nzl,2009,0.824738
6931,nzl,2010,0.816495
6931,nzl,2011,0.834816
6931,nzl,2012,0.821316
6931,nzl,2013,0.825024
6931,nzl,2014,0.842595
6931,nzl,2015,0.837558
6931,nzl,2016,0.850811
6931,nzl,1962,0.977584
6931,nzl,1963,0.969594
6931,nzl,1964,0.965689
6931,nzl,1965,0.966794
6931,nzl,1966,0.962124
6931,nzl,1967,0.964821
6931,nzl,1968,0.955565
6931,nzl,1969,0.94463
6931,nzl,1970,0.922235
6931,nzl,1971,0.906095
6931,nzl,1972,0.922513
6931,nzl,1973,0.901716
6931,nzl,1974,0.890833
6931,nzl,1975,0.880658
6931,nzl,1976,0.887991
6931,nzl,1977,0.874518
6931,nzl,1978,0.914682
6931,nzl,1979,0.890072
6931,nzl,1980,0.881626
6931,nzl,1981,0.86941
6931,nzl,1982,0.859577
6931,nzl,1983,0.852042
6931,nzl,1984,0.835549
6931,nzl,1985,0.836598
6931,nzl,1986,0.844624
6931,nzl,1987,0.853654
6931,omn,1988,0.981951
6931,omn,1989,0.978198
6931,omn,1990,0.987086
6931,omn,1991,0.990969
6931,omn,1992,0.972299
6931,omn,1993,0.964018
6931,omn,1994,0.964968
6931,omn,1995,0.948764
6931,omn,1996,0.969303
6931,omn,1997,0.942547
6931,omn,1998,0.928466
6931,omn,1999,0.934393
6931,omn,2000,0.95255
6931,omn,2001,0.971593
6931,omn,2002,0.962451
6931,omn,2003,0.96791
6931,omn,2004,0.944012
6931,omn,2005,0.956317
6931,omn,2006,0.962061
6931,omn,2007,0.948621
6931,omn,2008,0.964184
6931,omn,2009,0.945421
6931,omn,2010,0.94507
6931,omn,2011,0.952838
6931,omn,2012,0.961423
6931,omn,2013,0.953015
6931,omn,2014,0.958867
6931,omn,2015,0.909798
6931,omn,2016,0.910271
6931,omn,1962,0.98649
6931,omn,1963,0.964089
6931,omn,1964,0.995165
6931,omn,1965,0.996789
6931,omn,1966,0.994885
6931,omn,1967,0.999264
6931,omn,1968,0.998745
6931,omn,1969,0.99936
6931,omn,1970,0.998201
6931,omn,1971,0.997739
6931,omn,1972,0.997956
6931,omn,1973,0.993943
6931,omn,1974,0.998694
6931,omn,1975,0.99651
6931,omn,1976,0.998234
6931,omn,1977,0.996209
6931,omn,1978,0.993669
6931,omn,1979,0.989012
6931,omn,1980,0.985556
6931,omn,1981,0.997735
6931,omn,1982,0.996694
6931,omn,1983,0.99635
6931,omn,1984,0.995959
6931,omn,1985,0.996227
6931,omn,1986,0.992192
6931,omn,1987,0.979918
6931,pak,1988,0.866787
6931,pak,1989,0.863552
6931,pak,1990,0.849354
6931,pak,1991,0.874453
6931,pak,1992,0.871136
6931,pak,1993,0.865924
6931,pak,1994,0.87451
6931,pak,1995,0.85005
6931,pak,1996,0.852831
6931,pak,1997,0.869466
6931,pak,1998,0.863217
6931,pak,1999,0.830783
6931,pak,2000,0.827433
6931,pak,2001,0.84344
6931,pak,2002,0.827865
6931,pak,2003,0.808544
6931,pak,2004,0.808708
6931,pak,2005,0.815911
6931,pak,2006,0.814788
6931,pak,2007,0.806257
6931,pak,2008,0.81675
6931,pak,2009,0.828327
6931,pak,2010,0.82593
6931,pak,2011,0.816373
6931,pak,2012,0.821426
6931,pak,2013,0.806904
6931,pak,2014,0.813008
6931,pak,2015,0.783464
6931,pak,2016,0.795167
6931,pak,1962,0.953577
6931,pak,1963,0.953744
6931,pak,1964,0.942298
6931,pak,1965,0.952213
6931,pak,1966,0.948074
6931,pak,1967,0.9315
6931,pak,1968,0.933311
6931,pak,1969,0.920396
6931,pak,1970,0.905314
6931,pak,1971,0.89889
6931,pak,1972,0.928712
6931,pak,1973,0.900236
6931,pak,1974,0.84973
6931,pak,1975,0.835743
6931,pak,1976,0.853495
6931,pak,1977,0.824747
6931,pak,1978,0.890866
6931,pak,1979,0.902015
6931,pak,1980,0.880568
6931,pak,1981,0.880726
6931,pak,1982,0.863756
6931,pak,1983,0.874298
6931,pak,1984,0.831012
6931,pak,1985,0.866426
6931,pak,1986,0.867395
6931,pak,1987,0.861944
6931,pan,1988,0.882812
6931,pan,1989,0.890061
6931,pan,1990,0.893713
6931,pan,1991,0.881192
6931,pan,1992,0.876253
6931,pan,1993,0.865809
6931,pan,1994,0.879587
6931,pan,1995,0.857868
6931,pan,1996,0.898841
6931,pan,1997,0.877889
6931,pan,1998,0.83158
6931,pan,1999,0.815024
6931,pan,2000,0.818681
6931,pan,2001,0.812693
6931,pan,2002,0.816857
6931,pan,2003,0.834394
6931,pan,2004,0.817398
6931,pan,2005,0.829013
6931,pan,2006,0.803637
6931,pan,2007,0.804404
6931,pan,2008,0.811806
6931,pan,2009,0.839463
6931,pan,2010,0.817343
6931,pan,2011,0.787668
6931,pan,2012,0.775538
6931,pan,2013,0.814482
6931,pan,2014,0.840714
6931,pan,2015,0.841218
6931,pan,2016,0.799735
6931,pan,1962,0.925473
6931,pan,1963,0.947469
6931,pan,1964,0.939955
6931,pan,1965,0.946788
6931,pan,1966,0.914834
6931,pan,1967,0.941802
6931,pan,1968,0.899033
6931,pan,1969,0.937139
6931,pan,1970,0.905545
6931,pan,1971,0.938426
6931,pan,1972,0.921264
6931,pan,1973,0.884995
6931,pan,1974,0.908548
6931,pan,1975,0.902877
6931,pan,1976,0.880836
6931,pan,1977,0.865215
6931,pan,1978,0.946368
6931,pan,1979,0.956118
6931,pan,1980,0.926865
6931,pan,1981,0.939525
6931,pan,1982,0.879898
6931,pan,1983,0.921697
6931,pan,1984,0.92135
6931,pan,1985,0.925906
6931,pan,1986,0.897387
6931,pan,1987,0.900589
6931,pci,1988,0.952564
6931,pci,1989,0.954324
6931,pci,1990,0.953593
6931,pci,1991,0.94795
6931,pci,1962,0
6931,pci,1963,0
6931,pci,1964,0
6931,pci,1965,0
6931,pci,1966,0
6931,pci,1967,0
6931,pci,1968,0
6931,pci,1969,0
6931,pci,1970,0.979338
6931,pci,1971,0.979098
6931,pci,1972,0.970617
6931,pci,1973,0.975849
6931,pci,1974,0.987378
6931,pci,1975,0.956267
6931,pci,1976,0.982197
6931,pci,1977,0.959023
6931,pci,1978,0.991059
6931,pci,1979,0.991088
6931,pci,1980,0.989588
6931,pci,1981,0.9856
6931,pci,1982,0.988896
6931,pci,1983,0.976504
6931,pci,1984,0.975124
6931,pci,1985,0.957051
6931,pci,1986,0.9596
6931,pci,1987,0.95213
6931,pcn,1988,0.951286
6931,pcn,1989,0.977143
6931,pcn,1990,0.9746
6931,pcn,1991,0.964529
6931,pcn,1992,0.964945
6931,pcn,1993,0.993681
6931,pcn,1994,0.987773
6931,pcn,1995,0.986777
6931,pcn,1996,0.981362
6931,pcn,1997,0.980018
6931,pcn,1998,0.974375
6931,pcn,1999,0.985622
6931,pcn,2000,0.957051
6931,pcn,2001,0.95725
6931,pcn,2002,0.94634
6931,pcn,2003,0.942715
6931,pcn,2004,0.951811
6931,pcn,2005,0.964671
6931,pcn,2006,0.982139
6931,pcn,2007,0.943313
6931,pcn,2008,0.936099
6931,pcn,2009,0.940397
6931,pcn,2010,0.934451
6931,pcn,2011,0.895012
6931,pcn,2012,0.897856
6931,pcn,2013,0.93563
6931,pcn,2014,0.932008
6931,pcn,2015,0.94656
6931,pcn,2016,0.942329
6931,pcn,1970,0
6931,pcn,1971,0.998544
6931,pcn,1972,0
6931,pcn,1973,0
6931,pcn,1974,0
6931,pcn,1975,0.99541
6931,pcn,1976,0.996376
6931,pcn,1977,0.999139
6931,pcn,1978,0.99734
6931,pcn,1979,0.994701
6931,pcn,1980,0.994489
6931,pcn,1981,0.990949
6931,pcn,1982,0.987435
6931,pcn,1983,0.993112
6931,pcn,1984,0.992599
6931,pcn,1985,0.981202
6931,pcn,1986,0.981603
6931,pcn,1987,0.980181
6931,per,1988,0.885966
6931,per,1989,0.863893
6931,per,1990,0.857766
6931,per,1991,0.854701
6931,per,1992,0.877693
6931,per,1993,0.87896
6931,per,1994,0.880767
6931,per,1995,0.876014
6931,per,1996,0.87221
6931,per,1997,0.870985
6931,per,1998,0.848973
6931,per,1999,0.857553
6931,per,2000,0.84434
6931,per,2001,0.835024
6931,per,2002,0.841506
6931,per,2003,0.834634
6931,per,2004,0.85913
6931,per,2005,0.853962
6931,per,2006,0.867224
6931,per,2007,0.862715
6931,per,2008,0.859714
6931,per,2009,0.87267
6931,per,2010,0.859939
6931,per,2011,0.868795
6931,per,2012,0.857481
6931,per,2013,0.83759
6931,per,2014,0.844623
6931,per,2015,0.844873
6931,per,2016,0.865607
6931,per,1962,0.974341
6931,per,1963,0.975923
6931,per,1964,0.972607
6931,per,1965,0.978483
6931,per,1966,0.963162
6931,per,1967,0.970944
6931,per,1968,0.974827
6931,per,1969,0.970151
6931,per,1970,0.957896
6931,per,1971,0.955125
6931,per,1972,0.958435
6931,per,1973,0.941986
6931,per,1974,0.943004
6931,per,1975,0.95535
6931,per,1976,0.939165
6931,per,1977,0.920629
6931,per,1978,0.871666
6931,per,1979,0.879129
6931,per,1980,0.887357
6931,per,1981,0.905326
6931,per,1982,0.88136
6931,per,1983,0.904586
6931,per,1984,0.892383
6931,per,1985,0.903866
6931,per,1986,0.911784
6931,per,1987,0.877635
6931,phl,1988,0.82468
6931,phl,1989,0.814294
6931,phl,1990,0.794135
6931,phl,1991,0.808993
6931,phl,1992,0.825649
6931,phl,1993,0.823658
6931,phl,1994,0.836469
6931,phl,1995,0.825988
6931,phl,1996,0.848166
6931,phl,1997,0.870761
6931,phl,1998,0.88044
6931,phl,1999,0.885759
6931,phl,2000,0.885186
6931,phl,2001,0.875659
6931,phl,2002,0.879377
6931,phl,2003,0.895526
6931,phl,2004,0.879451
6931,phl,2005,0.883605
6931,phl,2006,0.879335
6931,phl,2007,0.890513
6931,phl,2008,0.850163
6931,phl,2009,0.871479
6931,phl,2010,0.86157
6931,phl,2011,0.839237
6931,phl,2012,0.827449
6931,phl,2013,0.800451
6931,phl,2014,0.825214
6931,phl,2015,0.826212
6931,phl,2016,0.854706
6931,phl,1962,0.93051
6931,phl,1963,0.952581
6931,phl,1964,0.953044
6931,phl,1965,0.957028
6931,phl,1966,0.956635
6931,phl,1967,0.941826
6931,phl,1968,0.97017
6931,phl,1969,0.929823
6931,phl,1970,0.930731
6931,phl,1971,0.935121
6931,phl,1972,0.93848
6931,phl,1973,0.904641
6931,phl,1974,0.876502
6931,phl,1975,0.886362
6931,phl,1976,0.879706
6931,phl,1977,0.859533
6931,phl,1978,0.857166
6931,phl,1979,0.866942
6931,phl,1980,0.851281
6931,phl,1981,0.862759
6931,phl,1982,0.817326
6931,phl,1983,0.828052
6931,phl,1984,0.839382
6931,phl,1985,0.836246
6931,phl,1986,0.842212
6931,phl,1987,0.81758
6931,png,1988,0.984882
6931,png,1989,0.976218
6931,png,1990,0.972429
6931,png,1991,0.968911
6931,png,1992,0.978829
6931,png,1993,0.983239
6931,png,1994,0.984564
6931,png,1995,0.984702
6931,png,1996,0.978903
6931,png,1997,0.981551
6931,png,1998,0.969366
6931,png,1999,0.973874
6931,png,2000,0.966338
6931,png,2001,0.965505
6931,png,2002,0.967015
6931,png,2003,0.965224
6931,png,2004,0.96426
6931,png,2005,0.965537
6931,png,2006,0.966405
6931,png,2007,0.967669
6931,png,2008,0.96666
6931,png,2009,0.974702
6931,png,2010,0.972048
6931,png,2011,0.961818
6931,png,2012,0.953229
6931,png,2013,0.965684
6931,png,2014,0.970886
6931,png,2015,0.971417
6931,png,2016,0.972938
6931,png,1962,0.99282
6931,png,1963,0.987119
6931,png,1964,0.99006
6931,png,1965,0.983259
6931,png,1966,0.975036
6931,png,1967,0.988414
6931,png,1968,0.988984
6931,png,1969,0.98278
6931,png,1970,0.972037
6931,png,1971,0.966306
6931,png,1972,0.971772
6931,png,1973,0.981055
6931,png,1974,0.97328
6931,png,1975,0.97011
6931,png,1976,0.978078
6931,png,1977,0.981033
6931,png,1978,0.987774
6931,png,1979,0.987212
6931,png,1980,0.987047
6931,png,1981,0.983843
6931,png,1982,0.980408
6931,png,1983,0.98392
6931,png,1984,0.981642
6931,png,1985,0.973709
6931,png,1986,0.982345
6931,png,1987,0.980871
6931,pol,1988,0.600315
6931,pol,1989,0.605216
6931,pol,1990,0.589467
6931,pol,1991,0.627376
6931,pol,1992,0.624718
6931,pol,1993,0.613444
6931,pol,1994,0.597282
6931,pol,1995,0.599687
6931,pol,1996,0.580164
6931,pol,1997,0.561747
6931,pol,1998,0.562624
6931,pol,1999,0.527343
6931,pol,2000,0.544057
6931,pol,2001,0.544144
6931,pol,2002,0.535135
6931,pol,2003,0.533345
6931,pol,2004,0.549817
6931,pol,2005,0.55331
6931,pol,2006,0.538955
6931,pol,2007,0.529373
6931,pol,2008,0.563347
6931,pol,2009,0.613752
6931,pol,2010,0.568802
6931,pol,2011,0.550809
6931,pol,2012,0.552517
6931,pol,2013,0.564574
6931,pol,2014,0.579059
6931,pol,2015,0.565308
6931,pol,2016,0.552668
6931,pol,1962,0.810669
6931,pol,1963,0.777047
6931,pol,1964,0.76175
6931,pol,1965,0.762085
6931,pol,1966,0.713888
6931,pol,1967,0.728393
6931,pol,1968,0.75087
6931,pol,1969,0.736369
6931,pol,1970,0.698802
6931,pol,1971,0.695007
6931,pol,1972,0.723616
6931,pol,1973,0.712316
6931,pol,1974,0.703952
6931,pol,1975,0.699675
6931,pol,1976,0.71343
6931,pol,1977,0.6754
6931,pol,1978,0.761773
6931,pol,1979,0.754957
6931,pol,1980,0.656559
6931,pol,1981,0.650025
6931,pol,1982,0.683133
6931,pol,1983,0.673688
6931,pol,1984,0.663961
6931,pol,1985,0.654839
6931,pol,1986,0.662619
6931,pol,1987,0.613513
6931,prk,1988,0.870602
6931,prk,1989,0.854606
6931,prk,1990,0.856692
6931,prk,1991,0.818873
6931,prk,1992,0.815034
6931,prk,1993,0.812429
6931,prk,1994,0.813385
6931,prk,1995,0.791105
6931,prk,1996,0.780936
6931,prk,1997,0.800074
6931,prk,1998,0.775635
6931,prk,1999,0.769839
6931,prk,2000,0.785145
6931,prk,2001,0.773922
6931,prk,2002,0.793693
6931,prk,2003,0.803715
6931,prk,2004,0.814111
6931,prk,2005,0.775284
6931,prk,2006,0.772682
6931,prk,2007,0.855149
6931,prk,2008,0.795902
6931,prk,2009,0.794788
6931,prk,2010,0.823492
6931,prk,2011,0.865445
6931,prk,2012,0.869682
6931,prk,2013,0.885871
6931,prk,2014,0.872884
6931,prk,2015,0.872223
6931,prk,2016,0.880534
6931,prk,1962,0.968458
6931,prk,1963,0.977264
6931,prk,1964,0.949175
6931,prk,1965,0.946454
6931,prk,1966,0.938382
6931,prk,1967,0.928218
6931,prk,1968,0.936067
6931,prk,1969,0.937926
6931,prk,1970,0.880018
6931,prk,1971,0.869112
6931,prk,1972,0.861634
6931,prk,1973,0.872913
6931,prk,1974,0.912402
6931,prk,1975,0.894771
6931,prk,1976,0.849514
6931,prk,1977,0.79596
6931,prk,1978,0.790817
6931,prk,1979,0.805353
6931,prk,1980,0.837569
6931,prk,1981,0.799165
6931,prk,1982,0.848874
6931,prk,1983,0.853849
6931,prk,1984,0.861104
6931,prk,1985,0.873044
6931,prk,1986,0.84938
6931,prk,1987,0.863759
6931,prt,1988,0.755061
6931,prt,1989,0.738548
6931,prt,1990,0.736756
6931,prt,1991,0.750478
6931,prt,1992,0.766704
6931,prt,1993,0.749455
6931,prt,1994,0.752509
6931,prt,1995,0.699972
6931,prt,1996,0.706821
6931,prt,1997,0.715093
6931,prt,1998,0.706213
6931,prt,1999,0.686554
6931,prt,2000,0.657535
6931,prt,2001,0.656589
6931,prt,2002,0.638555
6931,prt,2003,0.649708
6931,prt,2004,0.614846
6931,prt,2005,0.629506
6931,prt,2006,0.606571
6931,prt,2007,0.595814
6931,prt,2008,0.564576
6931,prt,2009,0.558132
6931,prt,2010,0.548231
6931,prt,2011,0.561328
6931,prt,2012,0.537168
6931,prt,2013,0.567848
6931,prt,2014,0.554534
6931,prt,2015,0.54669
6931,prt,2016,0.571666
6931,prt,1962,0.781611
6931,prt,1963,0.765322
6931,prt,1964,0.768982
6931,prt,1965,0.781367
6931,prt,1966,0.738348
6931,prt,1967,0.74592
6931,prt,1968,0.768618
6931,prt,1969,0.715499
6931,prt,1970,0.702914
6931,prt,1971,0.652232
6931,prt,1972,0.666005
6931,prt,1973,0.644627
6931,prt,1974,0.654217
6931,prt,1975,0.668365
6931,prt,1976,0.727537
6931,prt,1977,0.673462
6931,prt,1978,0.77381
6931,prt,1979,0.714393
6931,prt,1980,0.68964
6931,prt,1981,0.69627
6931,prt,1982,0.673529
6931,prt,1983,0.67251
6931,prt,1984,0.672271
6931,prt,1985,0.685218
6931,prt,1986,0.704476
6931,prt,1987,0.734754
6931,pry,1988,0.940849
6931,pry,1989,0.940413
6931,pry,1990,0.925645
6931,pry,1991,0.929941
6931,pry,1992,0.919565
6931,pry,1993,0.921879
6931,pry,1994,0.915463
6931,pry,1995,0.898861
6931,pry,1996,0.891003
6931,pry,1997,0.907722
6931,pry,1998,0.898814
6931,pry,1999,0.904943
6931,pry,2000,0.877888
6931,pry,2001,0.9184
6931,pry,2002,0.917114
6931,pry,2003,0.909566
6931,pry,2004,0.928585
6931,pry,2005,0.907323
6931,pry,2006,0.897059
6931,pry,2007,0.894575
6931,pry,2008,0.925566
6931,pry,2009,0.933826
6931,pry,2010,0.924069
6931,pry,2011,0.921551
6931,pry,2012,0.918379
6931,pry,2013,0.922967
6931,pry,2014,0.925394
6931,pry,2015,0.92699
6931,pry,2016,0.928135
6931,pry,1962,0.981797
6931,pry,1963,0.978965
6931,pry,1964,0.968983
6931,pry,1965,0.971793
6931,pry,1966,0.963873
6931,pry,1967,0.964997
6931,pry,1968,0.969361
6931,pry,1969,0.964233
6931,pry,1970,0.944074
6931,pry,1971,0.936824
6931,pry,1972,0.944579
6931,pry,1973,0.938766
6931,pry,1974,0.923663
6931,pry,1975,0.917317
6931,pry,1976,0.938347
6931,pry,1977,0.940535
6931,pry,1978,0.968651
6931,pry,1979,0.971935
6931,pry,1980,0.960411
6931,pry,1981,0.95868
6931,pry,1982,0.954613
6931,pry,1983,0.951881
6931,pry,1984,0.945552
6931,pry,1985,0.95656
6931,pry,1986,0.954157
6931,pry,1987,0.932952
6931,pyf,1988,0.970265
6931,pyf,1989,0.980749
6931,pyf,1990,0.971273
6931,pyf,1991,0.969345
6931,pyf,1992,0.972904
6931,pyf,1993,0.973806
6931,pyf,1994,0.983611
6931,pyf,1995,0.973441
6931,pyf,1996,0.973572
6931,pyf,1997,0.967395
6931,pyf,1998,0.983023
6931,pyf,1999,0.974816
6931,pyf,2000,0.978209
6931,pyf,2001,0.968014
6931,pyf,2002,0.971857
6931,pyf,2003,0.963022
6931,pyf,2004,0.968506
6931,pyf,2005,0.966051
6931,pyf,2006,0.963982
6931,pyf,2007,0.970465
6931,pyf,2008,0.972312
6931,pyf,2009,0.968275
6931,pyf,2010,0.968571
6931,pyf,2011,0.961547
6931,pyf,2012,0.96912
6931,pyf,2013,0.959977
6931,pyf,2014,0.962832
6931,pyf,2015,0.972263
6931,pyf,2016,0.967914
6931,pyf,1962,0.998157
6931,pyf,1963,0
6931,pyf,1964,0.989515
6931,pyf,1965,0.994566
6931,pyf,1966,0.994941
6931,pyf,1967,0.994121
6931,pyf,1968,0.992047
6931,pyf,1969,0.993493
6931,pyf,1970,0.987082
6931,pyf,1971,0.978509
6931,pyf,1972,0.990327
6931,pyf,1973,0.985239
6931,pyf,1974,0.968877
6931,pyf,1975,0.953309
6931,pyf,1976,0.946719
6931,pyf,1977,0.944583
6931,pyf,1978,0.978106
6931,pyf,1979,0.971305
6931,pyf,1980,0.974781
6931,pyf,1981,0.972292
6931,pyf,1982,0.970583
6931,pyf,1983,0.965071
6931,pyf,1984,0.977923
6931,pyf,1985,0.969172
6931,pyf,1986,0.971224
6931,pyf,1987,0.982285
6931,qat,1988,0.973942
6931,qat,1989,0.967452
6931,qat,1990,0.971036
6931,qat,1991,0.980004
6931,qat,1992,0.979832
6931,qat,1993,0.976662
6931,qat,1994,0.969065
6931,qat,1995,0.958643
6931,qat,1996,0.960588
6931,qat,1997,0.972369
6931,qat,1998,0.966816
6931,qat,1999,0.964292
6931,qat,2000,0.973365
6931,qat,2001,0.974819
6931,qat,2002,0.974135
6931,qat,2003,0.973904
6931,qat,2004,0.974293
6931,qat,2005,0.979336
6931,qat,2006,0.984367
6931,qat,2007,0.981039
6931,qat,2008,0.990548
6931,qat,2009,0.984958
6931,qat,2010,0.987936
6931,qat,2011,0.987452
6931,qat,2012,0.973759
6931,qat,2013,0.990651
6931,qat,2014,0.987207
6931,qat,2015,0.974615
6931,qat,2016,0.982254
6931,qat,1962,0.999558
6931,qat,1963,1
6931,qat,1964,0.997588
6931,qat,1965,1
6931,qat,1966,1
6931,qat,1967,0.999729
6931,qat,1968,1
6931,qat,1969,0.99664
6931,qat,1970,0.999214
6931,qat,1971,0.99798
6931,qat,1972,0.999372
6931,qat,1973,0.996728
6931,qat,1974,0.993161
6931,qat,1975,0.997922
6931,qat,1976,0.996498
6931,qat,1977,0.999546
6931,qat,1978,0.994871
6931,qat,1979,0.991388
6931,qat,1980,0.993343
6931,qat,1981,0.991363
6931,qat,1982,0.990931
6931,qat,1983,0.989966
6931,qat,1984,0.985715
6931,qat,1985,0.985604
6931,qat,1986,0.974766
6931,qat,1987,0.979455
6931,reu,1988,0.950622
6931,reu,1989,0.938982
6931,reu,1990,0.938274
6931,reu,1991,0.948055
6931,reu,1992,0.954712
6931,reu,1993,0.935848
6931,reu,1994,0.961202
6931,reu,1995,0.928326
6931,reu,1962,0.99847
6931,reu,1963,0.997294
6931,reu,1964,0.997333
6931,reu,1965,0.995926
6931,reu,1966,0.996459
6931,reu,1967,0.996193
6931,reu,1968,0.992657
6931,reu,1969,0.993123
6931,reu,1970,0.99328
6931,reu,1971,0.992177
6931,reu,1972,0.990518
6931,reu,1973,0.98953
6931,reu,1974,0.985481
6931,reu,1975,0.991895
6931,reu,1976,0.981693
6931,reu,1977,0.990735
6931,reu,1978,0.990645
6931,reu,1979,0.981648
6931,reu,1980,0.987857
6931,reu,1981,0.977089
6931,reu,1982,0.960291
6931,reu,1983,0.959667
6931,reu,1984,0.974104
6931,reu,1985,0.94033
6931,reu,1986,0.977623
6931,reu,1987,0.977392
6931,rou,1988,0.712081
6931,rou,1989,0.70842
6931,rou,1990,0.722306
6931,rou,1991,0.689388
6931,rou,1992,0.669403
6931,rou,1993,0.661808
6931,rou,1994,0.688128
6931,rou,1995,0.638328
6931,rou,1996,0.643996
6931,rou,1997,0.653165
6931,rou,1998,0.675264
6931,rou,1999,0.661996
6931,rou,2000,0.690054
6931,rou,2001,0.692881
6931,rou,2002,0.675807
6931,rou,2003,0.679988
6931,rou,2004,0.668499
6931,rou,2005,0.671639
6931,rou,2006,0.650016
6931,rou,2007,0.633
6931,rou,2008,0.629361
6931,rou,2009,0.687668
6931,rou,2010,0.641245
6931,rou,2011,0.639845
6931,rou,2012,0.633314
6931,rou,2013,0.64135
6931,rou,2014,0.63383
6931,rou,2015,0.659122
6931,rou,2016,0.666433
6931,rou,1962,0.913712
6931,rou,1963,0.896167
6931,rou,1964,0.878316
6931,rou,1965,0.857867
6931,rou,1966,0.823549
6931,rou,1967,0.827655
6931,rou,1968,0.841732
6931,rou,1969,0.755059
6931,rou,1970,0.714971
6931,rou,1971,0.700196
6931,rou,1972,0.748328
6931,rou,1973,0.766921
6931,rou,1974,0.782199
6931,rou,1975,0.763351
6931,rou,1976,0.758919
6931,rou,1977,0.68192
6931,rou,1978,0.775369
6931,rou,1979,0.794302
6931,rou,1980,0.766562
6931,rou,1981,0.791303
6931,rou,1982,0.742979
6931,rou,1983,0.75071
6931,rou,1984,0.760552
6931,rou,1985,0.761979
6931,rou,1986,0.77653
6931,rou,1987,0.727922
6931,rwa,1988,0.987476
6931,rwa,1989,0.986583
6931,rwa,1990,0.983108
6931,rwa,1991,0.982481
6931,rwa,1992,0.979426
6931,rwa,1993,0.97338
6931,rwa,1994,0.972783
6931,rwa,1995,0.951013
6931,rwa,1996,0.97066
6931,rwa,1997,0.948512
6931,rwa,1998,0.965493
6931,rwa,1999,0.958243
6931,rwa,2000,0.955791
6931,rwa,2001,0.971483
6931,rwa,2002,0.946876
6931,rwa,2003,0.968221
6931,rwa,2004,0.981954
6931,rwa,2005,0.960265
6931,rwa,2006,0.965295
6931,rwa,2007,0.956347
6931,rwa,2008,0.972711
6931,rwa,2009,0.955759
6931,rwa,2010,0.96075
6931,rwa,2011,0.963636
6931,rwa,2012,0.959093
6931,rwa,2013,0.963856
6931,rwa,2014,0.963848
6931,rwa,2015,0.904916
6931,rwa,2016,0.915278
6931,rwa,1963,0.999221
6931,rwa,1964,0.998083
6931,rwa,1965,0.980708
6931,rwa,1966,0.996179
6931,rwa,1967,0.997628
6931,rwa,1968,0.997046
6931,rwa,1969,0.993155
6931,rwa,1970,0.985612
6931,rwa,1971,0.995361
6931,rwa,1972,0.990466
6931,rwa,1973,0.984099
6931,rwa,1974,0.990043
6931,rwa,1975,0.986509
6931,rwa,1976,0.989626
6931,rwa,1977,0.987326
6931,rwa,1978,0.984615
6931,rwa,1979,0.988755
6931,rwa,1980,0.986563
6931,rwa,1981,0.987201
6931,rwa,1982,0.985371
6931,rwa,1983,0.987288
6931,rwa,1984,0.983473
6931,rwa,1985,0.987521
6931,rwa,1986,0.989594
6931,rwa,1987,0.988148
6931,sau,1988,0.963818
6931,sau,1989,0.964559
6931,sau,1990,0.96053
6931,sau,1991,0.975071
6931,sau,1992,0.977329
6931,sau,1993,0.96581
6931,sau,1994,0.961833
6931,sau,1995,0.946709
6931,sau,1996,0.956561
6931,sau,1997,0.956252
6931,sau,1998,0.927687
6931,sau,1999,0.937813
6931,sau,2000,0.96311
6931,sau,2001,0.957401
6931,sau,2002,0.934956
6931,sau,2003,0.94218
6931,sau,2004,0.967695
6931,sau,2005,0.969296
6931,sau,2006,0.968355
6931,sau,2007,0.967561
6931,sau,2008,0.979972
6931,sau,2009,0.975277
6931,sau,2010,0.976741
6931,sau,2011,0.979855
6931,sau,2012,0.973199
6931,sau,2013,0.969302
6931,sau,2014,0.966375
6931,sau,2015,0.955291
6931,sau,2016,0.954519
6931,sau,1962,0.998024
6931,sau,1963,0.996268
6931,sau,1964,0.995179
6931,sau,1965,0.996006
6931,sau,1966,0.99795
6931,sau,1967,0.996927
6931,sau,1968,0.996593
6931,sau,1969,0.996494
6931,sau,1970,0.995138
6931,sau,1971,0.995472
6931,sau,1972,0.995534
6931,sau,1973,0.9947
6931,sau,1974,0.998251
6931,sau,1975,0.996956
6931,sau,1976,0.998655
6931,sau,1977,0.99843
6931,sau,1978,0.991115
6931,sau,1979,0.997153
6931,sau,1980,0.998772
6931,sau,1981,0.99929
6931,sau,1982,0.997086
6931,sau,1983,0.996195
6931,sau,1984,0.997886
6931,sau,1985,0.990787
6931,sau,1986,0.982424
6931,sau,1987,0.967616
6931,sdn,1988,0.95864
6931,sdn,1989,0.956939
6931,sdn,1990,0.94702
6931,sdn,1991,0.946871
6931,sdn,1992,0.944219
6931,sdn,1993,0.949542
6931,sdn,1994,0.957209
6931,sdn,1995,0.944199
6931,sdn,1996,0.931495
6931,sdn,1997,0.939646
6931,sdn,1998,0.915513
6931,sdn,1999,0.936548
6931,sdn,2000,0.937806
6931,sdn,2001,0.960207
6931,sdn,2002,0.956682
6931,sdn,2003,0.963506
6931,sdn,2004,0.964465
6931,sdn,2005,0.971594
6931,sdn,2006,0.96866
6931,sdn,2007,0.977618
6931,sdn,2008,0.981257
6931,sdn,2009,0.983878
6931,sdn,2010,0.979
6931,sdn,2011,0.983178
6931,sdn,2012,0.965643
6931,sdn,2013,0.955086
6931,sdn,2014,0.960705
6931,sdn,2015,0.954835
6931,sdn,2016,0.948145
6931,sdn,1962,0.986139
6931,sdn,1963,0.984927
6931,sdn,1964,0.9885
6931,sdn,1965,0.989236
6931,sdn,1966,0.981481
6931,sdn,1967,0.986805
6931,sdn,1968,0.990438
6931,sdn,1969,0.987789
6931,sdn,1970,0.982513
6931,sdn,1971,0.977687
6931,sdn,1972,0.984556
6931,sdn,1973,0.98192
6931,sdn,1974,0.973931
6931,sdn,1975,0.971843
6931,sdn,1976,0.973964
6931,sdn,1977,0.968651
6931,sdn,1978,0.975483
6931,sdn,1979,0.970479
6931,sdn,1980,0.969074
6931,sdn,1981,0.976881
6931,sdn,1982,0.964768
6931,sdn,1983,0.963657
6931,sdn,1984,0.959653
6931,sdn,1985,0.965237
6931,sdn,1986,0.970502
6931,sdn,1987,0.954178
6931,sen,1988,0.958918
6931,sen,1989,0.896943
6931,sen,1990,0.9074
6931,sen,1991,0.922114
6931,sen,1992,0.910934
6931,sen,1993,0.911188
6931,sen,1994,0.906218
6931,sen,1995,0.889812
6931,sen,1996,0.898961
6931,sen,1997,0.899534
6931,sen,1998,0.880156
6931,sen,1999,0.85561
6931,sen,2000,0.856619
6931,sen,2001,0.871009
6931,sen,2002,0.870305
6931,sen,2003,0.850544
6931,sen,2004,0.860269
6931,sen,2005,0.854382
6931,sen,2006,0.847189
6931,sen,2007,0.828037
6931,sen,2008,0.874986
6931,sen,2009,0.889463
6931,sen,2010,0.876792
6931,sen,2011,0.903071
6931,sen,2012,0.876179
6931,sen,2013,0.860816
6931,sen,2014,0.871985
6931,sen,2015,0.857558
6931,sen,2016,0.874038
6931,sen,1962,0.966139
6931,sen,1963,0.957105
6931,sen,1964,0.965195
6931,sen,1965,0.968452
6931,sen,1966,0.951924
6931,sen,1967,0.960587
6931,sen,1968,0.968515
6931,sen,1969,0.93985
6931,sen,1970,0.915524
6931,sen,1971,0.916293
6931,sen,1972,0.933069
6931,sen,1973,0.902133
6931,sen,1974,0.928453
6931,sen,1975,0.913778
6931,sen,1976,0.957724
6931,sen,1977,0.926348
6931,sen,1978,0.92366
6931,sen,1979,0.94712
6931,sen,1980,0.9302
6931,sen,1981,0.905994
6931,sen,1982,0.936615
6931,sen,1983,0.949863
6931,sen,1984,0.961898
6931,sen,1985,0.948868
6931,sen,1986,0.927338
6931,sen,1987,0.912713
6931,sgp,1988,0.838424
6931,sgp,1989,0.81241
6931,sgp,1990,0.823875
6931,sgp,1991,0.855106
6931,sgp,1992,0.856774
6931,sgp,1993,0.866441
6931,sgp,1994,0.87849
6931,sgp,1995,0.882625
6931,sgp,1996,0.89919
6931,sgp,1997,0.892971
6931,sgp,1998,0.885479
6931,sgp,1999,0.891544
6931,sgp,2000,0.88021
6931,sgp,2001,0.857503
6931,sgp,2002,0.873521
6931,sgp,2003,0.87177
6931,sgp,2004,0.881474
6931,sgp,2005,0.879239
6931,sgp,2006,0.88187
6931,sgp,2007,0.86755
6931,sgp,2008,0.846683
6931,sgp,2009,0.859904
6931,sgp,2010,0.871606
6931,sgp,2011,0.861397
6931,sgp,2012,0.855119
6931,sgp,2013,0.85324
6931,sgp,2014,0.861939
6931,sgp,2015,0.876194
6931,sgp,2016,0.876973
6931,sgp,1962,0.956007
6931,sgp,1963,0.948683
6931,sgp,1964,0.835246
6931,sgp,1965,0.827957
6931,sgp,1966,0.814618
6931,sgp,1967,0.841427
6931,sgp,1968,0.863094
6931,sgp,1969,0.851842
6931,sgp,1970,0.821398
6931,sgp,1971,0.788596
6931,sgp,1972,0.785169
6931,sgp,1973,0.776755
6931,sgp,1974,0.803368
6931,sgp,1975,0.800997
6931,sgp,1976,0.789897
6931,sgp,1977,0.79892
6931,sgp,1978,0.817203
6931,sgp,1979,0.829186
6931,sgp,1980,0.836644
6931,sgp,1981,0.821725
6931,sgp,1982,0.820347
6931,sgp,1983,0.846067
6931,sgp,1984,0.823797
6931,sgp,1985,0.807865
6931,sgp,1986,0.830317
6931,sgp,1987,0.825567
6931,shn,1988,0.965913
6931,shn,1989,0.961508
6931,shn,1990,0.964964
6931,shn,1991,0.967719
6931,shn,1992,0.966049
6931,shn,1993,0.963633
6931,shn,1994,0.953052
6931,shn,1995,0.95407
6931,shn,1996,0.949008
6931,shn,1997,0.906997
6931,shn,1998,0.914211
6931,shn,1999,0.937001
6931,shn,2000,0.896517
6931,shn,2001,0.938914
6931,shn,2002,0.939231
6931,shn,2003,0.930922
6931,shn,2004,0.927236
6931,shn,2005,0.92709
6931,shn,2006,0.927761
6931,shn,2007,0.939198
6931,shn,2008,0.96085
6931,shn,2009,0.936129
6931,shn,2010,0.957741
6931,shn,2011,0.948846
6931,shn,2012,0.9374
6931,shn,2013,0.963264
6931,shn,2014,0.929303
6931,shn,2015,0.956125
6931,shn,2016,0.965275
6931,shn,1970,0.963938
6931,shn,1971,0.978276
6931,shn,1972,0.976445
6931,shn,1973,0.968047
6931,shn,1974,0.944246
6931,shn,1975,0.949968
6931,shn,1976,0.95158
6931,shn,1977,0.895622
6931,shn,1978,0.947534
6931,shn,1979,0.960778
6931,shn,1980,0.973691
6931,shn,1981,0.955066
6931,shn,1982,0.965701
6931,shn,1983,0.968481
6931,shn,1984,0.936033
6931,shn,1985,0.939303
6931,shn,1986,0.948127
6931,shn,1987,0.969731
6931,slb,1988,0.985701
6931,slb,1989,0.978514
6931,slb,1990,0.965196
6931,slb,1991,0.980157
6931,slb,1992,0.979019
6931,slb,1993,0.98282
6931,slb,1994,0.978889
6931,slb,1995,0.97991
6931,slb,1996,0.97991
6931,slb,1997,0.985132
6931,slb,1998,0.972248
6931,slb,1999,0.976987
6931,slb,2000,0.969193
6931,slb,2001,0.971032
6931,slb,2002,0.974283
6931,slb,2003,0.976792
6931,slb,2004,0.981572
6931,slb,2005,0.981084
6931,slb,2006,0.980671
6931,slb,2007,0.978006
6931,slb,2008,0.979271
6931,slb,2009,0.981561
6931,slb,2010,0.975859
6931,slb,2011,0.975687
6931,slb,2012,0.967324
6931,slb,2013,0.971966
6931,slb,2014,0.976224
6931,slb,2015,0.96652
6931,slb,2016,0.977904
6931,slb,1970,0.989955
6931,slb,1971,0.984329
6931,slb,1972,0.987008
6931,slb,1973,0.97829
6931,slb,1974,0.986419
6931,slb,1975,0.966798
6931,slb,1976,0.973266
6931,slb,1977,0.980957
6931,slb,1978,0.980214
6931,slb,1979,0.985744
6931,slb,1980,0.988749
6931,slb,1981,0.980628
6931,slb,1982,0.979547
6931,slb,1983,0.985112
6931,slb,1984,0.98301
6931,slb,1985,0.975267
6931,slb,1986,0.9719
6931,slb,1987,0.968933
6931,sle,1988,0.984334
6931,sle,1989,0.982997
6931,sle,1990,0.982948
6931,sle,1991,0.980987
6931,sle,1992,0.971456
6931,sle,1993,0.955564
6931,sle,1994,0.952566
6931,sle,1995,0.949964
6931,sle,1996,0.94318
6931,sle,1997,0.963695
6931,sle,1998,0.943442
6931,sle,1999,0.908786
6931,sle,2000,0.898808
6931,sle,2001,0.871385
6931,sle,2002,0.881706
6931,sle,2003,0.924096
6931,sle,2004,0.898509
6931,sle,2005,0.904172
6931,sle,2006,0.924346
6931,sle,2007,0.922832
6931,sle,2008,0.918925
6931,sle,2009,0.892616
6931,sle,2010,0.912039
6931,sle,2011,0.939821
6931,sle,2012,0.973638
6931,sle,2013,0.971423
6931,sle,2014,0.980282
6931,sle,2015,0.958831
6931,sle,2016,0.949302
6931,sle,1962,0.984094
6931,sle,1963,0.985969
6931,sle,1964,0.987011
6931,sle,1965,0.989884
6931,sle,1966,0.984326
6931,sle,1967,0.988858
6931,sle,1968,0.990376
6931,sle,1969,0.9885
6931,sle,1970,0.975334
6931,sle,1971,0.976769
6931,sle,1972,0.974895
6931,sle,1973,0.981083
6931,sle,1974,0.972631
6931,sle,1975,0.967519
6931,sle,1976,0.971911
6931,sle,1977,0.969829
6931,sle,1978,0.97824
6931,sle,1979,0.981672
6931,sle,1980,0.986295
6931,sle,1981,0.984938
6931,sle,1982,0.973249
6931,sle,1983,0.979741
6931,sle,1984,0.975753
6931,sle,1985,0.985312
6931,sle,1986,0.987034
6931,sle,1987,0.978681
6931,slv,1988,0.86835
6931,slv,1989,0.845327
6931,slv,1990,0.817351
6931,slv,1991,0.829971
6931,slv,1992,0.813919
6931,slv,1993,0.810887
6931,slv,1994,0.841678
6931,slv,1995,0.830251
6931,slv,1996,0.837739
6931,slv,1997,0.840785
6931,slv,1998,0.824648
6931,slv,1999,0.818231
6931,slv,2000,0.823968
6931,slv,2001,0.825964
6931,slv,2002,0.827202
6931,slv,2003,0.842328
6931,slv,2004,0.821293
6931,slv,2005,0.828127
6931,slv,2006,0.816525
6931,slv,2007,0.801865
6931,slv,2008,0.82082
6931,slv,2009,0.84541
6931,slv,2010,0.825513
6931,slv,2011,0.823517
6931,slv,2012,0.816937
6931,slv,2013,0.796846
6931,slv,2014,0.806004
6931,slv,2015,0.779408
6931,slv,2016,0.80154
6931,slv,1962,0.995142
6931,slv,1963,0.930969
6931,slv,1964,0.925475
6931,slv,1965,0.90931
6931,slv,1966,0.858944
6931,slv,1967,0.842199
6931,slv,1968,0.858641
6931,slv,1969,0.843594
6931,slv,1970,0.860083
6931,slv,1971,0.836128
6931,slv,1972,0.852205
6931,slv,1973,0.773448
6931,slv,1974,0.776582
6931,slv,1975,0.806679
6931,slv,1976,0.814222
6931,slv,1977,0.854984
6931,slv,1978,0.949079
6931,slv,1979,0.947107
6931,slv,1980,0.961292
6931,slv,1981,0.970346
6931,slv,1982,0.972084
6931,slv,1983,0.973404
6931,slv,1984,0.967964
6931,slv,1985,0.972186
6931,slv,1986,0.873813
6931,slv,1987,0.845359
6931,som,1988,0.973629
6931,som,1989,0.974238
6931,som,1990,0.968469
6931,som,1991,0.952813
6931,som,1992,0.960185
6931,som,1993,0.96688
6931,som,1994,0.956528
6931,som,1995,0.95673
6931,som,1996,0.96974
6931,som,1997,0.950343
6931,som,1998,0.959734
6931,som,1999,0.952574
6931,som,2000,0.955233
6931,som,2001,0.93138
6931,som,2002,0.938198
6931,som,2003,0.944407
6931,som,2004,0.955532
6931,som,2005,0.958448
6931,som,2006,0.962884
6931,som,2007,0.917804
6931,som,2008,0.959547
6931,som,2009,0.97132
6931,som,2010,0.969831
6931,som,2011,0.980013
6931,som,2012,0.971898
6931,som,2013,0.970978
6931,som,2014,0.973393
6931,som,2015,0.974107
6931,som,2016,0.956966
6931,som,1962,0.985079
6931,som,1963,0.988495
6931,som,1964,0.986088
6931,som,1965,0.988248
6931,som,1966,0.983285
6931,som,1967,0.970258
6931,som,1968,0.980034
6931,som,1969,0.9715
6931,som,1970,0.963575
6931,som,1971,0.957979
6931,som,1972,0.968042
6931,som,1973,0.960909
6931,som,1974,0.970996
6931,som,1975,0.970474
6931,som,1976,0.966558
6931,som,1977,0.963565
6931,som,1978,0.9767
6931,som,1979,0.968025
6931,som,1980,0.978843
6931,som,1981,0.982526
6931,som,1982,0.976276
6931,som,1983,0.979931
6931,som,1984,0.978608
6931,som,1985,0.984123
6931,som,1986,0.979313
6931,som,1987,0.971297
6931,spm,1988,0.944904
6931,spm,1989,0.968408
6931,spm,1990,0.977193
6931,spm,1991,0.977783
6931,spm,1992,0.980574
6931,spm,1993,0.9459
6931,spm,1994,0.963109
6931,spm,1995,0.942853
6931,spm,1996,0.957875
6931,spm,1997,0.921282
6931,spm,1998,0.926654
6931,spm,1999,0.961795
6931,spm,2000,0.955608
6931,spm,2001,0.973042
6931,spm,2002,0.97627
6931,spm,2003,0.974214
6931,spm,2004,0.98255
6931,spm,2005,0.977848
6931,spm,2006,0.978721
6931,spm,2007,0.975447
6931,spm,2008,0.973769
6931,spm,2009,0.974431
6931,spm,2010,0.976006
6931,spm,2011,0.948948
6931,spm,2012,0.939317
6931,spm,2013,0.953822
6931,spm,2014,0.965941
6931,spm,2015,0.948433
6931,spm,2016,0.954002
6931,spm,1962,0.912464
6931,spm,1963,0.998136
6931,spm,1964,0.986101
6931,spm,1965,0.988743
6931,spm,1966,0.942725
6931,spm,1967,0.983884
6931,spm,1968,0.95926
6931,spm,1969,0.981499
6931,spm,1970,0.98253
6931,spm,1971,0.957065
6931,spm,1972,0.965016
6931,spm,1973,0.962331
6931,spm,1974,0.881248
6931,spm,1975,0.949973
6931,spm,1976,0.929442
6931,spm,1977,0.96648
6931,spm,1978,0.962093
6931,spm,1979,0.94991
6931,spm,1980,0.956426
6931,spm,1981,0.969453
6931,spm,1982,0.971162
6931,spm,1983,0.977063
6931,spm,1984,0.970423
6931,spm,1985,0.96586
6931,spm,1986,0.976681
6931,spm,1987,0.977092
6931,stp,1988,0.982787
6931,stp,1989,0.984083
6931,stp,1990,0.968923
6931,stp,1991,0.976514
6931,stp,1992,0.944553
6931,stp,1993,0.973216
6931,stp,1994,0.951779
6931,stp,1995,0.946241
6931,stp,1996,0.947402
6931,stp,1997,0.952578
6931,stp,1998,0.942908
6931,stp,1999,0.950703
6931,stp,2000,0.95701
6931,stp,2001,0.949155
6931,stp,2002,0.928221
6931,stp,2003,0.943063
6931,stp,2004,0.927077
6931,stp,2005,0.936067
6931,stp,2006,0.941958
6931,stp,2007,0.92424
6931,stp,2008,0.937414
6931,stp,2009,0.952495
6931,stp,2010,0.927597
6931,stp,2011,0.950806
6931,stp,2012,0.941111
6931,stp,2013,0.934041
6931,stp,2014,0.942872
6931,stp,2015,0.943117
6931,stp,2016,0.965726
6931,stp,1962,0.987235
6931,stp,1969,0.986811
6931,stp,1970,0.983719
6931,stp,1971,0.98522
6931,stp,1972,0.990297
6931,stp,1973,0.993094
6931,stp,1974,0.974745
6931,stp,1975,0.993222
6931,stp,1976,0.987171
6931,stp,1977,0.99092
6931,stp,1978,0.99053
6931,stp,1979,0.990453
6931,stp,1980,0.990098
6931,stp,1981,0.991486
6931,stp,1982,0.9748
6931,stp,1983,0.970665
6931,stp,1984,0.980232
6931,stp,1985,0.983006
6931,stp,1986,0.98065
6931,stp,1987,0.984807
6931,sun,1988,0.882354
6931,sun,1989,0.850979
6931,sun,1990,0.860851
6931,sun,1991,0.848577
6931,sun,1962,0.919033
6931,sun,1963,0.913367
6931,sun,1964,0.883487
6931,sun,1965,0.893176
6931,sun,1966,0.88234
6931,sun,1967,0.892935
6931,sun,1968,0.890132
6931,sun,1969,0.868556
6931,sun,1970,0.834021
6931,sun,1971,0.83402
6931,sun,1972,0.851938
6931,sun,1973,0.859772
6931,sun,1974,0.863085
6931,sun,1975,0.877696
6931,sun,1976,0.883649
6931,sun,1977,0.882638
6931,sun,1978,0.914379
6931,sun,1979,0.932391
6931,sun,1980,0.904029
6931,sun,1981,0.917502
6931,sun,1982,0.914209
6931,sun,1983,0.909082
6931,sun,1984,0.927183
6931,sun,1985,0.919341
6931,sun,1986,0.890451
6931,sun,1987,0.90379
6931,sur,1988,0.978983
6931,sur,1989,0.979256
6931,sur,1990,0.983271
6931,sur,1991,0.984197
6931,sur,1992,0.979037
6931,sur,1993,0.973024
6931,sur,1994,0.971443
6931,sur,1995,0.960458
6931,sur,1996,0.96432
6931,sur,1997,0.959307
6931,sur,1998,0.964891
6931,sur,1999,0.955013
6931,sur,2000,0.963969
6931,sur,2001,0.973588
6931,sur,2002,0.971863
6931,sur,2003,0.965685
6931,sur,2004,0.970833
6931,sur,2005,0.978194
6931,sur,2006,0.967003
6931,sur,2007,0.96944
6931,sur,2008,0.972915
6931,sur,2009,0.955305
6931,sur,2010,0.96691
6931,sur,2011,0.962021
6931,sur,2012,0.969628
6931,sur,2013,0.950621
6931,sur,2014,0.966503
6931,sur,2015,0.963738
6931,sur,2016,0.96295
6931,sur,1962,0.980899
6931,sur,1963,0.976523
6931,sur,1964,0.984026
6931,sur,1965,0.981956
6931,sur,1966,0.98001
6931,sur,1967,0.983334
6931,sur,1968,0.984786
6931,sur,1969,0.985909
6931,sur,1970,0.979838
6931,sur,1971,0.983448
6931,sur,1972,0.977396
6931,sur,1973,0.978635
6931,sur,1974,0.977834
6931,sur,1975,0.976587
6931,sur,1976,0.981826
6931,sur,1977,0.974406
6931,sur,1978,0.984685
6931,sur,1979,0.983074
6931,sur,1980,0.982291
6931,sur,1981,0.984558
6931,sur,1982,0.9798
6931,sur,1983,0.978299
6931,sur,1984,0.978157
6931,sur,1985,0.98632
6931,sur,1986,0.9786
6931,sur,1987,0.9809
6931,swe,1988,0.67347
6931,swe,1989,0.686294
6931,swe,1990,0.689808
6931,swe,1991,0.683432
6931,swe,1992,0.679319
6931,swe,1993,0.686499
6931,swe,1994,0.706636
6931,swe,1995,0.723567
6931,swe,1996,0.714963
6931,swe,1997,0.704514
6931,swe,1998,0.717421
6931,swe,1999,0.703393
6931,swe,2000,0.708163
6931,swe,2001,0.694959
6931,swe,2002,0.688192
6931,swe,2003,0.689314
6931,swe,2004,0.698472
6931,swe,2005,0.694796
6931,swe,2006,0.690446
6931,swe,2007,0.676438
6931,swe,2008,0.659854
6931,swe,2009,0.651549
6931,swe,2010,0.659819
6931,swe,2011,0.649207
6931,swe,2012,0.648952
6931,swe,2013,0.661204
6931,swe,2014,0.664625
6931,swe,2015,0.692583
6931,swe,2016,0.698928
6931,swe,1962,0.693703
6931,swe,1963,0.711435
6931,swe,1964,0.699194
6931,swe,1965,0.685219
6931,swe,1966,0.701264
6931,swe,1967,0.692652
6931,swe,1968,0.702399
6931,swe,1969,0.688782
6931,swe,1970,0.704169
6931,swe,1971,0.714847
6931,swe,1972,0.70248
6931,swe,1973,0.709229
6931,swe,1974,0.628079
6931,swe,1975,0.626465
6931,swe,1976,0.591179
6931,swe,1977,0.608624
6931,swe,1978,0.674656
6931,swe,1979,0.658247
6931,swe,1980,0.615503
6931,swe,1981,0.617052
6931,swe,1982,0.638932
6931,swe,1983,0.656635
6931,swe,1984,0.645288
6931,swe,1985,0.637647
6931,swe,1986,0.665181
6931,swe,1987,0.693619
6931,syc,1988,0.988822
6931,syc,1989,0.986451
6931,syc,1990,0.981361
6931,syc,1991,0.988606
6931,syc,1992,0.973019
6931,syc,1993,0.972313
6931,syc,1994,0.976624
6931,syc,1995,0.952052
6931,syc,1996,0.9605
6931,syc,1997,0.974568
6931,syc,1998,0.973094
6931,syc,1999,0.97562
6931,syc,2000,0.976554
6931,syc,2001,0.982091
6931,syc,2002,0.983427
6931,syc,2003,0.980505
6931,syc,2004,0.966728
6931,syc,2005,0.971471
6931,syc,2006,0.970073
6931,syc,2007,0.975275
6931,syc,2008,0.966516
6931,syc,2009,0.98203
6931,syc,2010,0.970313
6931,syc,2011,0.964287
6931,syc,2012,0.958939
6931,syc,2013,0.96034
6931,syc,2014,0.958508
6931,syc,2015,0.957954
6931,syc,2016,0.970679
6931,syc,1963,0
6931,syc,1964,0
6931,syc,1965,0
6931,syc,1966,0
6931,syc,1967,0.998684
6931,syc,1969,0.994814
6931,syc,1970,0.986279
6931,syc,1971,0.985553
6931,syc,1972,0.990744
6931,syc,1973,0.973091
6931,syc,1974,0.980556
6931,syc,1975,0.98341
6931,syc,1976,0.954156
6931,syc,1977,0.966105
6931,syc,1978,0.951966
6931,syc,1979,0.954818
6931,syc,1980,0.943001
6931,syc,1981,0.967799
6931,syc,1982,0.972379
6931,syc,1983,0.988499
6931,syc,1984,0.974364
6931,syc,1985,0.963367
6931,syc,1986,0.970495
6931,syc,1987,0.972231
6931,syr,1988,0.929779
6931,syr,1989,0.89871
6931,syr,1990,0.907574
6931,syr,1991,0.936669
6931,syr,1992,0.916407
6931,syr,1993,0.945771
6931,syr,1994,0.92936
6931,syr,1995,0.87298
6931,syr,1996,0.899444
6931,syr,1997,0.910108
6931,syr,1998,0.881253
6931,syr,1999,0.882345
6931,syr,2000,0.89914
6931,syr,2001,0.909122
6931,syr,2002,0.892909
6931,syr,2003,0.889784
6931,syr,2004,0.841743
6931,syr,2005,0.876573
6931,syr,2006,0.81772
6931,syr,2007,0.818692
6931,syr,2008,0.822975
6931,syr,2009,0.808881
6931,syr,2010,0.816676
6931,syr,2011,0.817075
6931,syr,2012,0.724279
6931,syr,2013,0.759971
6931,syr,2014,0.820012
6931,syr,2015,0.842327
6931,syr,2016,0.829445
6931,syr,1962,0.992893
6931,syr,1963,0.984073
6931,syr,1964,0.980496
6931,syr,1965,0.984076
6931,syr,1966,0.96649
6931,syr,1967,0.964174
6931,syr,1968,0.965475
6931,syr,1969,0.948914
6931,syr,1970,0.908951
6931,syr,1971,0.934955
6931,syr,1972,0.905118
6931,syr,1973,0.888867
6931,syr,1974,0.914073
6931,syr,1975,0.9254
6931,syr,1976,0.886959
6931,syr,1977,0.841207
6931,syr,1978,0.929943
6931,syr,1979,0.944865
6931,syr,1980,0.901753
6931,syr,1981,0.917249
6931,syr,1982,0.917457
6931,syr,1983,0.92212
6931,syr,1984,0.932632
6931,syr,1985,0.947788
6931,syr,1986,0.938669
6931,syr,1987,0.944671
6931,tca,1988,0.977088
6931,tca,1989,0.969217
6931,tca,1990,0.956069
6931,tca,1991,0.96615
6931,tca,1992,0.967558
6931,tca,1993,0.972146
6931,tca,1994,0.976582
6931,tca,1995,0.971799
6931,tca,1996,0.974811
6931,tca,1997,0.931033
6931,tca,1998,0.901858
6931,tca,1999,0.881769
6931,tca,2000,0.928846
6931,tca,2001,0.889989
6931,tca,2002,0.896291
6931,tca,2003,0.92003
6931,tca,2004,0.891887
6931,tca,2005,0.907328
6931,tca,2006,0.853853
6931,tca,2007,0.860027
6931,tca,2008,0.832472
6931,tca,2009,0.88061
6931,tca,2010,0.857121
6931,tca,2011,0.899787
6931,tca,2012,0.928062
6931,tca,2013,0.882348
6931,tca,2014,0.89009
6931,tca,2015,0.902314
6931,tca,2016,0.938029
6931,tca,1970,0.999296
6931,tca,1971,0.999303
6931,tca,1972,0.985255
6931,tca,1973,0.996083
6931,tca,1974,0.886618
6931,tca,1975,0.915185
6931,tca,1976,0.968012
6931,tca,1977,0.974567
6931,tca,1978,0.988605
6931,tca,1979,0.98438
6931,tca,1980,0.990787
6931,tca,1981,0.985759
6931,tca,1982,0.993029
6931,tca,1983,0.990258
6931,tca,1984,0.973963
6931,tca,1985,0.987039
6931,tca,1986,0.985784
6931,tca,1987,0.983233
6931,tcd,1988,0.985751
6931,tcd,1989,0.980995
6931,tcd,1990,0.987271
6931,tcd,1991,0.986918
6931,tcd,1992,0.989726
6931,tcd,1993,0.980309
6931,tcd,1994,0.983359
6931,tcd,1995,0.97784
6931,tcd,1996,0.986003
6931,tcd,1997,0.980119
6931,tcd,1998,0.981397
6931,tcd,1999,0.987076
6931,tcd,2000,0.973557
6931,tcd,2001,0.971093
6931,tcd,2002,0.973164
6931,tcd,2003,0.966411
6931,tcd,2004,0.995435
6931,tcd,2005,0.994503
6931,tcd,2006,0.997556
6931,tcd,2007,0.99697
6931,tcd,2008,0.997623
6931,tcd,2009,0.995472
6931,tcd,2010,0.989228
6931,tcd,2011,0.993708
6931,tcd,2012,0.9965
6931,tcd,2013,0.992949
6931,tcd,2014,0.994409
6931,tcd,2015,0.992282
6931,tcd,2016,0.993243
6931,tcd,1962,0.988077
6931,tcd,1963,0.986436
6931,tcd,1964,0.981546
6931,tcd,1965,0.989011
6931,tcd,1966,0.983993
6931,tcd,1967,0.997734
6931,tcd,1968,0.990769
6931,tcd,1969,0.987697
6931,tcd,1970,0.987666
6931,tcd,1971,0.982329
6931,tcd,1972,0.98533
6931,tcd,1973,0.972174
6931,tcd,1974,0.983749
6931,tcd,1975,0.978306
6931,tcd,1976,0.986974
6931,tcd,1977,0.987555
6931,tcd,1978,0.983119
6931,tcd,1979,0.984287
6931,tcd,1980,0.983852
6931,tcd,1981,0.991533
6931,tcd,1982,0.981804
6931,tcd,1983,0.994758
6931,tcd,1984,0.986949
6931,tcd,1985,0.986056
6931,tcd,1986,0.984791
6931,tcd,1987,0.981469
6931,tgo,1988,0.950875
6931,tgo,1989,0.959309
6931,tgo,1990,0.940293
6931,tgo,1991,0.927729
6931,tgo,1992,0.965631
6931,tgo,1993,0.964094
6931,tgo,1994,0.936491
6931,tgo,1995,0.911585
6931,tgo,1996,0.908215
6931,tgo,1997,0.917286
6931,tgo,1998,0.896866
6931,tgo,1999,0.899268
6931,tgo,2000,0.867305
6931,tgo,2001,0.870146
6931,tgo,2002,0.881741
6931,tgo,2003,0.865488
6931,tgo,2004,0.882296
6931,tgo,2005,0.876066
6931,tgo,2006,0.874606
6931,tgo,2007,0.907649
6931,tgo,2008,0.925285
6931,tgo,2009,0.905532
6931,tgo,2010,0.933588
6931,tgo,2011,0.925647
6931,tgo,2012,0.911821
6931,tgo,2013,0.913069
6931,tgo,2014,0.907783
6931,tgo,2015,0.910356
6931,tgo,2016,0.925471
6931,tgo,1962,0.976473
6931,tgo,1963,0.980314
6931,tgo,1964,0.986085
6931,tgo,1965,0.986374
6931,tgo,1966,0.981116
6931,tgo,1967,0.982875
6931,tgo,1968,0.991807
6931,tgo,1969,0.985953
6931,tgo,1970,0.975293
6931,tgo,1971,0.926176
6931,tgo,1972,0.980802
6931,tgo,1973,0.962983
6931,tgo,1974,0.974996
6931,tgo,1975,0.959456
6931,tgo,1976,0.970823
6931,tgo,1977,0.973399
6931,tgo,1978,0.960874
6931,tgo,1979,0.969479
6931,tgo,1980,0.979658
6931,tgo,1981,0.978203
6931,tgo,1982,0.99034
6931,tgo,1983,0.97703
6931,tgo,1984,0.989003
6931,tgo,1985,0.978623
6931,tgo,1986,0.973331
6931,tgo,1987,0.94503
6931,tha,1988,0.782569
6931,tha,1989,0.76474
6931,tha,1990,0.737496
6931,tha,1991,0.756849
6931,tha,1992,0.774556
6931,tha,1993,0.748537
6931,tha,1994,0.75919
6931,tha,1995,0.738802
6931,tha,1996,0.760596
6931,tha,1997,0.759232
6931,tha,1998,0.749849
6931,tha,1999,0.705736
6931,tha,2000,0.704185
6931,tha,2001,0.685569
6931,tha,2002,0.684044
6931,tha,2003,0.687071
6931,tha,2004,0.684606
6931,tha,2005,0.700047
6931,tha,2006,0.682292
6931,tha,2007,0.692297
6931,tha,2008,0.678699
6931,tha,2009,0.697784
6931,tha,2010,0.691924
6931,tha,2011,0.67067
6931,tha,2012,0.685972
6931,tha,2013,0.680644
6931,tha,2014,0.655815
6931,tha,2015,0.668247
6931,tha,2016,0.685564
6931,tha,1962,0.97452
6931,tha,1963,0.971339
6931,tha,1964,0.964293
6931,tha,1965,0.972838
6931,tha,1966,0.962774
6931,tha,1967,0.958883
6931,tha,1968,0.960177
6931,tha,1969,0.955284
6931,tha,1970,0.924013
6931,tha,1971,0.926684
6931,tha,1972,0.930376
6931,tha,1973,0.867603
6931,tha,1974,0.899291
6931,tha,1975,0.880545
6931,tha,1976,0.870467
6931,tha,1977,0.83192
6931,tha,1978,0.866268
6931,tha,1979,0.84428
6931,tha,1980,0.827704
6931,tha,1981,0.848627
6931,tha,1982,0.821367
6931,tha,1983,0.82242
6931,tha,1984,0.804013
6931,tha,1985,0.79078
6931,tha,1986,0.802541
6931,tha,1987,0.756936
6931,tkl,1988,0.955902
6931,tkl,1989,0.959434
6931,tkl,1990,0.96184
6931,tkl,1991,0.94827
6931,tkl,1992,0.946304
6931,tkl,1993,0.950451
6931,tkl,1994,0.919428
6931,tkl,1995,0.92854
6931,tkl,1996,0.887908
6931,tkl,1997,0.888172
6931,tkl,1998,0.888376
6931,tkl,1999,0.878806
6931,tkl,2000,0.822964
6931,tkl,2001,0.84655
6931,tkl,2002,0.835396
6931,tkl,2003,0.840011
6931,tkl,2004,0.833523
6931,tkl,2005,0.856621
6931,tkl,2006,0.817927
6931,tkl,2007,0.83267
6931,tkl,2008,0.815863
6931,tkl,2009,0.835484
6931,tkl,2010,0.842718
6931,tkl,2011,0.856552
6931,tkl,2012,0.824222
6931,tkl,2013,0.871788
6931,tkl,2014,0.831611
6931,tkl,2015,0.85924
6931,tkl,2016,0.840708
6931,tkl,1970,0.998391
6931,tkl,1971,0.998884
6931,tkl,1972,0
6931,tkl,1974,0
6931,tkl,1975,0
6931,tkl,1977,0.981351
6931,tkl,1978,0.99772
6931,tkl,1979,0.9962
6931,tkl,1980,0.996961
6931,tkl,1981,0.997836
6931,tkl,1982,0.999708
6931,tkl,1983,1
6931,tkl,1984,0.997435
6931,tkl,1985,0.997497
6931,tkl,1986,0.989201
6931,tkl,1987,0.991988
6931,tls,1988,0.987535
6931,tls,1989,0.964637
6931,tls,1990,0.978506
6931,tls,1991,0.983466
6931,tls,1992,0.955662
6931,tls,1993,0.960335
6931,tls,1994,0.958728
6931,tls,1995,0.967565
6931,tls,1996,0.952554
6931,tls,1997,0.971488
6931,tls,1998,0.974144
6931,tls,1999,0.988743
6931,tls,2000,0.990275
6931,tls,2001,0.946823
6931,tls,2002,0.939394
6931,tls,2003,0.934603
6931,tls,2004,0.975999
6931,tls,2005,0.982376
6931,tls,2006,0.971318
6931,tls,2007,0.967475
6931,tls,2008,0.978592
6931,tls,2009,0.983617
6931,tls,2010,0.960759
6931,tls,2011,0.981782
6931,tls,2012,0.984658
6931,tls,2013,0.991452
6931,tls,2014,0.98592
6931,tls,2015,0.988166
6931,tls,2016,0.979229
6931,tls,1962,0.959278
6931,tls,1963,0.938191
6931,tls,1964,0.921576
6931,tls,1965,0.876687
6931,tls,1966,0.850391
6931,tls,1967,0.873739
6931,tls,1968,0.888154
6931,tls,1969,0.884879
6931,tls,1970,0.951097
6931,tls,1971,0.953212
6931,tls,1972,0.914597
6931,tls,1973,0.916314
6931,tls,1974,0.875399
6931,tls,1975,0.910525
6931,tls,1976,0.916913
6931,tls,1977,0.916121
6931,tls,1978,0.978256
6931,tls,1979,0.960876
6931,tls,1980,0.966368
6931,tls,1981,0.968041
6931,tls,1982,0.953677
6931,tls,1983,0.952745
6931,tls,1984,0.959213
6931,tls,1985,0.958411
6931,tls,1986,0.95032
6931,tls,1987,0.950532
6931,ton,1988,0.953331
6931,ton,1989,0.955995
6931,ton,1990,0.95441
6931,ton,1991,0.974034
6931,ton,1992,0.972313
6931,ton,1993,0.968083
6931,ton,1994,0.969847
6931,ton,1995,0.962364
6931,ton,1996,0.963933
6931,ton,1997,0.965438
6931,ton,1998,0.960563
6931,ton,1999,0.961743
6931,ton,2000,0.958685
6931,ton,2001,0.970171
6931,ton,2002,0.968051
6931,ton,2003,0.941322
6931,ton,2004,0.96342
6931,ton,2005,0.95098
6931,ton,2006,0.946185
6931,ton,2007,0.94469
6931,ton,2008,0.950819
6931,ton,2009,0.953759
6931,ton,2010,0.951903
6931,ton,2011,0.943086
6931,ton,2012,0.944121
6931,ton,2013,0.939294
6931,ton,2014,0.941734
6931,ton,2015,0.940375
6931,ton,2016,0.95937
6931,ton,1970,0.984934
6931,ton,1971,0.981646
6931,ton,1972,0.980501
6931,ton,1973,0.984991
6931,ton,1974,0.985276
6931,ton,1975,0.97735
6931,ton,1976,0.976149
6931,ton,1977,0.979676
6931,ton,1978,0.982421
6931,ton,1979,0.979707
6931,ton,1980,0.977323
6931,ton,1981,0.977973
6931,ton,1982,0.952584
6931,ton,1983,0.961062
6931,ton,1984,0.963811
6931,ton,1985,0.962919
6931,ton,1986,0.968326
6931,ton,1987,0.967528
6931,tto,1988,0.927988
6931,tto,1989,0.916884
6931,tto,1990,0.927513
6931,tto,1991,0.926674
6931,tto,1992,0.923946
6931,tto,1993,0.905194
6931,tto,1994,0.90655
6931,tto,1995,0.890741
6931,tto,1996,0.883995
6931,tto,1997,0.882037
6931,tto,1998,0.882072
6931,tto,1999,0.893589
6931,tto,2000,0.922162
6931,tto,2001,0.915215
6931,tto,2002,0.916392
6931,tto,2003,0.92886
6931,tto,2004,0.94707
6931,tto,2005,0.967166
6931,tto,2006,0.96894
6931,tto,2007,0.968101
6931,tto,2008,0.970651
6931,tto,2009,0.972968
6931,tto,2010,0.975384
6931,tto,2011,0.976767
6931,tto,2012,0.973204
6931,tto,2013,0.975591
6931,tto,2014,0.970169
6931,tto,2015,0.961781
6931,tto,2016,0.960399
6931,tto,1962,0.980553
6931,tto,1963,0.976459
6931,tto,1964,0.975428
6931,tto,1965,0.976126
6931,tto,1966,0.970383
6931,tto,1967,0.962597
6931,tto,1968,0.961389
6931,tto,1969,0.966409
6931,tto,1970,0.933103
6931,tto,1971,0.919178
6931,tto,1972,0.931338
6931,tto,1973,0.934791
6931,tto,1974,0.972187
6931,tto,1975,0.957696
6931,tto,1976,0.966654
6931,tto,1977,0.974342
6931,tto,1978,0.981025
6931,tto,1979,0.964118
6931,tto,1980,0.974028
6931,tto,1981,0.973425
6931,tto,1982,0.959293
6931,tto,1983,0.952975
6931,tto,1984,0.955855
6931,tto,1985,0.965213
6931,tto,1986,0.955867
6931,tto,1987,0.939898
6931,tun,1988,0.849249
6931,tun,1989,0.859554
6931,tun,1990,0.836537
6931,tun,1991,0.849008
6931,tun,1992,0.855888
6931,tun,1993,0.829639
6931,tun,1994,0.830524
6931,tun,1995,0.834675
6931,tun,1996,0.824415
6931,tun,1997,0.855295
6931,tun,1998,0.843906
6931,tun,1999,0.839303
6931,tun,2000,0.812019
6931,tun,2001,0.80738
6931,tun,2002,0.764436
6931,tun,2003,0.799436
6931,tun,2004,0.804022
6931,tun,2005,0.794861
6931,tun,2006,0.782815
6931,tun,2007,0.767355
6931,tun,2008,0.77953
6931,tun,2009,0.78852
6931,tun,2010,0.756339
6931,tun,2011,0.739994
6931,tun,2012,0.77336
6931,tun,2013,0.766543
6931,tun,2014,0.744754
6931,tun,2015,0.720028
6931,tun,2016,0.722438
6931,tun,1962,0.955679
6931,tun,1963,0.963339
6931,tun,1964,0.956157
6931,tun,1965,0.955022
6931,tun,1966,0.936995
6931,tun,1967,0.947021
6931,tun,1968,0.947526
6931,tun,1969,0.917843
6931,tun,1970,0.917156
6931,tun,1971,0.900112
6931,tun,1972,0.928449
6931,tun,1973,0.855097
6931,tun,1974,0.904856
6931,tun,1975,0.896855
6931,tun,1976,0.911715
6931,tun,1977,0.899535
6931,tun,1978,0.922059
6931,tun,1979,0.922613
6931,tun,1980,0.913462
6931,tun,1981,0.904879
6931,tun,1982,0.899589
6931,tun,1983,0.881498
6931,tun,1984,0.875851
6931,tun,1985,0.878842
6931,tun,1986,0.883177
6931,tun,1987,0.879124
6931,tur,1988,0.713961
6931,tur,1989,0.662707
6931,tur,1990,0.669783
6931,tur,1991,0.714123
6931,tur,1992,0.705041
6931,tur,1993,0.707279
6931,tur,1994,0.691539
6931,tur,1995,0.659422
6931,tur,1996,0.650818
6931,tur,1997,0.640175
6931,tur,1998,0.620169
6931,tur,1999,0.60382
6931,tur,2000,0.611041
6931,tur,2001,0.611573
6931,tur,2002,0.619513
6931,tur,2003,0.604757
6931,tur,2004,0.610645
6931,tur,2005,0.613665
6931,tur,2006,0.584535
6931,tur,2007,0.600262
6931,tur,2008,0.608005
6931,tur,2009,0.594261
6931,tur,2010,0.563894
6931,tur,2011,0.568102
6931,tur,2012,0.579782
6931,tur,2013,0.556197
6931,tur,2014,0.571411
6931,tur,2015,0.557721
6931,tur,2016,0.569254
6931,tur,1962,0.964026
6931,tur,1963,0.964565
6931,tur,1964,0.946597
6931,tur,1965,0.961446
6931,tur,1966,0.943807
6931,tur,1967,0.952699
6931,tur,1968,0.956355
6931,tur,1969,0.941348
6931,tur,1970,0.916894
6931,tur,1971,0.901158
6931,tur,1972,0.913181
6931,tur,1973,0.904435
6931,tur,1974,0.89056
6931,tur,1975,0.883212
6931,tur,1976,0.885477
6931,tur,1977,0.848563
6931,tur,1978,0.890362
6931,tur,1979,0.892842
6931,tur,1980,0.882483
6931,tur,1981,0.871241
6931,tur,1982,0.815063
6931,tur,1983,0.807434
6931,tur,1984,0.78722
6931,tur,1985,0.700434
6931,tur,1986,0.73954
6931,tur,1987,0.70553
6931,tuv,1988,0.95495
6931,tuv,1989,0.981617
6931,tuv,1990,0.989463
6931,tuv,1991,0.972578
6931,tuv,1992,0.977558
6931,tuv,1993,0.968603
6931,tuv,1994,0.973691
6931,tuv,1995,0.960924
6931,tuv,1996,0.95442
6931,tuv,1997,0.966689
6931,tuv,1998,0.965637
6931,tuv,1999,0.960487
6931,tuv,2000,0.948445
6931,tuv,2001,0.838258
6931,tuv,2002,0.817289
6931,tuv,2003,0.935734
6931,tuv,2004,0.938973
6931,tuv,2005,0.920691
6931,tuv,2006,0.934473
6931,tuv,2007,0.92703
6931,tuv,2008,0.910873
6931,tuv,2009,0.959606
6931,tuv,2010,0.960806
6931,tuv,2011,0.969546
6931,tuv,2012,0.977378
6931,tuv,2013,0.98661
6931,tuv,2014,0.95982
6931,tuv,2015,0.981404
6931,tuv,2016,0.992942
6931,tuv,1976,0
6931,tuv,1977,0
6931,tuv,1978,1
6931,tuv,1979,0.998848
6931,tuv,1980,0.991541
6931,tuv,1981,0.99067
6931,tuv,1982,0.986118
6931,tuv,1983,0.987974
6931,tuv,1984,0.990409
6931,tuv,1985,0.994823
6931,tuv,1986,0.972372
6931,tuv,1987,0.97986
6931,tza,1988,0.931793
6931,tza,1989,0.931403
6931,tza,1990,0.919193
6931,tza,1991,0.920015
6931,tza,1992,0.92184
6931,tza,1993,0.924858
6931,tza,1994,0.901114
6931,tza,1995,0.899139
6931,tza,1996,0.899497
6931,tza,1997,0.885952
6931,tza,1998,0.88475
6931,tza,1999,0.867342
6931,tza,2000,0.865078
6931,tza,2001,0.875768
6931,tza,2002,0.876054
6931,tza,2003,0.865396
6931,tza,2004,0.847807
6931,tza,2005,0.861591
6931,tza,2006,0.855039
6931,tza,2007,0.834986
6931,tza,2008,0.840374
6931,tza,2009,0.860635
6931,tza,2010,0.858738
6931,tza,2011,0.867181
6931,tza,2012,0.844906
6931,tza,2013,0.83829
6931,tza,2014,0.863198
6931,tza,2015,0.854313
6931,tza,2016,0.862586
6931,tza,1965,0.982297
6931,tza,1966,0.967006
6931,tza,1967,0.969742
6931,tza,1968,0.982293
6931,tza,1969,0.973975
6931,tza,1970,0.96155
6931,tza,1971,0.953432
6931,tza,1972,0.970989
6931,tza,1973,0.95976
6931,tza,1974,0.949572
6931,tza,1975,0.945716
6931,tza,1976,0.947836
6931,tza,1977,0.955765
6931,tza,1978,0.956984
6931,tza,1979,0.959925
6931,tza,1980,0.961349
6931,tza,1981,0.968508
6931,tza,1982,0.954429
6931,tza,1983,0.954406
6931,tza,1984,0.950958
6931,tza,1985,0.947673
6931,tza,1986,0.954292
6931,tza,1987,0.922992
6931,uga,1988,0.987202
6931,uga,1989,0.982032
6931,uga,1990,0.967444
6931,uga,1991,0.970279
6931,uga,1992,0.962018
6931,uga,1993,0.962244
6931,uga,1994,0.96836
6931,uga,1995,0.968934
6931,uga,1996,0.955757
6931,uga,1997,0.944413
6931,uga,1998,0.925492
6931,uga,1999,0.940385
6931,uga,2000,0.91972
6931,uga,2001,0.917888
6931,uga,2002,0.9159
6931,uga,2003,0.888493
6931,uga,2004,0.888703
6931,uga,2005,0.87768
6931,uga,2006,0.891176
6931,uga,2007,0.870225
6931,uga,2008,0.8672
6931,uga,2009,0.879939
6931,uga,2010,0.862876
6931,uga,2011,0.865704
6931,uga,2012,0.83462
6931,uga,2013,0.822753
6931,uga,2014,0.842838
6931,uga,2015,0.818977
6931,uga,2016,0.827167
6931,uga,1962,0.993773
6931,uga,1963,0.993028
6931,uga,1964,0.991977
6931,uga,1965,0.992307
6931,uga,1966,0.990783
6931,uga,1967,0.99285
6931,uga,1968,0.995563
6931,uga,1969,0.988929
6931,uga,1970,0.98223
6931,uga,1971,0.987306
6931,uga,1972,0.989779
6931,uga,1973,0.983411
6931,uga,1974,0.986135
6931,uga,1975,0.985165
6931,uga,1976,0.98849
6931,uga,1977,0.988675
6931,uga,1978,0.988074
6931,uga,1979,0.994904
6931,uga,1980,0.993349
6931,uga,1981,0.994052
6931,uga,1982,0.988943
6931,uga,1983,0.989549
6931,uga,1984,0.983895
6931,uga,1985,0.991147
6931,uga,1986,0.993488
6931,uga,1987,0.989608
6931,ury,1988,0.838555
6931,ury,1989,0.810541
6931,ury,1990,0.788575
6931,ury,1991,0.801206
6931,ury,1992,0.796279
6931,ury,1993,0.815506
6931,ury,1994,0.800096
6931,ury,1995,0.778841
6931,ury,1996,0.790002
6931,ury,1997,0.795064
6931,ury,1998,0.760417
6931,ury,1999,0.807175
6931,ury,2000,0.782324
6931,ury,2001,0.817617
6931,ury,2002,0.837365
6931,ury,2003,0.818044
6931,ury,2004,0.83249
6931,ury,2005,0.814789
6931,ury,2006,0.826954
6931,ury,2007,0.813953
6931,ury,2008,0.839137
6931,ury,2009,0.862308
6931,ury,2010,0.854642
6931,ury,2011,0.860779
6931,ury,2012,0.868685
6931,ury,2013,0.860267
6931,ury,2014,0.873984
6931,ury,2015,0.868834
6931,ury,2016,0.882925
6931,ury,1962,0.957443
6931,ury,1963,0.959577
6931,ury,1964,0.943897
6931,ury,1965,0.942213
6931,ury,1966,0.926472
6931,ury,1967,0.932177
6931,ury,1968,0.945882
6931,ury,1969,0.931627
6931,ury,1970,0.919206
6931,ury,1971,0.920813
6931,ury,1972,0.943284
6931,ury,1973,0.921461
6931,ury,1974,0.870412
6931,ury,1975,0.882523
6931,ury,1976,0.886233
6931,ury,1977,0.848151
6931,ury,1978,0.924368
6931,ury,1979,0.915576
6931,ury,1980,0.836576
6931,ury,1981,0.867716
6931,ury,1982,0.861369
6931,ury,1983,0.863162
6931,ury,1984,0.851882
6931,ury,1985,0.859298
6931,ury,1986,0.873454
6931,ury,1987,0.811314
6931,usa,1988,0.738027
6931,usa,1989,0.708957
6931,usa,1990,0.712777
6931,usa,1991,0.686172
6931,usa,1992,0.671569
6931,usa,1993,0.665078
6931,usa,1994,0.651715
6931,usa,1995,0.65589
6931,usa,1996,0.659462
6931,usa,1997,0.63334
6931,usa,1998,0.657987
6931,usa,1999,0.649875
6931,usa,2000,0.600339
6931,usa,2001,0.621915
6931,usa,2002,0.620662
6931,usa,2003,0.610491
6931,usa,2004,0.585272
6931,usa,2005,0.568982
6931,usa,2006,0.579884
6931,usa,2007,0.599625
6931,usa,2008,0.60669
6931,usa,2009,0.574048
6931,usa,2010,0.586648
6931,usa,2011,0.597482
6931,usa,2012,0.58087
6931,usa,2013,0.556919
6931,usa,2014,0.582883
6931,usa,2015,0.639662
6931,usa,2016,0.651228
6931,usa,1962,0.551419
6931,usa,1963,0.556568
6931,usa,1964,0.541483
6931,usa,1965,0.549395
6931,usa,1966,0.61281
6931,usa,1967,0.589236
6931,usa,1968,0.569751
6931,usa,1969,0.595019
6931,usa,1970,0.67887
6931,usa,1971,0.699141
6931,usa,1972,0.657577
6931,usa,1973,0.693025
6931,usa,1974,0.60899
6931,usa,1975,0.65577
6931,usa,1976,0.589836
6931,usa,1977,0.598119
6931,usa,1978,0.670889
6931,usa,1979,0.651102
6931,usa,1980,0.626162
6931,usa,1981,0.626294
6931,usa,1982,0.650054
6931,usa,1983,0.663104
6931,usa,1984,0.673947
6931,usa,1985,0.686241
6931,usa,1986,0.721931
6931,usa,1987,0.713751
6931,vct,1988,0.954651
6931,vct,1989,0.95495
6931,vct,1990,0.946083
6931,vct,1991,0.959937
6931,vct,1992,0.951299
6931,vct,1993,0.950016
6931,vct,1994,0.950254
6931,vct,1995,0.947497
6931,vct,1996,0.943462
6931,vct,1997,0.943124
6931,vct,1998,0.923625
6931,vct,1999,0.956613
6931,vct,2000,0.914921
6931,vct,2001,0.962279
6931,vct,2002,0.942592
6931,vct,2003,0.949624
6931,vct,2004,0.966765
6931,vct,2005,0.969614
6931,vct,2006,0.971183
6931,vct,2007,0.959187
6931,vct,2008,0.977764
6931,vct,2009,0.957807
6931,vct,2010,0.9509
6931,vct,2011,0.922205
6931,vct,2012,0.914227
6931,vct,2013,0.952892
6931,vct,2014,0.957396
6931,vct,2015,0.923762
6931,vct,2016,0.977709
6931,vct,1962,0
6931,vct,1970,0.987842
6931,vct,1971,0.983391
6931,vct,1972,0.988988
6931,vct,1973,0.978574
6931,vct,1974,0.974962
6931,vct,1975,0.955046
6931,vct,1976,0.921026
6931,vct,1977,0.903265
6931,vct,1978,0.990649
6931,vct,1979,0.951673
6931,vct,1980,0.958584
6931,vct,1981,0.959438
6931,vct,1982,0.938103
6931,vct,1983,0.962079
6931,vct,1984,0.970846
6931,vct,1985,0.974266
6931,vct,1986,0.968294
6931,vct,1987,0.951755
6931,ven,1988,0.935037
6931,ven,1989,0.915906
6931,ven,1990,0.922569
6931,ven,1991,0.919625
6931,ven,1992,0.926079
6931,ven,1993,0.914432
6931,ven,1994,0.911279
6931,ven,1995,0.89789
6931,ven,1996,0.890153
6931,ven,1997,0.896411
6931,ven,1998,0.863964
6931,ven,1999,0.889215
6931,ven,2000,0.912719
6931,ven,2001,0.916602
6931,ven,2002,0.913008
6931,ven,2003,0.926628
6931,ven,2004,0.922626
6931,ven,2005,0.950597
6931,ven,2006,0.960486
6931,ven,2007,0.964025
6931,ven,2008,0.980681
6931,ven,2009,0.971198
6931,ven,2010,0.984926
6931,ven,2011,0.985087
6931,ven,2012,0.984417
6931,ven,2013,0.984341
6931,ven,2014,0.981624
6931,ven,2015,0.979346
6931,ven,2016,0.978199
6931,ven,1962,0.989964
6931,ven,1963,0.989299
6931,ven,1964,0.990041
6931,ven,1965,0.990364
6931,ven,1966,0.991536
6931,ven,1967,0.988923
6931,ven,1968,0.990139
6931,ven,1969,0.989844
6931,ven,1970,0.987697
6931,ven,1971,0.984321
6931,ven,1972,0.987908
6931,ven,1973,0.982865
6931,ven,1974,0.987394
6931,ven,1975,0.990665
6931,ven,1976,0.988292
6931,ven,1977,0.985951
6931,ven,1978,0.983248
6931,ven,1979,0.982191
6931,ven,1980,0.983637
6931,ven,1981,0.982893
6931,ven,1982,0.98461
6931,ven,1983,0.972327
6931,ven,1984,0.976164
6931,ven,1985,0.957213
6931,ven,1986,0.94561
6931,ven,1987,0.926995
6931,vgb,1988,0.967411
6931,vgb,1989,0.964541
6931,vgb,1990,0.95396
6931,vgb,1991,0.964164
6931,vgb,1992,0.930123
6931,vgb,1993,0.919777
6931,vgb,1994,0.95131
6931,vgb,1995,0.942019
6931,vgb,1996,0.950957
6931,vgb,1997,0.938625
6931,vgb,1998,0.935789
6931,vgb,1999,0.950795
6931,vgb,2000,0.922945
6931,vgb,2001,0.925678
6931,vgb,2002,0.944059
6931,vgb,2003,0.937177
6931,vgb,2004,0.945501
6931,vgb,2005,0.97795
6931,vgb,2006,0.918929
6931,vgb,2007,0.927098
6931,vgb,2008,0.914729
6931,vgb,2009,0.896777
6931,vgb,2010,0.943794
6931,vgb,2011,0.943474
6931,vgb,2012,0.963494
6931,vgb,2013,0.954243
6931,vgb,2014,0.904501
6931,vgb,2015,0.952764
6931,vgb,2016,0.950424
6931,vgb,1964,0.984437
6931,vgb,1969,0.999576
6931,vgb,1970,0.952778
6931,vgb,1971,0.993955
6931,vgb,1972,0.998345
6931,vgb,1973,0.972344
6931,vgb,1974,0.870106
6931,vgb,1975,0.797503
6931,vgb,1976,0.812977
6931,vgb,1977,0.974154
6931,vgb,1978,0.99544
6931,vgb,1979,0.986556
6931,vgb,1980,0.983198
6931,vgb,1981,0.981664
6931,vgb,1982,0.975115
6931,vgb,1983,0.984348
6931,vgb,1984,0.982456
6931,vgb,1985,0.962759
6931,vgb,1986,0.958816
6931,vgb,1987,0.941679
6931,vnm,1988,0.926028
6931,vnm,1989,0.904682
6931,vnm,1990,0.899008
6931,vnm,1991,0.900615
6931,vnm,1992,0.894564
6931,vnm,1993,0.880219
6931,vnm,1994,0.860444
6931,vnm,1995,0.855055
6931,vnm,1996,0.848529
6931,vnm,1997,0.842692
6931,vnm,1998,0.855566
6931,vnm,1999,0.820706
6931,vnm,2000,0.810338
6931,vnm,2001,0.794708
6931,vnm,2002,0.78416
6931,vnm,2003,0.801614
6931,vnm,2004,0.790473
6931,vnm,2005,0.796745
6931,vnm,2006,0.782526
6931,vnm,2007,0.774317
6931,vnm,2008,0.774568
6931,vnm,2009,0.796102
6931,vnm,2010,0.759719
6931,vnm,2011,0.736082
6931,vnm,2012,0.74917
6931,vnm,2013,0.75583
6931,vnm,2014,0.755793
6931,vnm,2015,0.733377
6931,vnm,2016,0.747585
6931,vnm,1962,0.972318
6931,vnm,1963,0.973988
6931,vnm,1964,0.969743
6931,vnm,1965,0.969246
6931,vnm,1966,0.942504
6931,vnm,1967,0.96834
6931,vnm,1968,0.953995
6931,vnm,1969,0.956047
6931,vnm,1970,0.943551
6931,vnm,1971,0.940324
6931,vnm,1972,0.932261
6931,vnm,1973,0.894803
6931,vnm,1974,0.936856
6931,vnm,1975,0.863625
6931,vnm,1976,0.890623
6931,vnm,1977,0.893441
6931,vnm,1978,0.937453
6931,vnm,1979,0.92721
6931,vnm,1980,0.935782
6931,vnm,1981,0.932032
6931,vnm,1982,0.934827
6931,vnm,1983,0.929979
6931,vnm,1984,0.929312
6931,vnm,1985,0.922116
6931,vnm,1986,0.93851
6931,vnm,1987,0.916748
6931,vut,1988,0.980519
6931,vut,1989,0.979776
6931,vut,1990,0.971565
6931,vut,1991,0.973044
6931,vut,1992,0.975439
6931,vut,1993,0.979822
6931,vut,1994,0.968867
6931,vut,1995,0.975141
6931,vut,1996,0.970014
6931,vut,1997,0.977135
6931,vut,1998,0.975702
6931,vut,1999,0.971622
6931,vut,2000,0.974595
6931,vut,2001,0.961216
6931,vut,2002,0.957483
6931,vut,2003,0.963262
6931,vut,2004,0.97179
6931,vut,2005,0.965743
6931,vut,2006,0.963033
6931,vut,2007,0.973205
6931,vut,2008,0.985382
6931,vut,2009,0.970539
6931,vut,2010,0.979495
6931,vut,2011,0.979142
6931,vut,2012,0.971271
6931,vut,2013,0.944517
6931,vut,2014,0.973764
6931,vut,2015,0.963489
6931,vut,2016,0.976407
6931,vut,1962,0.98479
6931,vut,1963,0.987574
6931,vut,1964,0.990279
6931,vut,1965,0.992248
6931,vut,1966,0.986565
6931,vut,1967,0.988369
6931,vut,1968,0.994193
6931,vut,1969,0.992838
6931,vut,1970,0.989924
6931,vut,1971,0.989374
6931,vut,1972,0.990497
6931,vut,1973,0.991787
6931,vut,1974,0.979788
6931,vut,1975,0.971701
6931,vut,1976,0.949088
6931,vut,1977,0.957657
6931,vut,1978,0.989978
6931,vut,1979,0.990321
6931,vut,1980,0.986891
6931,vut,1981,0.984037
6931,vut,1982,0.98852
6931,vut,1983,0.983709
6931,vut,1984,0.987245
6931,vut,1985,0.982829
6931,vut,1986,0.980593
6931,vut,1987,0.983112
6931,wlf,1988,0.983708
6931,wlf,1989,0.986083
6931,wlf,1990,0.980695
6931,wlf,1991,0.990223
6931,wlf,1992,0.974293
6931,wlf,1993,0.974823
6931,wlf,1994,0.965486
6931,wlf,1995,0.97859
6931,wlf,1996,0.966104
6931,wlf,1997,0.976608
6931,wlf,1998,0.985862
6931,wlf,1999,0.978343
6931,wlf,2000,0.959369
6931,wlf,2001,0.973962
6931,wlf,2002,0.964422
6931,wlf,2003,0.983983
6931,wlf,2004,0.931038
6931,wlf,2005,0.953339
6931,wlf,2006,0.941914
6931,wlf,2007,0.961265
6931,wlf,2008,0.979428
6931,wlf,2009,0.958686
6931,wlf,2010,0.945864
6931,wlf,2011,0.926415
6931,wlf,2012,0.942989
6931,wlf,2013,0.955726
6931,wlf,2014,0.941751
6931,wlf,2015,0.954408
6931,wlf,2016,0.945725
6931,wlf,1970,0
6931,wlf,1971,0.998884
6931,wlf,1972,0.998243
6931,wlf,1973,0.987903
6931,wlf,1974,0.999543
6931,wlf,1975,0.984392
6931,wlf,1976,0.993842
6931,wlf,1977,0.980468
6931,wlf,1978,0.987284
6931,wlf,1979,0.990415
6931,wlf,1980,0.987899
6931,wlf,1981,0.992884
6931,wlf,1982,0.99319
6931,wlf,1983,0.994491
6931,wlf,1984,0.995155
6931,wlf,1985,0.996162
6931,wlf,1986,0.989138
6931,wlf,1987,0.985064
6931,wsm,1988,0.962315
6931,wsm,1989,0.961959
6931,wsm,1990,0.962261
6931,wsm,1991,0.962335
6931,wsm,1992,0.982991
6931,wsm,1993,0.982231
6931,wsm,1994,0.983453
6931,wsm,1995,0.971471
6931,wsm,1996,0.974158
6931,wsm,1997,0.968501
6931,wsm,1998,0.976914
6931,wsm,1999,0.97135
6931,wsm,2000,0.96427
6931,wsm,2001,0.962963
6931,wsm,2002,0.95134
6931,wsm,2003,0.9356
6931,wsm,2004,0.932871
6931,wsm,2005,0.937516
6931,wsm,2006,0.961554
6931,wsm,2007,0.966713
6931,wsm,2008,0.93233
6931,wsm,2009,0.880275
6931,wsm,2010,0.897785
6931,wsm,2011,0.894967
6931,wsm,2012,0.885808
6931,wsm,2013,0.904295
6931,wsm,2014,0.903095
6931,wsm,2015,0.927989
6931,wsm,2016,0.931696
6931,wsm,1962,0
6931,wsm,1963,0.999031
6931,wsm,1964,0.991932
6931,wsm,1965,0.991788
6931,wsm,1966,0.984028
6931,wsm,1967,0.979102
6931,wsm,1968,0.985658
6931,wsm,1969,0.98046
6931,wsm,1970,0.980136
6931,wsm,1971,0.975754
6931,wsm,1972,0.975513
6931,wsm,1973,0.971964
6931,wsm,1974,0.969939
6931,wsm,1975,0.956245
6931,wsm,1976,0.96901
6931,wsm,1977,0.973989
6931,wsm,1978,0.96499
6931,wsm,1979,0.978315
6931,wsm,1980,0.971827
6931,wsm,1981,0.970343
6931,wsm,1982,0.96055
6931,wsm,1983,0.961278
6931,wsm,1984,0.970487
6931,wsm,1985,0.961473
6931,wsm,1986,0.970601
6931,wsm,1987,0.965599
6931,yem,1988,0.983158
6931,yem,1989,0.978323
6931,yem,1990,0.977138
6931,yem,1991,0.979345
6931,yem,1992,0.964072
6931,yem,1993,0.959939
6931,yem,1994,0.972586
6931,yem,1995,0.95639
6931,yem,1996,0.959151
6931,yem,1997,0.961411
6931,yem,1998,0.943756
6931,yem,1999,0.956525
6931,yem,2000,0.971375
6931,yem,2001,0.971715
6931,yem,2002,0.961357
6931,yem,2003,0.963568
6931,yem,2004,0.963556
6931,yem,2005,0.960165
6931,yem,2006,0.965979
6931,yem,2007,0.961943
6931,yem,2008,0.970463
6931,yem,2009,0.965925
6931,yem,2010,0.96403
6931,yem,2011,0.96685
6931,yem,2012,0.967545
6931,yem,2013,0.963065
6931,yem,2014,0.971975
6931,yem,2015,0.942273
6931,yem,2016,0.947827
6931,yem,1962,0.99443
6931,yem,1963,0.996859
6931,yem,1964,0.993371
6931,yem,1965,0.993722
6931,yem,1966,0.991612
6931,yem,1967,0.988821
6931,yem,1968,0.986433
6931,yem,1969,0.967748
6931,yem,1970,0.977766
6931,yem,1971,0.974217
6931,yem,1972,0.980081
6931,yem,1973,0.905707
6931,yem,1974,0.949795
6931,yem,1975,0.924758
6931,yem,1976,0.95026
6931,yem,1977,0.902047
6931,yem,1978,0.970021
6931,yem,1979,0.947962
6931,yem,1980,0.938877
6931,yem,1981,0.932029
6931,yem,1982,0.914904
6931,yem,1983,0.925619
6931,yem,1984,0.955694
6931,yem,1985,0.95905
6931,yem,1986,0.953549
6931,yem,1987,0.955683
6931,ymd,1988,0.986072
6931,ymd,1989,0.97583
6931,ymd,1990,0.979899
6931,ymd,1962,0.951033
6931,ymd,1963,0.986624
6931,ymd,1964,0.982975
6931,ymd,1965,0.983883
6931,ymd,1966,0.977796
6931,ymd,1967,0.984076
6931,ymd,1968,0.980625
6931,ymd,1969,0.981783
6931,ymd,1970,0.977026
6931,ymd,1971,0.980492
6931,ymd,1972,0.972331
6931,ymd,1973,0.982243
6931,ymd,1974,0.979405
6931,ymd,1975,0.984571
6931,ymd,1976,0.986514
6931,ymd,1977,0.940047
6931,ymd,1978,0.970178
6931,ymd,1979,0.973949
6931,ymd,1980,0.965864
6931,ymd,1981,0.974052
6931,ymd,1982,0.986371
6931,ymd,1983,0.98659
6931,ymd,1984,0.979125
6931,ymd,1985,0.986321
6931,ymd,1986,0.96517
6931,ymd,1987,0.969167
6931,yug,1988,0.563113
6931,yug,1989,0.564278
6931,yug,1990,0.574074
6931,yug,1991,0.601564
6931,yug,1962,0.738285
6931,yug,1963,0.697044
6931,yug,1964,0.719134
6931,yug,1965,0.721135
6931,yug,1966,0.663718
6931,yug,1967,0.690511
6931,yug,1968,0.715193
6931,yug,1969,0.67266
6931,yug,1970,0.652165
6931,yug,1971,0.606719
6931,yug,1972,0.651628
6931,yug,1973,0.650018
6931,yug,1974,0.604696
6931,yug,1975,0.602614
6931,yug,1976,0.631279
6931,yug,1977,0.563642
6931,yug,1978,0.729489
6931,yug,1979,0.713495
6931,yug,1980,0.657271
6931,yug,1981,0.657161
6931,yug,1982,0.620696
6931,yug,1983,0.625064
6931,yug,1984,0.576439
6931,yug,1985,0.549512
6931,yug,1986,0.624997
6931,yug,1987,0.582791
6931,zaf,1988,0.857377
6931,zaf,1989,0.84899
6931,zaf,1990,0.829347
6931,zaf,1991,0.791282
6931,zaf,1992,0.804056
6931,zaf,1993,0.78233
6931,zaf,1994,0.755011
6931,zaf,1995,0.710007
6931,zaf,1996,0.712729
6931,zaf,1997,0.726194
6931,zaf,1998,0.712053
6931,zaf,1999,0.684573
6931,zaf,2000,0.635713
6931,zaf,2001,0.658531
6931,zaf,2002,0.635071
6931,zaf,2003,0.640848
6931,zaf,2004,0.701347
6931,zaf,2005,0.719693
6931,zaf,2006,0.744907
6931,zaf,2007,0.762348
6931,zaf,2008,0.787419
6931,zaf,2009,0.733068
6931,zaf,2010,0.749386
6931,zaf,2011,0.822677
6931,zaf,2012,0.775729
6931,zaf,2013,0.765677
6931,zaf,2014,0.759809
6931,zaf,2015,0.799727
6931,zaf,2016,0.816232
6931,zaf,1962,0.938308
6931,zaf,1963,0.936251
6931,zaf,1964,0.92567
6931,zaf,1965,0.938112
6931,zaf,1966,0.921238
6931,zaf,1967,0.922852
6931,zaf,1968,0.941396
6931,zaf,1969,0.925966
6931,zaf,1970,0.887871
6931,zaf,1971,0.88673
6931,zaf,1972,0.895752
6931,zaf,1973,0.893379
6931,zaf,1974,0.882263
6931,zaf,1975,0.881168
6931,zaf,1976,0.876924
6931,zaf,1977,0.852474
6931,zaf,1978,0.844275
6931,zaf,1979,0.846744
6931,zaf,1980,0.864435
6931,zaf,1981,0.867784
6931,zaf,1982,0.82786
6931,zaf,1983,0.820445
6931,zaf,1984,0.81681
6931,zaf,1985,0.814842
6931,zaf,1986,0.814138
6931,zaf,1987,0.830154
6931,zmb,1988,0.961571
6931,zmb,1989,0.969739
6931,zmb,1990,0.966019
6931,zmb,1991,0.966023
6931,zmb,1992,0.963591
6931,zmb,1993,0.950708
6931,zmb,1994,0.952869
6931,zmb,1995,0.931251
6931,zmb,1996,0.907391
6931,zmb,1997,0.920937
6931,zmb,1998,0.895982
6931,zmb,1999,0.892151
6931,zmb,2000,0.893315
6931,zmb,2001,0.905256
6931,zmb,2002,0.876563
6931,zmb,2003,0.907201
6931,zmb,2004,0.922708
6931,zmb,2005,0.935083
6931,zmb,2006,0.950255
6931,zmb,2007,0.932509
6931,zmb,2008,0.953941
6931,zmb,2009,0.956772
6931,zmb,2010,0.95752
6931,zmb,2011,0.956203
6931,zmb,2012,0.947058
6931,zmb,2013,0.939522
6931,zmb,2014,0.943673
6931,zmb,2015,0.923805
6931,zmb,2016,0.95072
6931,zmb,1965,0.983631
6931,zmb,1966,0.985348
6931,zmb,1967,0.981947
6931,zmb,1968,0.98696
6931,zmb,1969,0.988157
6931,zmb,1970,0.980617
6931,zmb,1971,0.979864
6931,zmb,1972,0.984416
6931,zmb,1973,0.977475
6931,zmb,1974,0.969032
6931,zmb,1975,0.967669
6931,zmb,1976,0.974619
6931,zmb,1977,0.959324
6931,zmb,1978,0.967631
6931,zmb,1979,0.973905
6931,zmb,1980,0.982113
6931,zmb,1981,0.98195
6931,zmb,1982,0.980063
6931,zmb,1983,0.970549
6931,zmb,1984,0.973164
6931,zmb,1985,0.969695
6931,zmb,1986,0.967218
6931,zmb,1987,0.968164
6931,zwe,1988,0.920388
6931,zwe,1989,0.916233
6931,zwe,1990,0.832576
6931,zwe,1991,0.830703
6931,zwe,1992,0.821635
6931,zwe,1993,0.77809
6931,zwe,1994,0.818377
6931,zwe,1995,0.777192
6931,zwe,1996,0.801985
6931,zwe,1997,0.823937
6931,zwe,1998,0.854823
6931,zwe,1999,0.79573
6931,zwe,2000,0.79261
6931,zwe,2001,0.849582
6931,zwe,2002,0.783594
6931,zwe,2003,0.801024
6931,zwe,2004,0.831817
6931,zwe,2005,0.848588
6931,zwe,2006,0.906571
6931,zwe,2007,0.878598
6931,zwe,2008,0.887204
6931,zwe,2009,0.910612
6931,zwe,2010,0.901228
6931,zwe,2011,0.922833
6931,zwe,2012,0.906141
6931,zwe,2013,0.891833
6931,zwe,2014,0.898994
6931,zwe,2015,0.90666
6931,zwe,2016,0.925774
6931,zwe,1965,0.976342
6931,zwe,1966,0.758771
6931,zwe,1967,0.802211
6931,zwe,1968,0.783273
6931,zwe,1969,0.722431
6931,zwe,1970,0.870758
6931,zwe,1971,0.844161
6931,zwe,1972,0.824463
6931,zwe,1973,0.820025
6931,zwe,1974,0.796264
6931,zwe,1975,0.840144
6931,zwe,1976,0.935191
6931,zwe,1977,0.950764
6931,zwe,1978,0.909853
6931,zwe,1979,0.904699
6931,zwe,1980,0.956146
6931,zwe,1981,0.948225
6931,zwe,1982,0.938542
6931,zwe,1983,0.937653
6931,zwe,1984,0.838737
6931,zwe,1985,0.860944
6931,zwe,1986,0.884793
6931,zwe,1987,0.899955
6931,twn,1988,0.707102
6931,twn,1989,0.688405
6931,twn,1990,0.684053
6931,twn,1991,0.703582
6931,twn,1992,0.701122
6931,twn,1993,0.694176
6931,twn,1994,0.720887
6931,twn,1995,0.729333
6931,twn,1996,0.741991
6931,twn,1997,0.735402
6931,twn,1998,0.756597
6931,twn,1999,0.751669
6931,twn,2000,0.768923
6931,twn,2001,0.748686
6931,twn,2002,0.766346
6931,twn,2003,0.767846
6931,twn,2004,0.771484
6931,twn,2005,0.770326
6931,twn,2006,0.767422
6931,twn,2007,0.770356
6931,twn,2008,0.729189
6931,twn,2009,0.744144
6931,twn,2010,0.762232
6931,twn,2011,0.73887
6931,twn,2012,0.747712
6931,twn,2013,0.785436
6931,twn,2014,0.779861
6931,twn,2015,0.804491
6931,twn,2016,0.805187
6931,twn,1962,0.843179
6931,twn,1963,0.828568
6931,twn,1964,0.834283
6931,twn,1965,0.795386
6931,twn,1966,0.733198
6931,twn,1967,0.747891
6931,twn,1968,0.760596
6931,twn,1969,0.711542
6931,twn,1970,0.698122
6931,twn,1971,0.695807
6931,twn,1972,0.707397
6931,twn,1973,0.687644
6931,twn,1974,0.668865
6931,twn,1975,0.681419
6931,twn,1976,0.69238
6931,twn,1977,0.664971
6931,twn,1978,0.709165
6931,twn,1979,0.688343
6931,twn,1980,0.671693
6931,twn,1981,0.669243
6931,twn,1982,0.677146
6931,twn,1983,0.670617
6931,twn,1984,0.687738
6931,twn,1985,0.70209
6931,twn,1986,0.722055
6931,twn,1987,0.723924
6931,ans,1988,0.914917
6931,ans,1989,0.912786
6931,ans,1990,0.89985
6931,ans,1991,0.867674
6931,ans,1992,0.85923
6931,ans,1993,0.830291
6931,ans,1994,0.796055
6931,ans,1995,0.859246
6931,ans,1996,0.855833
6931,ans,1997,0.847092
6931,ans,1998,0.835248
6931,ans,1999,0.844142
6931,ans,2000,0.86819
6931,ans,2001,0.909715
6931,ans,2002,0.898311
6931,ans,2003,0.898315
6931,ans,2004,0.880076
6931,ans,2005,0.902754
6931,ans,2006,0.948317
6931,ans,2007,0.915018
6931,ans,2008,0.917015
6931,ans,2009,0.913657
6931,ans,2010,0.927726
6931,ans,2011,0.914485
6931,ans,2012,0.942688
6931,ans,2013,0.908328
6931,ans,2014,0.887189
6931,ans,2015,0.861417
6931,ans,2016,0.898808
6931,ans,1962,0.955586
6931,ans,1963,0.960352
6931,ans,1964,0.943883
6931,ans,1965,0.904183
6931,ans,1966,0.904143
6931,ans,1967,0.909226
6931,ans,1968,0.914578
6931,ans,1969,0.908186
6931,ans,1970,0.931074
6931,ans,1971,0.942072
6931,ans,1972,0.924305
6931,ans,1973,0.919965
6931,ans,1974,0.914582
6931,ans,1975,0.888151
6931,ans,1976,0.881636
6931,ans,1977,0.906684
6931,ans,1978,0.914627
6931,ans,1979,0.843739
6931,ans,1980,0.939281
6931,ans,1981,0.928287
6931,ans,1982,0.900876
6931,ans,1983,0.9028
6931,ans,1984,0.871396
6931,ans,1985,0.867865
6931,ans,1986,0.845475
6931,ans,1987,0.835243
6931,arm,1992,0.946746
6931,arm,1993,0.960847
6931,arm,1994,0.972745
6931,arm,1995,0.958784
6931,arm,1996,0.913217
6931,arm,1997,0.851818
6931,arm,1998,0.902132
6931,arm,1999,0.875948
6931,arm,2000,0.88544
6931,arm,2001,0.873423
6931,arm,2002,0.90324
6931,arm,2003,0.916167
6931,arm,2004,0.898796
6931,arm,2005,0.925168
6931,arm,2006,0.913178
6931,arm,2007,0.878881
6931,arm,2008,0.874506
6931,arm,2009,0.893901
6931,arm,2010,0.908664
6931,arm,2011,0.909217
6931,arm,2012,0.891166
6931,arm,2013,0.89839
6931,arm,2014,0.901497
6931,arm,2015,0.87856
6931,arm,2016,0.90742
6931,aze,1992,0.945324
6931,aze,1993,0.93932
6931,aze,1994,0.933832
6931,aze,1995,0.905597
6931,aze,1996,0.879654
6931,aze,1997,0.876341
6931,aze,1998,0.850334
6931,aze,1999,0.91467
6931,aze,2000,0.91663
6931,aze,2001,0.938999
6931,aze,2002,0.94651
6931,aze,2003,0.937996
6931,aze,2004,0.939573
6931,aze,2005,0.949487
6931,aze,2006,0.965672
6931,aze,2007,0.976001
6931,aze,2008,0.982421
6931,aze,2009,0.981773
6931,aze,2010,0.984683
6931,aze,2011,0.986063
6931,aze,2012,0.982927
6931,aze,2013,0.978509
6931,aze,2014,0.979078
6931,aze,2015,0.977266
6931,aze,2016,0.975169
6931,bih,1992,0.704666
6931,bih,1993,0.752271
6931,bih,1994,0.819597
6931,bih,1995,0.810493
6931,bih,1996,0.69988
6931,bih,1997,0.78629
6931,bih,1998,0.77789
6931,bih,1999,0.762888
6931,bih,2000,0.76534
6931,bih,2001,0.768225
6931,bih,2002,0.743931
6931,bih,2003,0.758336
6931,bih,2004,0.755283
6931,bih,2005,0.750019
6931,bih,2006,0.748761
6931,bih,2007,0.720921
6931,bih,2008,0.71314
6931,bih,2009,0.738694
6931,bih,2010,0.723184
6931,bih,2011,0.725903
6931,bih,2012,0.745278
6931,bih,2013,0.73634
6931,bih,2014,0.743658
6931,bih,2015,0.739649
6931,bih,2016,0.752352
6931,blr,1992,0.819583
6931,blr,1993,0.786962
6931,blr,1994,0.767808
6931,blr,1995,0.750876
6931,blr,1996,0.712195
6931,blr,1997,0.737736
6931,blr,1998,0.646226
6931,blr,1999,0.65512
6931,blr,2000,0.676802
6931,blr,2001,0.681333
6931,blr,2002,0.675893
6931,blr,2003,0.663599
6931,blr,2004,0.701842
6931,blr,2005,0.730424
6931,blr,2006,0.754207
6931,blr,2007,0.735731
6931,blr,2008,0.763106
6931,blr,2009,0.737107
6931,blr,2010,0.722107
6931,blr,2011,0.782439
6931,blr,2012,0.758575
6931,blr,2013,0.707418
6931,blr,2014,0.743786
6931,blr,2015,0.759099
6931,blr,2016,0.721184
6931,est,1992,0.850797
6931,est,1993,0.810759
6931,est,1994,0.735164
6931,est,1995,0.704523
6931,est,1996,0.724596
6931,est,1997,0.744377
6931,est,1998,0.716656
6931,est,1999,0.719488
6931,est,2000,0.785629
6931,est,2001,0.745967
6931,est,2002,0.725261
6931,est,2003,0.72577
6931,est,2004,0.718086
6931,est,2005,0.726105
6931,est,2006,0.718056
6931,est,2007,0.683549
6931,est,2008,0.661354
6931,est,2009,0.70568
6931,est,2010,0.665553
6931,est,2011,0.686249
6931,est,2012,0.674682
6931,est,2013,0.65022
6931,est,2014,0.689857
6931,est,2015,0.699874
6931,est,2016,0.704628
6931,fsm,1992,0.982186
6931,fsm,1993,0.985684
6931,fsm,1994,0.979713
6931,fsm,1995,0.983347
6931,fsm,1996,0.982355
6931,fsm,1997,0.974345
6931,fsm,1998,0.979396
6931,fsm,1999,0.978744
6931,fsm,2000,0.982293
6931,fsm,2001,0.983396
6931,fsm,2002,0.972573
6931,fsm,2003,0.976342
6931,fsm,2004,0.977757
6931,fsm,2005,0.985971
6931,fsm,2006,0.982672
6931,fsm,2007,0.970128
6931,fsm,2008,0.980234
6931,fsm,2009,0.985663
6931,fsm,2010,0.983074
6931,fsm,2011,0.972588
6931,fsm,2012,0.985997
6931,fsm,2013,0.982304
6931,fsm,2014,0.981554
6931,fsm,2015,0.971344
6931,fsm,2016,0.98464
6931,geo,1992,0.918853
6931,geo,1993,0.894609
6931,geo,1994,0.891719
6931,geo,1995,0.882276
6931,geo,1996,0.804308
6931,geo,1997,0.854647
6931,geo,1998,0.842492
6931,geo,1999,0.863832
6931,geo,2000,0.829432
6931,geo,2001,0.890704
6931,geo,2002,0.886664
6931,geo,2003,0.893505
6931,geo,2004,0.908148
6931,geo,2005,0.896205
6931,geo,2006,0.909653
6931,geo,2007,0.890315
6931,geo,2008,0.904981
6931,geo,2009,0.902419
6931,geo,2010,0.913629
6931,geo,2011,0.90418
6931,geo,2012,0.897025
6931,geo,2013,0.877351
6931,geo,2014,0.884945
6931,geo,2015,0.860252
6931,geo,2016,0.865461
6931,hrv,1992,0.664028
6931,hrv,1993,0.685464
6931,hrv,1994,0.693354
6931,hrv,1995,0.652521
6931,hrv,1996,0.679466
6931,hrv,1997,0.690177
6931,hrv,1998,0.682791
6931,hrv,1999,0.693716
6931,hrv,2000,0.70397
6931,hrv,2001,0.705996
6931,hrv,2002,0.689073
6931,hrv,2003,0.684697
6931,hrv,2004,0.690714
6931,hrv,2005,0.694592
6931,hrv,2006,0.694488
6931,hrv,2007,0.66374
6931,hrv,2008,0.643073
6931,hrv,2009,0.695697
6931,hrv,2010,0.684196
6931,hrv,2011,0.693503
6931,hrv,2012,0.69092
6931,hrv,2013,0.674735
6931,hrv,2014,0.656246
6931,hrv,2015,0.663009
6931,hrv,2016,0.670346
6931,kaz,1992,0.916248
6931,kaz,1993,0.894757
6931,kaz,1994,0.885524
6931,kaz,1995,0.8238
6931,kaz,1996,0.809436
6931,kaz,1997,0.83415
6931,kaz,1998,0.879719
6931,kaz,1999,0.890191
6931,kaz,2000,0.90605
6931,kaz,2001,0.902018
6931,kaz,2002,0.910077
6931,kaz,2003,0.907638
6931,kaz,2004,0.914519
6931,kaz,2005,0.925762
6931,kaz,2006,0.930319
6931,kaz,2007,0.93261
6931,kaz,2008,0.941311
6931,kaz,2009,0.943882
6931,kaz,2010,0.957212
6931,kaz,2011,0.962921
6931,kaz,2012,0.924185
6931,kaz,2013,0.944902
6931,kaz,2014,0.936252
6931,kaz,2015,0.936366
6931,kaz,2016,0.923802
6931,kgz,1992,0.924793
6931,kgz,1993,0.901097
6931,kgz,1994,0.900476
6931,kgz,1995,0.792315
6931,kgz,1996,0.777623
6931,kgz,1997,0.823528
6931,kgz,1998,0.835712
6931,kgz,1999,0.82246
6931,kgz,2000,0.837231
6931,kgz,2001,0.863612
6931,kgz,2002,0.838517
6931,kgz,2003,0.843578
6931,kgz,2004,0.839816
6931,kgz,2005,0.842991
6931,kgz,2006,0.824095
6931,kgz,2007,0.837306
6931,kgz,2008,0.864198
6931,kgz,2009,0.86297
6931,kgz,2010,0.887763
6931,kgz,2011,0.866242
6931,kgz,2012,0.829033
6931,kgz,2013,0.838608
6931,kgz,2014,0.887691
6931,kgz,2015,0.826544
6931,kgz,2016,0.840856
6931,ltu,1992,0.841778
6931,ltu,1993,0.808085
6931,ltu,1994,0.702215
6931,ltu,1995,0.687851
6931,ltu,1996,0.700929
6931,ltu,1997,0.715855
6931,ltu,1998,0.728248
6931,ltu,1999,0.720442
6931,ltu,2000,0.73828
6931,ltu,2001,0.740441
6931,ltu,2002,0.726368
6931,ltu,2003,0.712358
6931,ltu,2004,0.713637
6931,ltu,2005,0.712018
6931,ltu,2006,0.678925
6931,ltu,2007,0.654532
6931,ltu,2008,0.710734
6931,ltu,2009,0.716966
6931,ltu,2010,0.656372
6931,ltu,2011,0.674027
6931,ltu,2012,0.666403
6931,ltu,2013,0.653432
6931,ltu,2014,0.645106
6931,ltu,2015,0.663719
6931,ltu,2016,0.668563
6931,lva,1992,0.856883
6931,lva,1993,0.851016
6931,lva,1994,0.828738
6931,lva,1995,0.764638
6931,lva,1996,0.76649
6931,lva,1997,0.764328
6931,lva,1998,0.767072
6931,lva,1999,0.761326
6931,lva,2000,0.766911
6931,lva,2001,0.772306
6931,lva,2002,0.740507
6931,lva,2003,0.732318
6931,lva,2004,0.709251
6931,lva,2005,0.728014
6931,lva,2006,0.712562
6931,lva,2007,0.703475
6931,lva,2008,0.714273
6931,lva,2009,0.756008
6931,lva,2010,0.716935
6931,lva,2011,0.723162
6931,lva,2012,0.726053
6931,lva,2013,0.692839
6931,lva,2014,0.733596
6931,lva,2015,0.724602
6931,lva,2016,0.727961
6931,mda,1992,0.858531
6931,mda,1993,0.829733
6931,mda,1994,0.824735
6931,mda,1995,0.803339
6931,mda,1996,0.805087
6931,mda,1997,0.84183
6931,mda,1998,0.831747
6931,mda,1999,0.805485
6931,mda,2000,0.807902
6931,mda,2001,0.809575
6931,mda,2002,0.805158
6931,mda,2003,0.8212
6931,mda,2004,0.840093
6931,mda,2005,0.815763
6931,mda,2006,0.802905
6931,mda,2007,0.7825
6931,mda,2008,0.831066
6931,mda,2009,0.844739
6931,mda,2010,0.802225
6931,mda,2011,0.786306
6931,mda,2012,0.790979
6931,mda,2013,0.807151
6931,mda,2014,0.820025
6931,mda,2015,0.808027
6931,mda,2016,0.814847
6931,mhl,1992,0.978043
6931,mhl,1993,0.978748
6931,mhl,1994,0.992441
6931,mhl,1995,0.988586
6931,mhl,1996,0.981346
6931,mhl,1997,0.97855
6931,mhl,1998,0.986667
6931,mhl,1999,0.982996
6931,mhl,2000,0.978658
6931,mhl,2001,0.984796
6931,mhl,2002,0.99188
6931,mhl,2003,0.986456
6931,mhl,2004,0.990889
6931,mhl,2005,0.991366
6931,mhl,2006,0.986168
6931,mhl,2007,0.986227
6931,mhl,2008,0.992234
6931,mhl,2009,0.986689
6931,mhl,2010,0.98808
6931,mhl,2011,0.987588
6931,mhl,2012,0.984846
6931,mhl,2013,0.983572
6931,mhl,2014,0.980903
6931,mhl,2015,0.98138
6931,mhl,2016,0.979173
6931,mnp,1992,0.978217
6931,mnp,1993,0.981113
6931,mnp,1994,0.978435
6931,mnp,1995,0.953224
6931,mnp,1996,0.955306
6931,mnp,1997,0.971846
6931,mnp,1998,0.973385
6931,mnp,1999,0.957789
6931,mnp,2000,0.936397
6931,mnp,2001,0.94526
6931,mnp,2002,0.936693
6931,mnp,2003,0.926095
6931,mnp,2004,0.92172
6931,mnp,2005,0.914327
6931,mnp,2006,0.907423
6931,mnp,2007,0.914627
6931,mnp,2008,0.887215
6931,mnp,2009,0.839243
6931,mnp,2010,0.871585
6931,mnp,2011,0.878159
6931,mnp,2012,0.891446
6931,mnp,2013,0.893857
6931,mnp,2014,0.932456
6931,mnp,2015,0.945392
6931,mnp,2016,0.96525
6931,plw,1992,0.99
6931,plw,1993,0.985229
6931,plw,1994,0.961403
6931,plw,1995,0.979174
6931,plw,1996,0.973343
6931,plw,1997,0.977281
6931,plw,1998,0.975918
6931,plw,1999,0.976087
6931,plw,2000,0.974673
6931,plw,2001,0.982592
6931,plw,2002,0.982284
6931,plw,2003,0.982436
6931,plw,2004,0.986941
6931,plw,2005,0.98129
6931,plw,2006,0.98439
6931,plw,2007,0.981629
6931,plw,2008,0.980794
6931,plw,2009,0.980635
6931,plw,2010,0.981098
6931,plw,2011,0.985733
6931,plw,2012,0.983657
6931,plw,2013,0.978531
6931,plw,2014,0.980689
6931,plw,2015,0.978006
6931,plw,2016,0.987967
6931,rus,1992,0.856959
6931,rus,1993,0.851043
6931,rus,1994,0.841711
6931,rus,1995,0.809593
6931,rus,1996,0.808621
6931,rus,1997,0.833966
6931,rus,1998,0.821119
6931,rus,1999,0.801904
6931,rus,2000,0.83601
6931,rus,2001,0.85247
6931,rus,2002,0.848466
6931,rus,2003,0.851967
6931,rus,2004,0.876651
6931,rus,2005,0.888317
6931,rus,2006,0.891308
6931,rus,2007,0.903084
6931,rus,2008,0.917711
6931,rus,2009,0.90743
6931,rus,2010,0.926683
6931,rus,2011,0.930859
6931,rus,2012,0.924204
6931,rus,2013,0.910659
6931,rus,2014,0.908632
6931,rus,2015,0.886457
6931,rus,2016,0.865505
6931,scg,1992,0.599291
6931,scg,1993,0.763868
6931,scg,1994,0.812974
6931,scg,1995,0.77416
6931,scg,1996,0.679896
6931,scg,1997,0.693022
6931,scg,1998,0.674836
6931,scg,1999,0.598513
6931,scg,2000,0.6187
6931,scg,2001,0.627469
6931,scg,2002,0.62711
6931,scg,2003,0.660012
6931,scg,2004,0.618817
6931,scg,2005,0.650584
6931,scg,2006,0.805551
6931,svn,1992,0.601187
6931,svn,1993,0.622477
6931,svn,1994,0.616615
6931,svn,1995,0.628373
6931,svn,1996,0.623169
6931,svn,1997,0.647464
6931,svn,1998,0.640417
6931,svn,1999,0.624324
6931,svn,2000,0.627174
6931,svn,2001,0.623626
6931,svn,2002,0.61142
6931,svn,2003,0.61336
6931,svn,2004,0.625983
6931,svn,2005,0.631168
6931,svn,2006,0.612991
6931,svn,2007,0.618715
6931,svn,2008,0.617451
6931,svn,2009,0.654725
6931,svn,2010,0.642005
6931,svn,2011,0.633266
6931,svn,2012,0.635016
6931,svn,2013,0.637711
6931,svn,2014,0.651878
6931,svn,2015,0.662728
6931,svn,2016,0.654419
6931,tjk,1992,0.979728
6931,tjk,1993,0.973504
6931,tjk,1994,0.975217
6931,tjk,1995,0.934117
6931,tjk,1996,0.930989
6931,tjk,1997,0.899882
6931,tjk,1998,0.913994
6931,tjk,1999,0.91284
6931,tjk,2000,0.911066
6931,tjk,2001,0.930369
6931,tjk,2002,0.934611
6931,tjk,2003,0.925545
6931,tjk,2004,0.943023
6931,tjk,2005,0.931149
6931,tjk,2006,0.946763
6931,tjk,2007,0.942756
6931,tjk,2008,0.941375
6931,tjk,2009,0.959474
6931,tjk,2010,0.943966
6931,tjk,2011,0.94697
6931,tjk,2012,0.955276
6931,tjk,2013,0.948877
6931,tjk,2014,0.947081
6931,tjk,2015,0.941337
6931,tjk,2016,0.941425
6931,tkm,1992,0.968573
6931,tkm,1993,0.975675
6931,tkm,1994,0.974585
6931,tkm,1995,0.959584
6931,tkm,1996,0.936143
6931,tkm,1997,0.957378
6931,tkm,1998,0.901045
6931,tkm,1999,0.943107
6931,tkm,2000,0.94644
6931,tkm,2001,0.963911
6931,tkm,2002,0.96434
6931,tkm,2003,0.964904
6931,tkm,2004,0.964598
6931,tkm,2005,0.965356
6931,tkm,2006,0.967093
6931,tkm,2007,0.969807
6931,tkm,2008,0.975468
6931,tkm,2009,0.966644
6931,tkm,2010,0.957795
6931,tkm,2011,0.973528
6931,tkm,2012,0.978659
6931,tkm,2013,0.970752
6931,tkm,2014,0.971542
6931,tkm,2015,0.969383
6931,tkm,2016,0.96021
6931,ukr,1992,0.835039
6931,ukr,1993,0.822215
6931,ukr,1994,0.790766
6931,ukr,1995,0.75896
6931,ukr,1996,0.676012
6931,ukr,1997,0.697844
6931,ukr,1998,0.700552
6931,ukr,1999,0.708828
6931,ukr,2000,0.699047
6931,ukr,2001,0.703567
6931,ukr,2002,0.710071
6931,ukr,2003,0.701814
6931,ukr,2004,0.725924
6931,ukr,2005,0.736214
6931,ukr,2006,0.706916
6931,ukr,2007,0.700804
6931,ukr,2008,0.76602
6931,ukr,2009,0.771359
6931,ukr,2010,0.763989
6931,ukr,2011,0.779576
6931,ukr,2012,0.768127
6931,ukr,2013,0.748841
6931,ukr,2014,0.775376
6931,ukr,2015,0.789932
6931,ukr,2016,0.773278
6931,umi,1992,0.994434
6931,umi,2000,0.918466
6931,umi,2001,0.914478
6931,umi,2002,0.9213
6931,umi,2003,0.945842
6931,umi,2004,0.941428
6931,umi,2005,0.931104
6931,umi,2006,0.949933
6931,umi,2007,0.906494
6931,umi,2008,0.907656
6931,umi,2009,0.96258
6931,umi,2010,0.956272
6931,umi,2011,0.96827
6931,umi,2012,0.942318
6931,umi,2013,0.933831
6931,umi,2014,0.897522
6931,umi,2015,0.937883
6931,umi,2016,0.929481
6931,uzb,1992,0.968361
6931,uzb,1993,0.97272
6931,uzb,1994,0.96954
6931,uzb,1995,0.936209
6931,uzb,1996,0.92729
6931,uzb,1997,0.901472
6931,uzb,1998,0.903234
6931,uzb,1999,0.906576
6931,uzb,2000,0.867276
6931,uzb,2001,0.916344
6931,uzb,2002,0.906075
6931,uzb,2003,0.899479
6931,uzb,2004,0.917763
6931,uzb,2005,0.917906
6931,uzb,2006,0.911283
6931,uzb,2007,0.90287
6931,uzb,2008,0.924782
6931,uzb,2009,0.932965
6931,uzb,2010,0.907307
6931,uzb,2011,0.913963
6931,uzb,2012,0.903536
6931,uzb,2013,0.900738
6931,uzb,2014,0.909692
6931,uzb,2015,0.894619
6931,uzb,2016,0.885052
6931,cze,1993,0.46671
6931,cze,1994,0.450874
6931,cze,1995,0.45898
6931,cze,1996,0.453275
6931,cze,1997,0.503239
6931,cze,1998,0.528791
6931,cze,1999,0.535837
6931,cze,2000,0.534656
6931,cze,2001,0.5493
6931,cze,2002,0.586849
6931,cze,2003,0.546318
6931,cze,2004,0.555886
6931,cze,2005,0.561764
6931,cze,2006,0.552641
6931,cze,2007,0.55232
6931,cze,2008,0.548961
6931,cze,2009,0.572146
6931,cze,2010,0.581171
6931,cze,2011,0.574507
6931,cze,2012,0.571379
6931,cze,2013,0.594449
6931,cze,2014,0.609929
6931,cze,2015,0.636654
6931,cze,2016,0.62739
6931,eri,1993,0.992839
6931,eri,1994,0.979069
6931,eri,1995,0.92585
6931,eri,1996,0.957542
6931,eri,1997,0.954643
6931,eri,1998,0.915264
6931,eri,1999,0.924232
6931,eri,2000,0.897384
6931,eri,2001,0.884644
6931,eri,2002,0.900483
6931,eri,2003,0.903601
6931,eri,2004,0.896977
6931,eri,2005,0.919955
6931,eri,2006,0.902233
6931,eri,2007,0.957233
6931,eri,2008,0.920336
6931,eri,2009,0.902476
6931,eri,2010,0.923561
6931,eri,2011,0.979956
6931,eri,2012,0.976772
6931,eri,2013,0.974562
6931,eri,2014,0.981986
6931,eri,2015,0.98458
6931,eri,2016,0.982269
6931,mkd,1993,0.763054
6931,mkd,1994,0.761931
6931,mkd,1995,0.732478
6931,mkd,1996,0.730468
6931,mkd,1997,0.745573
6931,mkd,1998,0.761381
6931,mkd,1999,0.75752
6931,mkd,2000,0.769031
6931,mkd,2001,0.770191
6931,mkd,2002,0.767941
6931,mkd,2003,0.772394
6931,mkd,2004,0.784211
6931,mkd,2005,0.785889
6931,mkd,2006,0.788973
6931,mkd,2007,0.803778
6931,mkd,2008,0.821137
6931,mkd,2009,0.790385
6931,mkd,2010,0.798309
6931,mkd,2011,0.832988
6931,mkd,2012,0.835016
6931,mkd,2013,0.812356
6931,mkd,2014,0.845348
6931,mkd,2015,0.838141
6931,mkd,2016,0.847185
6931,svk,1993,0.556003
6931,svk,1994,0.575601
6931,svk,1995,0.598282
6931,svk,1996,0.594802
6931,svk,1997,0.622121
6931,svk,1998,0.651735
6931,svk,1999,0.640912
6931,svk,2000,0.6475
6931,svk,2001,0.656215
6931,svk,2002,0.654648
6931,svk,2003,0.669698
6931,svk,2004,0.663049
6931,svk,2005,0.646289
6931,svk,2006,0.65713
6931,svk,2007,0.653256
6931,svk,2008,0.663639
6931,svk,2009,0.673895
6931,svk,2010,0.679096
6931,svk,2011,0.677427
6931,svk,2012,0.712417
6931,svk,2013,0.723423
6931,svk,2014,0.729982
6931,svk,2015,0.736449
6931,svk,2016,0.725335
6931,lux,1999,0.780229
6931,lux,2000,0.773695
6931,lux,2001,0.776816
6931,lux,2002,0.788264
6931,lux,2003,0.809966
6931,lux,2004,0.792944
6931,lux,2005,0.8083
6931,lux,2006,0.817458
6931,lux,2007,0.796352
6931,lux,2008,0.814968
6931,lux,2009,0.804656
6931,lux,2010,0.792021
6931,lux,2011,0.803558
6931,lux,2012,0.770168
6931,lux,2013,0.781805
6931,lux,2014,0.786132
6931,lux,2015,0.788312
6931,lux,2016,0.789142
6931,asm,2000,0.891585
6931,asm,2001,0.918075
6931,asm,2002,0.910565
6931,asm,2003,0.916206
6931,asm,2004,0.88181
6931,asm,2005,0.884779
6931,asm,2006,0.963886
6931,asm,2007,0.947348
6931,asm,2008,0.938898
6931,asm,2009,0.888413
6931,asm,2010,0.928359
6931,asm,2011,0.932401
6931,asm,2012,0.945697
6931,asm,2013,0.943206
6931,asm,2014,0.936348
6931,asm,2015,0.937777
6931,asm,2016,0.946404
6931,ata,2000,0.968093
6931,ata,2001,0.972277
6931,ata,2002,0.954849
6931,ata,2003,0.967405
6931,ata,2004,0.973311
6931,ata,2005,0.976964
6931,ata,2006,0.955205
6931,ata,2007,0.967256
6931,ata,2008,0.949426
6931,ata,2009,0.95055
6931,ata,2010,0.948122
6931,ata,2011,0.955431
6931,ata,2012,0.943419
6931,ata,2013,0.968873
6931,ata,2014,0.951582
6931,ata,2015,0.955971
6931,ata,2016,0.975037
6931,bvt,2000,0.991735
6931,bvt,2001,0.99486
6931,bvt,2002,0.984512
6931,bvt,2003,0.988608
6931,bvt,2004,0.976731
6931,bvt,2005,0.973505
6931,bvt,2006,0.983343
6931,bvt,2007,0.952985
6931,bvt,2008,0.974799
6931,bvt,2009,0.945794
6931,bvt,2010,0.976626
6931,bvt,2011,0.96173
6931,bvt,2012,0.980434
6931,bvt,2013,0.982613
6931,bvt,2014,0.968534
6931,bvt,2015,0.972004
6931,bvt,2016,0.960793
6931,bwa,2000,0.954474
6931,bwa,2001,0.935609
6931,bwa,2002,0.964431
6931,bwa,2003,0.980005
6931,bwa,2004,0.958291
6931,bwa,2005,0.965909
6931,bwa,2006,0.960127
6931,bwa,2007,0.965661
6931,bwa,2008,0.935333
6931,bwa,2009,0.917409
6931,bwa,2010,0.921461
6931,bwa,2011,0.968147
6931,bwa,2012,0.956311
6931,bwa,2013,0.975663
6931,bwa,2014,0.97342
6931,bwa,2015,0.966083
6931,bwa,2016,0.982309
6931,gum,2000,0.980023
6931,gum,2001,0.958432
6931,gum,2002,0.934742
6931,gum,2003,0.883586
6931,gum,2004,0.891242
6931,gum,2005,0.924101
6931,gum,2006,0.880537
6931,gum,2007,0.94158
6931,gum,2008,0.926788
6931,gum,2009,0.938113
6931,gum,2010,0.933529
6931,gum,2011,0.84857
6931,gum,2012,0.850837
6931,gum,2013,0.931603
6931,gum,2014,0.89021
6931,gum,2015,0.8751
6931,gum,2016,0.884145
6931,hmd,2000,0.960152
6931,hmd,2001,0.972578
6931,hmd,2002,0.972839
6931,hmd,2003,0.974712
6931,hmd,2004,0.968812
6931,hmd,2005,0.969067
6931,hmd,2006,0.967267
6931,hmd,2007,0.963525
6931,hmd,2008,0.954321
6931,hmd,2009,0.96711
6931,hmd,2010,0.953783
6931,hmd,2011,0.974649
6931,hmd,2012,0.963005
6931,hmd,2013,0.978648
6931,hmd,2014,0.975085
6931,hmd,2015,0.985663
6931,hmd,2016,0.984118
6931,lso,2000,0.97695
6931,lso,2001,0.971081
6931,lso,2002,0.980718
6931,lso,2003,0.98192
6931,lso,2004,0.979983
6931,lso,2005,0.980928
6931,lso,2006,0.975991
6931,lso,2007,0.97804
6931,lso,2008,0.975781
6931,lso,2009,0.977927
6931,lso,2010,0.933835
6931,lso,2011,0.928409
6931,lso,2012,0.936434
6931,lso,2013,0.929711
6931,lso,2014,0.931751
6931,lso,2015,0.918994
6931,lso,2016,0.919388
6931,myt,2000,0.968205
6931,myt,2001,0.939641
6931,myt,2002,0.975876
6931,myt,2003,0.938561
6931,myt,2004,0.921611
6931,myt,2005,0.943057
6931,myt,2006,0.939258
6931,myt,2007,0.957816
6931,myt,2008,0.952648
6931,myt,2009,0.936677
6931,myt,2010,0.936873
6931,myt,2011,0.95849
6931,myt,2012,0.976536
6931,myt,2013,0.980503
6931,nam,2000,0.880301
6931,nam,2001,0.901467
6931,nam,2002,0.855316
6931,nam,2003,0.840809
6931,nam,2004,0.86139
6931,nam,2005,0.880886
6931,nam,2006,0.905315
6931,nam,2007,0.889783
6931,nam,2008,0.895609
6931,nam,2009,0.844989
6931,nam,2010,0.893371
6931,nam,2011,0.905721
6931,nam,2012,0.879027
6931,nam,2013,0.886333
6931,nam,2014,0.903275
6931,nam,2015,0.903408
6931,nam,2016,0.921954
6931,pse,2000,0.8576
6931,pse,2001,0.872032
6931,pse,2002,0.787346
6931,pse,2003,0.783073
6931,pse,2004,0.788125
6931,pse,2005,0.793252
6931,pse,2006,0.889678
6931,pse,2007,0.765891
6931,pse,2008,0.780416
6931,pse,2009,0.801782
6931,pse,2010,0.809454
6931,pse,2011,0.806269
6931,pse,2012,0.796157
6931,pse,2013,0.784516
6931,pse,2014,0.810906
6931,pse,2015,0.796678
6931,pse,2016,0.802588
6931,sgs,2000,0.99486
6931,sgs,2001,0.985406
6931,sgs,2002,0.97529
6931,sgs,2003,0.974763
6931,sgs,2004,0.979396
6931,sgs,2005,0.98462
6931,sgs,2006,0.98344
6931,sgs,2007,0.992703
6931,sgs,2008,0.975181
6931,sgs,2009,0.984048
6931,sgs,2010,0.972725
6931,sgs,2011,0.974533
6931,sgs,2012,0.975682
6931,sgs,2013,0.972178
6931,sgs,2014,0.983339
6931,sgs,2015,0.981573
6931,sgs,2016,0.985445
6931,smr,2000,0.899742
6931,smr,2001,0.912712
6931,smr,2002,0.876102
6931,smr,2003,0.880079
6931,smr,2004,0.867109
6931,smr,2005,0.876834
6931,smr,2006,0.866276
6931,smr,2007,0.852605
6931,smr,2008,0.83507
6931,smr,2009,0.851034
6931,smr,2010,0.860144
6931,smr,2011,0.860822
6931,smr,2012,0.86142
6931,smr,2013,0.858152
6931,smr,2014,0.866928
6931,smr,2015,0.856374
6931,smr,2016,0.868418
6931,swz,2000,0.889669
6931,swz,2001,0.915136
6931,swz,2002,0.9029
6931,swz,2003,0.904624
6931,swz,2004,0.914776
6931,swz,2005,0.894257
6931,swz,2006,0.876115
6931,swz,2007,0.894657
6931,swz,2008,0.867397
6931,swz,2009,0.88716
6931,swz,2010,0.893678
6931,swz,2011,0.877341
6931,swz,2012,0.869811
6931,swz,2013,0.87868
6931,swz,2014,0.873643
6931,swz,2015,0.878734
6931,swz,2016,0.891047
6931,vat,2000,0.971515
6931,vat,2001,0.959735
6931,vat,2002,0.949576
6931,vat,2003,0.956387
6931,vat,2004,0.940745
6931,vat,2005,0.936737
6931,vat,2006,0.942257
6931,vat,2007,0.888374
6931,vat,2008,0.914432
6931,vat,2009,0.964278
6931,vat,2010,0.909314
6931,vat,2011,0.903919
6931,vat,2012,0.920986
6931,vat,2013,0.926157
6931,vat,2014,0.926868
6931,vat,2015,0.942175
6931,vat,2016,0.937293
6931,srb,2005,0
6931,srb,2006,0.645923
6931,srb,2007,0.602663
6931,srb,2008,0.667602
6931,srb,2009,0.687754
6931,srb,2010,0.676599
6931,srb,2011,0.681961
6931,srb,2012,0.665048
6931,srb,2013,0.683644
6931,srb,2014,0.696385
6931,srb,2015,0.669327
6931,srb,2016,0.695769
6931,mne,2006,0.874203
6931,mne,2007,0.891643
6931,mne,2008,0.894415
6931,mne,2009,0.876203
6931,mne,2010,0.875372
6931,mne,2011,0.902839
6931,mne,2012,0.905711
6931,mne,2013,0.900921
6931,mne,2014,0.902559
6931,mne,2015,0.895763
6931,mne,2016,0.904904
6931,bes,2011,0.980476
6931,bes,2012,0.982803
6931,bes,2013,0.973278
6931,bes,2014,0.997528
6931,bes,2015,0.984832
6931,bes,2016,0.990532
6931,cuw,2011,0.973108
6931,cuw,2012,0.966453
6931,cuw,2013,0.972646
6931,cuw,2014,0.963925
6931,cuw,2015,0.969546
6931,cuw,2016,0.970274
6931,sxm,2011,0.906561
6931,sxm,2012,0.971283
6931,sxm,2013,0.937389
6931,sxm,2014,0.969535
6931,sxm,2015,0.933975
6931,sxm,2016,0.95799
6931,ssd,2012,0.996574
6931,ssd,2013,0.997243
6931,ssd,2014,0.996539
6931,ssd,2015,0.994547
6931,ssd,2016,0.991934
6931,blm,2013,0.938307
6931,blm,2014,0.969313
6931,blm,2015,0.960622
6931,blm,2016,0.923703
6931,pcz,1962,0.944337
6931,pcz,1963,0.949631
6931,pcz,1964,0.911589
6931,pcz,1965,0.909898
6931,pcz,1966,0.914214
6931,pcz,1967,0.922989
6931,pcz,1968,0.941545
6931,pcz,1969,0.897857
6931,pcz,1970,0.883765
6931,pcz,1971,0.918318
6931,pcz,1972,0.902883
6931,pcz,1973,0.859258
6931,pcz,1974,0.946594
6931,pcz,1975,0.945992
6931,pcz,1976,0.815895
6931,pcz,1977,0.836242
6931,vdr,1962,0.958628
6931,vdr,1963,0.966688
6931,vdr,1964,0.95451
6931,vdr,1965,0.94896
6931,vdr,1966,0.962417
6931,vdr,1967,0.944468
6931,vdr,1968,0.931861
6931,vdr,1969,0.923976
6931,vdr,1970,0.901297
6931,vdr,1971,0.891482
6931,vdr,1972,0.909988
6931,vdr,1973,0.902735
6931,vdr,1974,0.905603
6931,vir,1962,0
6931,vir,1963,0.999361
6931,vir,1964,0.99882
6931,vir,1965,0
6931,vir,1966,0.999404
6931,vir,1967,0
6931,vir,1968,0
6931,vir,1969,0.99904
6931,vir,1970,0.988336
6931,vir,1971,0.993513
6931,vir,1972,0.94005
6931,vir,1973,0.992754
6931,vir,1974,0.960153
6931,vir,1975,0.969283
6931,vir,1976,0.974198
6931,vir,1977,0.946421
6931,vir,1978,0.974661
6931,vir,1979,0.985989
6931,vir,1980,0.952476
