product_code_hs,location,year,distance
2843,abw,1995,0.9921
2843,abw,1996,0.998291
2843,abw,1997,0.996671
2843,abw,1998,0.988907
2843,abw,1999,0.989983
2843,abw,2000,0.986396
2843,abw,2001,0.992862
2843,abw,2002,0.98969
2843,abw,2003,0.990279
2843,abw,2004,0.992796
2843,abw,2005,0.993796
2843,abw,2006,0.992885
2843,abw,2007,0.989243
2843,abw,2008,0.990939
2843,abw,2009,0.983969
2843,abw,2010,0.931277
2843,abw,2011,0.990302
2843,abw,2012,0.983495
2843,abw,2013,0.977208
2843,abw,2014,0.98541
2843,abw,2015,0.94064
2843,abw,2016,0.962787
2843,afg,1995,0.962988
2843,afg,1996,0.967442
2843,afg,1997,0.945774
2843,afg,1998,0.964178
2843,afg,1999,0.952205
2843,afg,2000,0.943944
2843,afg,2001,0.939205
2843,afg,2002,0.94806
2843,afg,2003,0.947097
2843,afg,2004,0.958771
2843,afg,2005,0.946133
2843,afg,2006,0.957101
2843,afg,2007,0.952992
2843,afg,2008,0.929756
2843,afg,2009,0.877884
2843,afg,2010,0.923137
2843,afg,2011,0.942615
2843,afg,2012,0.948282
2843,afg,2013,0.95012
2843,afg,2014,0.960434
2843,afg,2015,0.962428
2843,afg,2016,0.95831
2843,ago,1995,0.997672
2843,ago,1996,0.997488
2843,ago,1997,0.996651
2843,ago,1998,0.997425
2843,ago,1999,0.997385
2843,ago,2000,0.996947
2843,ago,2001,0.996474
2843,ago,2002,0.997964
2843,ago,2003,0.99847
2843,ago,2004,0.995844
2843,ago,2005,0.998514
2843,ago,2006,0.997624
2843,ago,2007,0.998061
2843,ago,2008,0.998709
2843,ago,2009,0.995924
2843,ago,2010,0.996885
2843,ago,2011,0.996654
2843,ago,2012,0.996508
2843,ago,2013,0.996669
2843,ago,2014,0.997721
2843,ago,2015,0.993658
2843,ago,2016,0.993456
2843,aia,1995,0.957107
2843,aia,1996,0.950532
2843,aia,1997,0.921361
2843,aia,1998,0.940249
2843,aia,1999,0.954902
2843,aia,2000,0.938215
2843,aia,2001,0.914928
2843,aia,2002,0.937236
2843,aia,2003,0.957302
2843,aia,2004,0.931258
2843,aia,2005,0.956515
2843,aia,2006,0.965263
2843,aia,2007,0.947251
2843,aia,2008,0.927355
2843,aia,2009,0.928439
2843,aia,2010,0.924726
2843,aia,2011,0.939681
2843,aia,2012,0.934903
2843,aia,2013,0.940446
2843,aia,2014,0.968011
2843,aia,2015,0.92393
2843,aia,2016,0.952597
2843,alb,1995,0.933574
2843,alb,1996,0.910397
2843,alb,1997,0.914265
2843,alb,1998,0.91109
2843,alb,1999,0.910551
2843,alb,2000,0.898397
2843,alb,2001,0.908172
2843,alb,2002,0.910429
2843,alb,2003,0.894537
2843,alb,2004,0.893772
2843,alb,2005,0.908316
2843,alb,2006,0.920048
2843,alb,2007,0.909773
2843,alb,2008,0.913695
2843,alb,2009,0.913746
2843,alb,2010,0.925529
2843,alb,2011,0.900176
2843,alb,2012,0.893035
2843,alb,2013,0.911114
2843,alb,2014,0.943648
2843,alb,2015,0.928665
2843,alb,2016,0.891093
2843,and,1995,0.920995
2843,and,1996,0.908783
2843,and,1997,0.889613
2843,and,1998,0.885314
2843,and,1999,0.869413
2843,and,2000,0.868098
2843,and,2001,0.858608
2843,and,2002,0.860212
2843,and,2003,0.877877
2843,and,2004,0.865068
2843,and,2005,0.88792
2843,and,2006,0.895299
2843,and,2007,0.863373
2843,and,2008,0.859664
2843,and,2009,0.868612
2843,and,2010,0.878062
2843,and,2011,0.913226
2843,and,2012,0.909617
2843,and,2013,0.964646
2843,and,2014,0.92269
2843,and,2015,0.916749
2843,and,2016,0.92341
2843,ant,1995,0.969588
2843,ant,1996,0.979149
2843,ant,1997,0.966845
2843,ant,1998,0.946256
2843,ant,1999,0.958569
2843,ant,2000,0.954324
2843,ant,2001,0.966224
2843,ant,2002,0.960798
2843,ant,2003,0.970177
2843,ant,2004,0.962263
2843,ant,2005,0.986967
2843,ant,2006,0.973969
2843,ant,2007,0.964834
2843,ant,2008,0.974027
2843,ant,2009,0.968721
2843,ant,2010,0.965236
2843,are,1995,0.949569
2843,are,1996,0.951851
2843,are,1997,0.954438
2843,are,1998,0.935534
2843,are,1999,0.919824
2843,are,2000,0.922129
2843,are,2001,0.928279
2843,are,2002,0.931729
2843,are,2003,0.952447
2843,are,2004,0.919667
2843,are,2005,0.938344
2843,are,2006,0.952174
2843,are,2007,0.943167
2843,are,2008,0.953899
2843,are,2009,0.948218
2843,are,2010,0.916226
2843,are,2011,0.932596
2843,are,2012,0.942248
2843,are,2013,0.925288
2843,are,2014,0.92949
2843,are,2015,0.908727
2843,are,2016,0.898423
2843,arg,1995,0.830422
2843,arg,1996,0.879107
2843,arg,1997,0.866934
2843,arg,1998,0.867323
2843,arg,1999,0.857827
2843,arg,2000,0.832189
2843,arg,2001,0.855188
2843,arg,2002,0.856029
2843,arg,2003,0.868866
2843,arg,2004,0.876112
2843,arg,2005,0.882277
2843,arg,2006,0.860522
2843,arg,2007,0.863521
2843,arg,2008,0.868309
2843,arg,2009,0.851324
2843,arg,2010,0.862437
2843,arg,2011,0.850962
2843,arg,2012,0.857834
2843,arg,2013,0.825249
2843,arg,2014,0.87947
2843,arg,2015,0.883538
2843,arg,2016,0.870152
2843,arm,1995,0.965007
2843,arm,1996,0.943059
2843,arm,1997,0.883437
2843,arm,1998,0.912462
2843,arm,1999,0.920442
2843,arm,2000,0.910193
2843,arm,2001,0.890471
2843,arm,2002,0.920134
2843,arm,2003,0.930575
2843,arm,2004,0.914948
2843,arm,2005,0.928643
2843,arm,2006,0.9315
2843,arm,2007,0.898482
2843,arm,2008,0.900397
2843,arm,2009,0.909808
2843,arm,2010,0.91925
2843,arm,2011,0.908628
2843,arm,2012,0.892942
2843,arm,2013,0.924638
2843,arm,2014,0.934832
2843,arm,2015,0.920675
2843,arm,2016,0.923734
2843,atf,1995,0.997518
2843,atf,1996,0.995392
2843,atf,1997,0.996502
2843,atf,1998,0.995115
2843,atf,1999,0.989404
2843,atf,2000,0.990839
2843,atf,2001,0.98253
2843,atf,2002,0.974771
2843,atf,2003,0.969797
2843,atf,2004,0.972138
2843,atf,2005,0.986712
2843,atf,2006,0.973617
2843,atf,2007,0.963057
2843,atf,2008,0.974545
2843,atf,2009,0.979481
2843,atf,2010,0.981528
2843,atf,2011,0.973902
2843,atf,2012,0.979528
2843,atf,2013,0.980716
2843,atf,2014,0.98248
2843,atf,2015,0.969018
2843,atf,2016,0.978416
2843,atg,1995,0.963086
2843,atg,1996,0.945569
2843,atg,1997,0.954878
2843,atg,1998,0.943676
2843,atg,1999,0.938599
2843,atg,2000,0.962888
2843,atg,2001,0.967041
2843,atg,2002,0.969303
2843,atg,2003,0.974741
2843,atg,2004,0.971335
2843,atg,2005,0.978475
2843,atg,2006,0.980168
2843,atg,2007,0.935042
2843,atg,2008,0.967057
2843,atg,2009,0.947547
2843,atg,2010,0.96335
2843,atg,2011,0.967574
2843,atg,2012,0.811323
2843,atg,2013,0.965773
2843,atg,2014,0.974403
2843,atg,2015,0.971246
2843,atg,2016,0.963948
2843,aus,1995,0.836976
2843,aus,1996,0.850446
2843,aus,1997,0.857726
2843,aus,1998,0.840326
2843,aus,1999,0.842672
2843,aus,2000,0.832297
2843,aus,2001,0.840345
2843,aus,2002,0.831933
2843,aus,2003,0.833474
2843,aus,2004,0.855372
2843,aus,2005,0.884981
2843,aus,2006,0.865472
2843,aus,2007,0.865261
2843,aus,2008,0.89893
2843,aus,2009,0.878042
2843,aus,2010,0.903777
2843,aus,2011,0.89699
2843,aus,2012,0.893398
2843,aus,2013,0.899234
2843,aus,2014,0.910577
2843,aus,2015,0.899243
2843,aus,2016,0.891368
2843,aut,1995,0.624424
2843,aut,1996,0.619833
2843,aut,1997,0.610025
2843,aut,1998,0.607314
2843,aut,1999,0.628371
2843,aut,2000,0.645586
2843,aut,2001,0.66492
2843,aut,2002,0.639412
2843,aut,2003,0.615673
2843,aut,2004,0.614689
2843,aut,2005,0.632054
2843,aut,2006,0.636692
2843,aut,2007,0.629833
2843,aut,2008,0.610459
2843,aut,2009,0.616687
2843,aut,2010,0.615645
2843,aut,2011,0.596652
2843,aut,2012,0.597757
2843,aut,2013,0.599602
2843,aut,2014,0.587792
2843,aut,2015,0.607018
2843,aut,2016,0.61829
2843,aze,1995,0.959026
2843,aze,1996,0.935806
2843,aze,1997,0.923496
2843,aze,1998,0.930391
2843,aze,1999,0.960033
2843,aze,2000,0.951413
2843,aze,2001,0.971921
2843,aze,2002,0.970934
2843,aze,2003,0.970845
2843,aze,2004,0.967351
2843,aze,2005,0.974452
2843,aze,2006,0.979289
2843,aze,2007,0.987762
2843,aze,2008,0.989709
2843,aze,2009,0.988963
2843,aze,2010,0.99088
2843,aze,2011,0.988551
2843,aze,2012,0.985056
2843,aze,2013,0.984739
2843,aze,2014,0.990466
2843,aze,2015,0.987861
2843,aze,2016,0.978072
2843,bdi,1995,0.987724
2843,bdi,1996,0.982648
2843,bdi,1997,0.988123
2843,bdi,1998,0.986013
2843,bdi,1999,0.990097
2843,bdi,2000,0.986353
2843,bdi,2001,0.966223
2843,bdi,2002,0.968518
2843,bdi,2003,0.981298
2843,bdi,2004,0.977882
2843,bdi,2005,0.98629
2843,bdi,2006,0.969234
2843,bdi,2007,0.962336
2843,bdi,2008,0.954938
2843,bdi,2009,0.967163
2843,bdi,2010,0.969196
2843,bdi,2011,0.969519
2843,bdi,2012,0.96412
2843,bdi,2013,0.976041
2843,bdi,2014,0.957118
2843,bdi,2015,0.972996
2843,bdi,2016,0.960606
2843,bel,1995,0.634244
2843,bel,1996,0.635246
2843,bel,1997,0.626789
2843,bel,1998,0.60216
2843,bel,1999,0.544512
2843,bel,2000,0.559576
2843,bel,2001,0.657757
2843,bel,2002,0.652309
2843,bel,2003,0.649758
2843,bel,2004,0.658917
2843,bel,2005,0.680251
2843,bel,2006,0.637103
2843,bel,2007,0.651366
2843,bel,2008,0.63161
2843,bel,2009,0.628517
2843,bel,2010,0.651162
2843,bel,2011,0.638304
2843,bel,2012,0.633933
2843,bel,2013,0.557363
2843,bel,2014,0.644888
2843,bel,2015,0.644915
2843,bel,2016,0.646605
2843,ben,1995,0.984389
2843,ben,1996,0.973146
2843,ben,1997,0.986533
2843,ben,1998,0.972308
2843,ben,1999,0.971994
2843,ben,2000,0.959633
2843,ben,2001,0.972488
2843,ben,2002,0.965915
2843,ben,2003,0.972224
2843,ben,2004,0.97921
2843,ben,2005,0.977177
2843,ben,2006,0.96785
2843,ben,2007,0.960733
2843,ben,2008,0.966239
2843,ben,2009,0.948549
2843,ben,2010,0.979622
2843,ben,2011,0.964569
2843,ben,2012,0.972276
2843,ben,2013,0.963145
2843,ben,2014,0.982426
2843,ben,2015,0.960982
2843,ben,2016,0.943132
2843,bfa,1995,0.973707
2843,bfa,1996,0.976222
2843,bfa,1997,0.975395
2843,bfa,1998,0.980368
2843,bfa,1999,0.971456
2843,bfa,2000,0.915235
2843,bfa,2001,0.904875
2843,bfa,2002,0.914855
2843,bfa,2003,0.959976
2843,bfa,2004,0.963554
2843,bfa,2005,0.974322
2843,bfa,2006,0.960301
2843,bfa,2007,0.947065
2843,bfa,2008,0.964068
2843,bfa,2009,0.96081
2843,bfa,2010,0.949483
2843,bfa,2011,0.969349
2843,bfa,2012,0.9765
2843,bfa,2013,0.976274
2843,bfa,2014,0.98361
2843,bfa,2015,0.986943
2843,bfa,2016,0.977541
2843,bgd,1995,0.975609
2843,bgd,1996,0.969657
2843,bgd,1997,0.967987
2843,bgd,1998,0.965463
2843,bgd,1999,0.978884
2843,bgd,2000,0.961024
2843,bgd,2001,0.968745
2843,bgd,2002,0.975064
2843,bgd,2003,0.974298
2843,bgd,2004,0.962055
2843,bgd,2005,0.962847
2843,bgd,2006,0.966456
2843,bgd,2007,0.952925
2843,bgd,2008,0.95727
2843,bgd,2009,0.949264
2843,bgd,2010,0.948569
2843,bgd,2011,0.951229
2843,bgd,2012,0.950618
2843,bgd,2013,0.953454
2843,bgd,2014,0.975637
2843,bgd,2015,0.969531
2843,bgd,2016,0.962067
2843,bgr,1995,0.822295
2843,bgr,1996,0.795731
2843,bgr,1997,0.812082
2843,bgr,1998,0.81533
2843,bgr,1999,0.807794
2843,bgr,2000,0.791813
2843,bgr,2001,0.804972
2843,bgr,2002,0.803025
2843,bgr,2003,0.802353
2843,bgr,2004,0.809992
2843,bgr,2005,0.839667
2843,bgr,2006,0.81418
2843,bgr,2007,0.807483
2843,bgr,2008,0.808619
2843,bgr,2009,0.789676
2843,bgr,2010,0.806363
2843,bgr,2011,0.778461
2843,bgr,2012,0.771386
2843,bgr,2013,0.763171
2843,bgr,2014,0.781502
2843,bgr,2015,0.786335
2843,bgr,2016,0.747301
2843,bhr,1995,0.971685
2843,bhr,1996,0.964851
2843,bhr,1997,0.970957
2843,bhr,1998,0.965349
2843,bhr,1999,0.960303
2843,bhr,2000,0.951441
2843,bhr,2001,0.955979
2843,bhr,2002,0.950107
2843,bhr,2003,0.962613
2843,bhr,2004,0.956009
2843,bhr,2005,0.960153
2843,bhr,2006,0.945692
2843,bhr,2007,0.943274
2843,bhr,2008,0.945252
2843,bhr,2009,0.943113
2843,bhr,2010,0.947157
2843,bhr,2011,0.950638
2843,bhr,2012,0.950273
2843,bhr,2013,0.939299
2843,bhr,2014,0.958829
2843,bhr,2015,0.938751
2843,bhr,2016,0.929028
2843,bhs,1995,0.957894
2843,bhs,1996,0.961848
2843,bhs,1997,0.969802
2843,bhs,1998,0.940503
2843,bhs,1999,0.95662
2843,bhs,2000,0.94643
2843,bhs,2001,0.939448
2843,bhs,2002,0.967297
2843,bhs,2003,0.973274
2843,bhs,2004,0.979302
2843,bhs,2005,0.983953
2843,bhs,2006,0.978232
2843,bhs,2007,0.969657
2843,bhs,2008,0.975706
2843,bhs,2009,0.976127
2843,bhs,2010,0.981158
2843,bhs,2011,0.979825
2843,bhs,2012,0.9624
2843,bhs,2013,0.969342
2843,bhs,2014,0.970278
2843,bhs,2015,0.985331
2843,bhs,2016,0.976943
2843,bih,1995,0.901667
2843,bih,1996,0.844083
2843,bih,1997,0.884431
2843,bih,1998,0.89827
2843,bih,1999,0.886583
2843,bih,2000,0.87583
2843,bih,2001,0.878032
2843,bih,2002,0.87597
2843,bih,2003,0.882463
2843,bih,2004,0.858773
2843,bih,2005,0.89468
2843,bih,2006,0.877421
2843,bih,2007,0.868255
2843,bih,2008,0.855474
2843,bih,2009,0.834058
2843,bih,2010,0.848235
2843,bih,2011,0.843984
2843,bih,2012,0.833146
2843,bih,2013,0.837283
2843,bih,2014,0.855534
2843,bih,2015,0.857677
2843,bih,2016,0.847478
2843,blr,1995,0.870549
2843,blr,1996,0.851239
2843,blr,1997,0.925895
2843,blr,1998,0.845604
2843,blr,1999,0.843708
2843,blr,2000,0.857091
2843,blr,2001,0.85956
2843,blr,2002,0.846247
2843,blr,2003,0.843066
2843,blr,2004,0.866271
2843,blr,2005,0.894464
2843,blr,2006,0.898193
2843,blr,2007,0.882479
2843,blr,2008,0.882716
2843,blr,2009,0.853655
2843,blr,2010,0.868074
2843,blr,2011,0.891699
2843,blr,2012,0.854352
2843,blr,2013,0.798262
2843,blr,2014,0.849302
2843,blr,2015,0.878973
2843,blr,2016,0.821722
2843,blz,1995,0.966287
2843,blz,1996,0.972938
2843,blz,1997,0.970091
2843,blz,1998,0.959385
2843,blz,1999,0.978389
2843,blz,2000,0.960402
2843,blz,2001,0.965915
2843,blz,2002,0.95305
2843,blz,2003,0.966384
2843,blz,2004,0.958918
2843,blz,2005,0.973001
2843,blz,2006,0.972934
2843,blz,2007,0.956022
2843,blz,2008,0.970487
2843,blz,2009,0.969881
2843,blz,2010,0.96314
2843,blz,2011,0.945073
2843,blz,2012,0.945747
2843,blz,2013,0.94442
2843,blz,2014,0.952426
2843,blz,2015,0.959143
2843,blz,2016,0.943148
2843,bmu,1995,0.973125
2843,bmu,1996,0.979338
2843,bmu,1997,0.976656
2843,bmu,1998,0.967473
2843,bmu,1999,0.955678
2843,bmu,2000,0.959995
2843,bmu,2001,0.96949
2843,bmu,2002,0.966037
2843,bmu,2003,0.976117
2843,bmu,2004,0.968179
2843,bmu,2005,0.982976
2843,bmu,2006,0.977665
2843,bmu,2007,0.975524
2843,bmu,2008,0.990541
2843,bmu,2009,0.972227
2843,bmu,2010,0.989629
2843,bmu,2011,0.981781
2843,bmu,2012,0.974263
2843,bmu,2013,0.985465
2843,bmu,2014,0.969694
2843,bmu,2015,0.975618
2843,bmu,2016,0.981276
2843,bol,1995,0.945879
2843,bol,1996,0.959185
2843,bol,1997,0.955685
2843,bol,1998,0.952703
2843,bol,1999,0.94911
2843,bol,2000,0.938564
2843,bol,2001,0.947536
2843,bol,2002,0.958385
2843,bol,2003,0.948993
2843,bol,2004,0.958217
2843,bol,2005,0.955821
2843,bol,2006,0.95156
2843,bol,2007,0.948013
2843,bol,2008,0.931493
2843,bol,2009,0.924502
2843,bol,2010,0.932316
2843,bol,2011,0.925777
2843,bol,2012,0.924256
2843,bol,2013,0.938227
2843,bol,2014,0.970243
2843,bol,2015,0.967094
2843,bol,2016,0.945711
2843,bra,1995,0.834791
2843,bra,1996,0.82777
2843,bra,1997,0.828405
2843,bra,1998,0.830894
2843,bra,1999,0.809632
2843,bra,2000,0.747744
2843,bra,2001,0.767177
2843,bra,2002,0.77529
2843,bra,2003,0.777644
2843,bra,2004,0.82837
2843,bra,2005,0.841883
2843,bra,2006,0.826655
2843,bra,2007,0.772907
2843,bra,2008,0.80177
2843,bra,2009,0.786784
2843,bra,2010,0.816575
2843,bra,2011,0.825128
2843,bra,2012,0.824404
2843,bra,2013,0.87178
2843,bra,2014,0.882991
2843,bra,2015,0.875248
2843,bra,2016,0.815683
2843,brb,1995,0.899754
2843,brb,1996,0.920092
2843,brb,1997,0.898552
2843,brb,1998,0.881492
2843,brb,1999,0.891607
2843,brb,2000,0.901786
2843,brb,2001,0.904576
2843,brb,2002,0.927021
2843,brb,2003,0.926152
2843,brb,2004,0.931304
2843,brb,2005,0.891164
2843,brb,2006,0.86119
2843,brb,2007,0.86376
2843,brb,2008,0.854539
2843,brb,2009,0.84926
2843,brb,2010,0.897425
2843,brb,2011,0.898884
2843,brb,2012,0.877385
2843,brb,2013,0.926382
2843,brb,2014,0.94793
2843,brb,2015,0.924036
2843,brb,2016,0.924503
2843,brn,1995,0.992719
2843,brn,1996,0.988818
2843,brn,1997,0.988985
2843,brn,1998,0.980279
2843,brn,1999,0.995324
2843,brn,2000,0.992961
2843,brn,2001,0.993025
2843,brn,2002,0.99591
2843,brn,2003,0.992211
2843,brn,2004,0.988958
2843,brn,2005,0.996818
2843,brn,2006,0.995259
2843,brn,2007,0.995148
2843,brn,2008,0.997345
2843,brn,2009,0.995485
2843,brn,2010,0.9964
2843,brn,2011,0.997455
2843,brn,2012,0.998066
2843,brn,2013,0.997552
2843,brn,2014,0.994416
2843,brn,2015,0.991875
2843,brn,2016,0.992253
2843,btn,1995,0.970517
2843,btn,1996,0.977893
2843,btn,1997,0.964809
2843,btn,1998,0.961672
2843,btn,1999,0.971415
2843,btn,2000,0.946018
2843,btn,2001,0.932321
2843,btn,2002,0.94074
2843,btn,2003,0.925418
2843,btn,2004,0.950283
2843,btn,2005,0.968396
2843,btn,2006,0.978226
2843,btn,2007,0.977317
2843,btn,2008,0.978254
2843,btn,2009,0.977836
2843,btn,2010,0.973412
2843,btn,2011,0.942123
2843,btn,2012,0.976047
2843,btn,2013,0.981653
2843,btn,2014,0.97722
2843,btn,2015,0.982327
2843,btn,2016,0.972156
2843,caf,1995,0.982444
2843,caf,1996,0.987568
2843,caf,1997,0.990688
2843,caf,1998,0.987402
2843,caf,1999,0.988455
2843,caf,2000,0.985821
2843,caf,2001,0.987576
2843,caf,2002,0.977319
2843,caf,2003,0.985222
2843,caf,2004,0.977321
2843,caf,2005,0.976368
2843,caf,2006,0.973261
2843,caf,2007,0.971577
2843,caf,2008,0.975986
2843,caf,2009,0.971054
2843,caf,2010,0.973087
2843,caf,2011,0.974913
2843,caf,2012,0.979059
2843,caf,2013,0.976433
2843,caf,2014,0.97369
2843,caf,2015,0.966334
2843,caf,2016,0.966046
2843,can,1995,0.818707
2843,can,1996,0.814423
2843,can,1997,0.808204
2843,can,1998,0.816398
2843,can,1999,0.801872
2843,can,2000,0.797773
2843,can,2001,0.826188
2843,can,2002,0.783914
2843,can,2003,0.798881
2843,can,2004,0.804336
2843,can,2005,0.834183
2843,can,2006,0.802794
2843,can,2007,0.802937
2843,can,2008,0.822793
2843,can,2009,0.801396
2843,can,2010,0.813163
2843,can,2011,0.792439
2843,can,2012,0.796185
2843,can,2013,0.805608
2843,can,2014,0.815305
2843,can,2015,0.802361
2843,can,2016,0.796241
2843,cck,1995,0.960617
2843,cck,1996,0.971519
2843,cck,1997,0.964658
2843,cck,1998,0.966801
2843,cck,1999,0.966701
2843,cck,2000,0.955582
2843,cck,2001,0.957066
2843,cck,2002,0.960538
2843,cck,2003,0.950244
2843,cck,2004,0.962195
2843,cck,2005,0.936008
2843,cck,2006,0.954048
2843,cck,2007,0.931875
2843,cck,2008,0.955015
2843,cck,2009,0.967859
2843,cck,2010,0.961528
2843,cck,2011,0.975418
2843,cck,2012,0.931016
2843,cck,2013,0.944807
2843,cck,2014,0.966146
2843,cck,2015,0.959745
2843,cck,2016,0.945178
2843,che,1995,0.566798
2843,che,1996,0.572967
2843,che,1997,0.592516
2843,che,1998,0.577303
2843,che,1999,0.597518
2843,che,2000,0.612861
2843,che,2001,0.599406
2843,che,2002,0.614762
2843,che,2003,0.607505
2843,che,2004,0.575891
2843,che,2005,0.579376
2843,che,2006,0.582594
2843,che,2007,0.604999
2843,che,2008,0.607634
2843,che,2009,0.655203
2843,che,2010,0.632638
2843,che,2011,0.685292
2843,che,2012,0.698508
2843,che,2013,0.747623
2843,che,2014,0.684962
2843,che,2015,0.704926
2843,che,2016,0.767357
2843,chl,1995,0.908768
2843,chl,1996,0.909591
2843,chl,1997,0.897515
2843,chl,1998,0.907844
2843,chl,1999,0.907067
2843,chl,2000,0.899565
2843,chl,2001,0.903427
2843,chl,2002,0.898863
2843,chl,2003,0.9061
2843,chl,2004,0.926331
2843,chl,2005,0.93677
2843,chl,2006,0.924733
2843,chl,2007,0.926378
2843,chl,2008,0.923897
2843,chl,2009,0.913469
2843,chl,2010,0.935614
2843,chl,2011,0.909807
2843,chl,2012,0.91979
2843,chl,2013,0.914895
2843,chl,2014,0.934933
2843,chl,2015,0.927409
2843,chl,2016,0.903061
2843,chn,1995,0.74139
2843,chn,1996,0.719167
2843,chn,1997,0.727512
2843,chn,1998,0.728662
2843,chn,1999,0.74456
2843,chn,2000,0.704575
2843,chn,2001,0.694331
2843,chn,2002,0.726681
2843,chn,2003,0.729009
2843,chn,2004,0.695278
2843,chn,2005,0.596422
2843,chn,2006,0.687416
2843,chn,2007,0.661284
2843,chn,2008,0.63881
2843,chn,2009,0.650677
2843,chn,2010,0.629635
2843,chn,2011,0.586545
2843,chn,2012,0.606828
2843,chn,2013,0.60075
2843,chn,2014,0.588436
2843,chn,2015,0.612044
2843,chn,2016,0.615194
2843,civ,1995,0.956578
2843,civ,1996,0.957673
2843,civ,1997,0.944297
2843,civ,1998,0.952464
2843,civ,1999,0.941034
2843,civ,2000,0.932964
2843,civ,2001,0.932901
2843,civ,2002,0.948286
2843,civ,2003,0.94622
2843,civ,2004,0.947438
2843,civ,2005,0.95626
2843,civ,2006,0.95424
2843,civ,2007,0.948235
2843,civ,2008,0.943993
2843,civ,2009,0.938331
2843,civ,2010,0.966553
2843,civ,2011,0.945359
2843,civ,2012,0.948452
2843,civ,2013,0.954847
2843,civ,2014,0.959338
2843,civ,2015,0.958279
2843,civ,2016,0.961535
2843,cmr,1995,0.973492
2843,cmr,1996,0.977771
2843,cmr,1997,0.972592
2843,cmr,1998,0.985951
2843,cmr,1999,0.984978
2843,cmr,2000,0.978483
2843,cmr,2001,0.978588
2843,cmr,2002,0.970997
2843,cmr,2003,0.976352
2843,cmr,2004,0.97692
2843,cmr,2005,0.981762
2843,cmr,2006,0.976382
2843,cmr,2007,0.960716
2843,cmr,2008,0.967614
2843,cmr,2009,0.954492
2843,cmr,2010,0.967135
2843,cmr,2011,0.949795
2843,cmr,2012,0.95709
2843,cmr,2013,0.968773
2843,cmr,2014,0.969636
2843,cmr,2015,0.968372
2843,cmr,2016,0.952098
2843,cod,1995,0.977928
2843,cod,1996,0.975834
2843,cod,1997,0.975413
2843,cod,1998,0.986132
2843,cod,1999,0.987237
2843,cod,2000,0.978232
2843,cod,2001,0.980143
2843,cod,2002,0.984995
2843,cod,2003,0.979746
2843,cod,2004,0.976047
2843,cod,2005,0.982016
2843,cod,2006,0.973104
2843,cod,2007,0.9683
2843,cod,2008,0.976913
2843,cod,2009,0.967736
2843,cod,2010,0.980296
2843,cod,2011,0.969208
2843,cod,2012,0.97517
2843,cod,2013,0.975891
2843,cod,2014,0.982987
2843,cod,2015,0.985498
2843,cod,2016,0.97522
2843,cog,1995,0.991977
2843,cog,1996,0.994575
2843,cog,1997,0.992216
2843,cog,1998,0.985863
2843,cog,1999,0.986512
2843,cog,2000,0.990926
2843,cog,2001,0.985298
2843,cog,2002,0.989592
2843,cog,2003,0.989348
2843,cog,2004,0.987341
2843,cog,2005,0.992298
2843,cog,2006,0.989138
2843,cog,2007,0.983626
2843,cog,2008,0.98674
2843,cog,2009,0.981393
2843,cog,2010,0.988387
2843,cog,2011,0.984626
2843,cog,2012,0.979356
2843,cog,2013,0.985313
2843,cog,2014,0.987824
2843,cog,2015,0.986845
2843,cog,2016,0.978018
2843,cok,1995,0.950616
2843,cok,1996,0.959838
2843,cok,1997,0.940851
2843,cok,1998,0.954783
2843,cok,1999,0.959079
2843,cok,2000,0.965568
2843,cok,2001,0.966487
2843,cok,2002,0.956651
2843,cok,2003,0.95609
2843,cok,2004,0.962338
2843,cok,2005,0.967669
2843,cok,2006,0.951178
2843,cok,2007,0.963543
2843,cok,2008,0.968197
2843,cok,2009,0.951181
2843,cok,2010,0.959265
2843,cok,2011,0.969533
2843,cok,2012,0.974206
2843,cok,2013,0.964487
2843,cok,2014,0.978742
2843,cok,2015,0.976718
2843,cok,2016,0.978127
2843,col,1995,0.905684
2843,col,1996,0.871574
2843,col,1997,0.871902
2843,col,1998,0.860898
2843,col,1999,0.87407
2843,col,2000,0.851662
2843,col,2001,0.872967
2843,col,2002,0.876516
2843,col,2003,0.889126
2843,col,2004,0.884427
2843,col,2005,0.908465
2843,col,2006,0.885229
2843,col,2007,0.870422
2843,col,2008,0.877252
2843,col,2009,0.865038
2843,col,2010,0.90904
2843,col,2011,0.910354
2843,col,2012,0.914648
2843,col,2013,0.927178
2843,col,2014,0.936072
2843,col,2015,0.925807
2843,col,2016,0.902368
2843,com,1995,0.980508
2843,com,1996,0.990107
2843,com,1997,0.971076
2843,com,1998,0.97423
2843,com,1999,0.980594
2843,com,2000,0.983756
2843,com,2001,0.987228
2843,com,2002,0.991064
2843,com,2003,0.99073
2843,com,2004,0.991686
2843,com,2005,0.987907
2843,com,2006,0.990265
2843,com,2007,0.986514
2843,com,2008,0.988743
2843,com,2009,0.97703
2843,com,2010,0.973382
2843,com,2011,0.985153
2843,com,2012,0.987713
2843,com,2013,0.988923
2843,com,2014,0.988377
2843,com,2015,0.988924
2843,com,2016,0.990384
2843,cpv,1995,0.973363
2843,cpv,1996,0.969379
2843,cpv,1997,0.951857
2843,cpv,1998,0.964307
2843,cpv,1999,0.978433
2843,cpv,2000,0.936432
2843,cpv,2001,0.940955
2843,cpv,2002,0.965513
2843,cpv,2003,0.959326
2843,cpv,2004,0.960434
2843,cpv,2005,0.957567
2843,cpv,2006,0.960978
2843,cpv,2007,0.944416
2843,cpv,2008,0.960846
2843,cpv,2009,0.962661
2843,cpv,2010,0.977258
2843,cpv,2011,0.956791
2843,cpv,2012,0.969254
2843,cpv,2013,0.980686
2843,cpv,2014,0.971709
2843,cpv,2015,0.973339
2843,cpv,2016,0.964264
2843,cri,1995,0.919616
2843,cri,1996,0.909656
2843,cri,1997,0.900246
2843,cri,1998,0.913447
2843,cri,1999,0.930758
2843,cri,2000,0.912701
2843,cri,2001,0.912062
2843,cri,2002,0.923614
2843,cri,2003,0.940012
2843,cri,2004,0.931167
2843,cri,2005,0.941434
2843,cri,2006,0.93535
2843,cri,2007,0.919008
2843,cri,2008,0.925589
2843,cri,2009,0.93699
2843,cri,2010,0.949505
2843,cri,2011,0.939512
2843,cri,2012,0.949061
2843,cri,2013,0.954206
2843,cri,2014,0.954406
2843,cri,2015,0.909211
2843,cri,2016,0.891277
2843,cub,1995,0.963583
2843,cub,1996,0.970166
2843,cub,1997,0.971723
2843,cub,1998,0.967936
2843,cub,1999,0.958515
2843,cub,2000,0.961827
2843,cub,2001,0.961771
2843,cub,2002,0.960958
2843,cub,2003,0.947232
2843,cub,2004,0.944296
2843,cub,2005,0.948073
2843,cub,2006,0.971918
2843,cub,2007,0.975858
2843,cub,2008,0.968582
2843,cub,2009,0.961019
2843,cub,2010,0.963498
2843,cub,2011,0.965232
2843,cub,2012,0.950557
2843,cub,2013,0.960069
2843,cub,2014,0.964481
2843,cub,2015,0.96892
2843,cub,2016,0.965511
2843,cxr,1995,0.981159
2843,cxr,1996,0.983671
2843,cxr,1997,0.98668
2843,cxr,1998,0.993682
2843,cxr,1999,0.989208
2843,cxr,2000,0.985287
2843,cxr,2001,0.990645
2843,cxr,2002,0.981038
2843,cxr,2003,0.975054
2843,cxr,2004,0.986106
2843,cxr,2005,0.971778
2843,cxr,2006,0.973557
2843,cxr,2007,0.948786
2843,cxr,2008,0.98152
2843,cxr,2009,0.978649
2843,cxr,2010,0.976014
2843,cxr,2011,0.972447
2843,cxr,2012,0.983571
2843,cxr,2013,0.975135
2843,cxr,2014,0.975502
2843,cxr,2015,0.982232
2843,cxr,2016,0.976242
2843,cym,1995,0.939263
2843,cym,1996,0.976594
2843,cym,1997,0.976265
2843,cym,1998,0.964312
2843,cym,1999,0.981648
2843,cym,2000,0.985836
2843,cym,2001,0.975002
2843,cym,2002,0.975014
2843,cym,2003,0.989421
2843,cym,2004,0.991617
2843,cym,2005,0.99058
2843,cym,2006,0.993288
2843,cym,2007,0.973665
2843,cym,2008,0.985444
2843,cym,2009,0.971444
2843,cym,2010,0.984112
2843,cym,2011,0.993456
2843,cym,2012,0.985973
2843,cym,2013,0.991106
2843,cym,2014,0.983698
2843,cym,2015,0.989489
2843,cym,2016,0.991308
2843,cyp,1995,0.902624
2843,cyp,1996,0.908732
2843,cyp,1997,0.880366
2843,cyp,1998,0.874232
2843,cyp,1999,0.877154
2843,cyp,2000,0.86168
2843,cyp,2001,0.884157
2843,cyp,2002,0.870554
2843,cyp,2003,0.884632
2843,cyp,2004,0.844938
2843,cyp,2005,0.854612
2843,cyp,2006,0.892962
2843,cyp,2007,0.846294
2843,cyp,2008,0.809637
2843,cyp,2009,0.822223
2843,cyp,2010,0.838921
2843,cyp,2011,0.865034
2843,cyp,2012,0.873
2843,cyp,2013,0.862709
2843,cyp,2014,0.838407
2843,cyp,2015,0.886255
2843,cyp,2016,0.837923
2843,cze,1995,0.599403
2843,cze,1996,0.580597
2843,cze,1997,0.593489
2843,cze,1998,0.613272
2843,cze,1999,0.628634
2843,cze,2000,0.639547
2843,cze,2001,0.661976
2843,cze,2002,0.658261
2843,cze,2003,0.629102
2843,cze,2004,0.661595
2843,cze,2005,0.675592
2843,cze,2006,0.682011
2843,cze,2007,0.67207
2843,cze,2008,0.668732
2843,cze,2009,0.680778
2843,cze,2010,0.675395
2843,cze,2011,0.63547
2843,cze,2012,0.634192
2843,cze,2013,0.643665
2843,cze,2014,0.650102
2843,cze,2015,0.679394
2843,cze,2016,0.680951
2843,deu,1995,0.377539
2843,deu,1996,0.383314
2843,deu,1997,0.388858
2843,deu,1998,0.390172
2843,deu,1999,0.373693
2843,deu,2000,0.466894
2843,deu,2001,0.472766
2843,deu,2002,0.390216
2843,deu,2003,0.414868
2843,deu,2004,0.409468
2843,deu,2005,0.388004
2843,deu,2006,0.362917
2843,deu,2007,0.410252
2843,deu,2008,0.39291
2843,deu,2009,0.433319
2843,deu,2010,0.378724
2843,deu,2011,0.405101
2843,deu,2012,0.405102
2843,deu,2013,0.393697
2843,deu,2014,0.383603
2843,deu,2015,0.404811
2843,deu,2016,0.473846
2843,dji,1995,0.878311
2843,dji,1996,0.962712
2843,dji,1997,0.93059
2843,dji,1998,0.925522
2843,dji,1999,0.93553
2843,dji,2000,0.943031
2843,dji,2001,0.911086
2843,dji,2002,0.927707
2843,dji,2003,0.949609
2843,dji,2004,0.943168
2843,dji,2005,0.923758
2843,dji,2006,0.944745
2843,dji,2007,0.976452
2843,dji,2008,0.975433
2843,dji,2009,0.972077
2843,dji,2010,0.971059
2843,dji,2011,0.969393
2843,dji,2012,0.958895
2843,dji,2013,0.959753
2843,dji,2014,0.973296
2843,dji,2015,0.967469
2843,dji,2016,0.953283
2843,dma,1995,0.917899
2843,dma,1996,0.93143
2843,dma,1997,0.894848
2843,dma,1998,0.915003
2843,dma,1999,0.902741
2843,dma,2000,0.901279
2843,dma,2001,0.901876
2843,dma,2002,0.933624
2843,dma,2003,0.933457
2843,dma,2004,0.916412
2843,dma,2005,0.924795
2843,dma,2006,0.923159
2843,dma,2007,0.916267
2843,dma,2008,0.917313
2843,dma,2009,0.921361
2843,dma,2010,0.910126
2843,dma,2011,0.931718
2843,dma,2012,0.906548
2843,dma,2013,0.926864
2843,dma,2014,0.938092
2843,dma,2015,0.930511
2843,dma,2016,0.928531
2843,dnk,1995,0.763294
2843,dnk,1996,0.770056
2843,dnk,1997,0.735057
2843,dnk,1998,0.729481
2843,dnk,1999,0.726363
2843,dnk,2000,0.729259
2843,dnk,2001,0.752059
2843,dnk,2002,0.753485
2843,dnk,2003,0.742102
2843,dnk,2004,0.757995
2843,dnk,2005,0.764043
2843,dnk,2006,0.746415
2843,dnk,2007,0.73935
2843,dnk,2008,0.749552
2843,dnk,2009,0.744615
2843,dnk,2010,0.745045
2843,dnk,2011,0.728381
2843,dnk,2012,0.72902
2843,dnk,2013,0.72287
2843,dnk,2014,0.735683
2843,dnk,2015,0.744058
2843,dnk,2016,0.722942
2843,dom,1995,0.95832
2843,dom,1996,0.944409
2843,dom,1997,0.952868
2843,dom,1998,0.950127
2843,dom,1999,0.949762
2843,dom,2000,0.940153
2843,dom,2001,0.931197
2843,dom,2002,0.918437
2843,dom,2003,0.919789
2843,dom,2004,0.922023
2843,dom,2005,0.91736
2843,dom,2006,0.905753
2843,dom,2007,0.898466
2843,dom,2008,0.887295
2843,dom,2009,0.884531
2843,dom,2010,0.892776
2843,dom,2011,0.868563
2843,dom,2012,0.870381
2843,dom,2013,0.883702
2843,dom,2014,0.899985
2843,dom,2015,0.904017
2843,dom,2016,0.878997
2843,dza,1995,0.988129
2843,dza,1996,0.981528
2843,dza,1997,0.989002
2843,dza,1998,0.99083
2843,dza,1999,0.992033
2843,dza,2000,0.991875
2843,dza,2001,0.991068
2843,dza,2002,0.987917
2843,dza,2003,0.988319
2843,dza,2004,0.991189
2843,dza,2005,0.99125
2843,dza,2006,0.990785
2843,dza,2007,0.992827
2843,dza,2008,0.988453
2843,dza,2009,0.989832
2843,dza,2010,0.990389
2843,dza,2011,0.990588
2843,dza,2012,0.990068
2843,dza,2013,0.992715
2843,dza,2014,0.993537
2843,dza,2015,0.992894
2843,dza,2016,0.98616
2843,ecu,1995,0.96276
2843,ecu,1996,0.963037
2843,ecu,1997,0.961217
2843,ecu,1998,0.961731
2843,ecu,1999,0.959442
2843,ecu,2000,0.945049
2843,ecu,2001,0.951246
2843,ecu,2002,0.956718
2843,ecu,2003,0.959471
2843,ecu,2004,0.952066
2843,ecu,2005,0.974528
2843,ecu,2006,0.970333
2843,ecu,2007,0.956336
2843,ecu,2008,0.960432
2843,ecu,2009,0.95002
2843,ecu,2010,0.953794
2843,ecu,2011,0.941608
2843,ecu,2012,0.94895
2843,ecu,2013,0.96531
2843,ecu,2014,0.9789
2843,ecu,2015,0.973849
2843,ecu,2016,0.952905
2843,egy,1995,0.919208
2843,egy,1996,0.918322
2843,egy,1997,0.899776
2843,egy,1998,0.903894
2843,egy,1999,0.899344
2843,egy,2000,0.881365
2843,egy,2001,0.869691
2843,egy,2002,0.877991
2843,egy,2003,0.886701
2843,egy,2004,0.884908
2843,egy,2005,0.902518
2843,egy,2006,0.881851
2843,egy,2007,0.874397
2843,egy,2008,0.86287
2843,egy,2009,0.822764
2843,egy,2010,0.857099
2843,egy,2011,0.837225
2843,egy,2012,0.837358
2843,egy,2013,0.811003
2843,egy,2014,0.846427
2843,egy,2015,0.844025
2843,egy,2016,0.804783
2843,eri,1995,0.964571
2843,eri,1996,0.976153
2843,eri,1997,0.982641
2843,eri,1998,0.948135
2843,eri,1999,0.958201
2843,eri,2000,0.96028
2843,eri,2001,0.947125
2843,eri,2002,0.933692
2843,eri,2003,0.934061
2843,eri,2004,0.926584
2843,eri,2005,0.957597
2843,eri,2006,0.939813
2843,eri,2007,0.977889
2843,eri,2008,0.944782
2843,eri,2009,0.928107
2843,eri,2010,0.947353
2843,eri,2011,0.979927
2843,eri,2012,0.982647
2843,eri,2013,0.988868
2843,eri,2014,0.997032
2843,eri,2015,0.99521
2843,eri,2016,0.987305
2843,esh,1995,0.990907
2843,esh,1996,0.99623
2843,esh,1997,0.989989
2843,esh,1998,0.988241
2843,esh,1999,0.984853
2843,esh,2000,0.973895
2843,esh,2001,0.990863
2843,esh,2002,0.992926
2843,esh,2003,0.978307
2843,esh,2004,0.988377
2843,esh,2005,0.979096
2843,esh,2006,0.991563
2843,esh,2007,0.972513
2843,esh,2008,0.985829
2843,esh,2009,0.984314
2843,esh,2010,0.981853
2843,esh,2011,0.980613
2843,esh,2012,0.963857
2843,esh,2013,0.978478
2843,esh,2014,0.985713
2843,esh,2015,0.9735
2843,esh,2016,0.986321
2843,esp,1995,0.684467
2843,esp,1996,0.668366
2843,esp,1997,0.646724
2843,esp,1998,0.654699
2843,esp,1999,0.652622
2843,esp,2000,0.623015
2843,esp,2001,0.629695
2843,esp,2002,0.632813
2843,esp,2003,0.65251
2843,esp,2004,0.647647
2843,esp,2005,0.692397
2843,esp,2006,0.664589
2843,esp,2007,0.638626
2843,esp,2008,0.634244
2843,esp,2009,0.600808
2843,esp,2010,0.608119
2843,esp,2011,0.578438
2843,esp,2012,0.582757
2843,esp,2013,0.588157
2843,esp,2014,0.620556
2843,esp,2015,0.640176
2843,esp,2016,0.535463
2843,est,1995,0.836555
2843,est,1996,0.830181
2843,est,1997,0.852235
2843,est,1998,0.828822
2843,est,1999,0.838369
2843,est,2000,0.881722
2843,est,2001,0.842025
2843,est,2002,0.852786
2843,est,2003,0.862435
2843,est,2004,0.837285
2843,est,2005,0.83654
2843,est,2006,0.833382
2843,est,2007,0.793641
2843,est,2008,0.790938
2843,est,2009,0.787375
2843,est,2010,0.792582
2843,est,2011,0.778126
2843,est,2012,0.770835
2843,est,2013,0.752639
2843,est,2014,0.788187
2843,est,2015,0.794821
2843,est,2016,0.772107
2843,eth,1995,0.982888
2843,eth,1996,0.981814
2843,eth,1997,0.978008
2843,eth,1998,0.97622
2843,eth,1999,0.975975
2843,eth,2000,0.964069
2843,eth,2001,0.956307
2843,eth,2002,0.958829
2843,eth,2003,0.964198
2843,eth,2004,0.952147
2843,eth,2005,0.968867
2843,eth,2006,0.9575
2843,eth,2007,0.945667
2843,eth,2008,0.94882
2843,eth,2009,0.935261
2843,eth,2010,0.954851
2843,eth,2011,0.949959
2843,eth,2012,0.947674
2843,eth,2013,0.962516
2843,eth,2014,0.974118
2843,eth,2015,0.962066
2843,eth,2016,0.930015
2843,fin,1995,0.805742
2843,fin,1996,0.789704
2843,fin,1997,0.78904
2843,fin,1998,0.785898
2843,fin,1999,0.784696
2843,fin,2000,0.802963
2843,fin,2001,0.808284
2843,fin,2002,0.780765
2843,fin,2003,0.779146
2843,fin,2004,0.800168
2843,fin,2005,0.802779
2843,fin,2006,0.80561
2843,fin,2007,0.793611
2843,fin,2008,0.785794
2843,fin,2009,0.790644
2843,fin,2010,0.773694
2843,fin,2011,0.759742
2843,fin,2012,0.761856
2843,fin,2013,0.751015
2843,fin,2014,0.761314
2843,fin,2015,0.777278
2843,fin,2016,0.775838
2843,fji,1995,0.973484
2843,fji,1996,0.969422
2843,fji,1997,0.96455
2843,fji,1998,0.967243
2843,fji,1999,0.972005
2843,fji,2000,0.93734
2843,fji,2001,0.965665
2843,fji,2002,0.931999
2843,fji,2003,0.933977
2843,fji,2004,0.933656
2843,fji,2005,0.944132
2843,fji,2006,0.939628
2843,fji,2007,0.927037
2843,fji,2008,0.9328
2843,fji,2009,0.926218
2843,fji,2010,0.926155
2843,fji,2011,0.898813
2843,fji,2012,0.904517
2843,fji,2013,0.912694
2843,fji,2014,0.927072
2843,fji,2015,0.9279
2843,fji,2016,0.86819
2843,flk,1995,0.975367
2843,flk,1996,0.98627
2843,flk,1997,0.973778
2843,flk,1998,0.978268
2843,flk,1999,0.979096
2843,flk,2000,0.985016
2843,flk,2001,0.990473
2843,flk,2002,0.993471
2843,flk,2003,0.988847
2843,flk,2004,0.992628
2843,flk,2005,0.997734
2843,flk,2006,0.992549
2843,flk,2007,0.994299
2843,flk,2008,0.994943
2843,flk,2009,0.991039
2843,flk,2010,0.996635
2843,flk,2011,0.993013
2843,flk,2012,0.995299
2843,flk,2013,0.995413
2843,flk,2014,0.993354
2843,flk,2015,0.993394
2843,flk,2016,0.993967
2843,fra,1995,0.43866
2843,fra,1996,0.457228
2843,fra,1997,0.461857
2843,fra,1998,0.478279
2843,fra,1999,0.456233
2843,fra,2000,0.472503
2843,fra,2001,0.491775
2843,fra,2002,0.493732
2843,fra,2003,0.493593
2843,fra,2004,0.560238
2843,fra,2005,0.57719
2843,fra,2006,0.541213
2843,fra,2007,0.536517
2843,fra,2008,0.530686
2843,fra,2009,0.568779
2843,fra,2010,0.547069
2843,fra,2011,0.546309
2843,fra,2012,0.547411
2843,fra,2013,0.528437
2843,fra,2014,0.532986
2843,fra,2015,0.564366
2843,fra,2016,0.589313
2843,fro,1995,0.985267
2843,fro,1996,0.987885
2843,fro,1997,0.988979
2843,fro,1998,0.985779
2843,fro,1999,0.989848
2843,fro,2000,0.981953
2843,fro,2001,0.991653
2843,fro,2002,0.97526
2843,fro,2003,0.983025
2843,fro,2004,0.988727
2843,fro,2005,0.989381
2843,fro,2006,0.980799
2843,fro,2007,0.97958
2843,fro,2008,0.983116
2843,fro,2009,0.982817
2843,fro,2010,0.99054
2843,fro,2011,0.987017
2843,fro,2012,0.985917
2843,fro,2013,0.986925
2843,fro,2014,0.990036
2843,fro,2015,0.990919
2843,fro,2016,0.984677
2843,fsm,1995,0.995002
2843,fsm,1996,0.992448
2843,fsm,1997,0.988857
2843,fsm,1998,0.993893
2843,fsm,1999,0.993915
2843,fsm,2000,0.993414
2843,fsm,2001,0.994365
2843,fsm,2002,0.992549
2843,fsm,2003,0.991735
2843,fsm,2004,0.98835
2843,fsm,2005,0.992428
2843,fsm,2006,0.987213
2843,fsm,2007,0.982255
2843,fsm,2008,0.989343
2843,fsm,2009,0.98635
2843,fsm,2010,0.992724
2843,fsm,2011,0.986516
2843,fsm,2012,0.993652
2843,fsm,2013,0.986027
2843,fsm,2014,0.982116
2843,fsm,2015,0.989161
2843,fsm,2016,0.989578
2843,gab,1995,0.994179
2843,gab,1996,0.994166
2843,gab,1997,0.993813
2843,gab,1998,0.990912
2843,gab,1999,0.990015
2843,gab,2000,0.991383
2843,gab,2001,0.990225
2843,gab,2002,0.990379
2843,gab,2003,0.98985
2843,gab,2004,0.986968
2843,gab,2005,0.991704
2843,gab,2006,0.989462
2843,gab,2007,0.989621
2843,gab,2008,0.989484
2843,gab,2009,0.983143
2843,gab,2010,0.990178
2843,gab,2011,0.988992
2843,gab,2012,0.992539
2843,gab,2013,0.993977
2843,gab,2014,0.996316
2843,gab,2015,0.993075
2843,gab,2016,0.992359
2843,gbr,1995,0.459457
2843,gbr,1996,0.490354
2843,gbr,1997,0.444108
2843,gbr,1998,0.454742
2843,gbr,1999,0.512684
2843,gbr,2000,0.554627
2843,gbr,2001,0.549487
2843,gbr,2002,0.557564
2843,gbr,2003,0.545016
2843,gbr,2004,0.529599
2843,gbr,2005,0.523143
2843,gbr,2006,0.543989
2843,gbr,2007,0.539549
2843,gbr,2008,0.53893
2843,gbr,2009,0.593892
2843,gbr,2010,0.577625
2843,gbr,2011,0.620837
2843,gbr,2012,0.613801
2843,gbr,2013,0.621753
2843,gbr,2014,0.567765
2843,gbr,2015,0.595274
2843,gbr,2016,0.620114
2843,geo,1995,0.906964
2843,geo,1996,0.885192
2843,geo,1997,0.910592
2843,geo,1998,0.888621
2843,geo,1999,0.919012
2843,geo,2000,0.896597
2843,geo,2001,0.91615
2843,geo,2002,0.914401
2843,geo,2003,0.93305
2843,geo,2004,0.933756
2843,geo,2005,0.94296
2843,geo,2006,0.931493
2843,geo,2007,0.924383
2843,geo,2008,0.934125
2843,geo,2009,0.915331
2843,geo,2010,0.930287
2843,geo,2011,0.907715
2843,geo,2012,0.920752
2843,geo,2013,0.916345
2843,geo,2014,0.942264
2843,geo,2015,0.927687
2843,geo,2016,0.881307
2843,gha,1995,0.979553
2843,gha,1996,0.969534
2843,gha,1997,0.967138
2843,gha,1998,0.967305
2843,gha,1999,0.960402
2843,gha,2000,0.951931
2843,gha,2001,0.948054
2843,gha,2002,0.966964
2843,gha,2003,0.953314
2843,gha,2004,0.959592
2843,gha,2005,0.948069
2843,gha,2006,0.943408
2843,gha,2007,0.926422
2843,gha,2008,0.933966
2843,gha,2009,0.916496
2843,gha,2010,0.953057
2843,gha,2011,0.932595
2843,gha,2012,0.952606
2843,gha,2013,0.955739
2843,gha,2014,0.976286
2843,gha,2015,0.979696
2843,gha,2016,0.9577
2843,gib,1995,0.954
2843,gib,1996,0.956067
2843,gib,1997,0.949496
2843,gib,1998,0.946524
2843,gib,1999,0.941749
2843,gib,2000,0.944158
2843,gib,2001,0.957638
2843,gib,2002,0.945703
2843,gib,2003,0.951203
2843,gib,2004,0.958226
2843,gib,2005,0.969013
2843,gib,2006,0.954459
2843,gib,2007,0.949679
2843,gib,2008,0.954263
2843,gib,2009,0.963906
2843,gib,2010,0.97333
2843,gib,2011,0.973842
2843,gib,2012,0.983126
2843,gib,2013,0.983904
2843,gib,2014,0.989907
2843,gib,2015,0.988449
2843,gib,2016,0.977
2843,gin,1995,0.984927
2843,gin,1996,0.986916
2843,gin,1997,0.984202
2843,gin,1998,0.991796
2843,gin,1999,0.991555
2843,gin,2000,0.984651
2843,gin,2001,0.982393
2843,gin,2002,0.984171
2843,gin,2003,0.988714
2843,gin,2004,0.975204
2843,gin,2005,0.985637
2843,gin,2006,0.980792
2843,gin,2007,0.980668
2843,gin,2008,0.978081
2843,gin,2009,0.979342
2843,gin,2010,0.98475
2843,gin,2011,0.982998
2843,gin,2012,0.985229
2843,gin,2013,0.988583
2843,gin,2014,0.985233
2843,gin,2015,0.985822
2843,gin,2016,0.981542
2843,glp,1995,0.946788
2843,gmb,1995,0.976165
2843,gmb,1996,0.988579
2843,gmb,1997,0.98165
2843,gmb,1998,0.977585
2843,gmb,1999,0.974215
2843,gmb,2000,0.950802
2843,gmb,2001,0.938567
2843,gmb,2002,0.924061
2843,gmb,2003,0.933515
2843,gmb,2004,0.933723
2843,gmb,2005,0.932246
2843,gmb,2006,0.948768
2843,gmb,2007,0.958205
2843,gmb,2008,0.950771
2843,gmb,2009,0.939696
2843,gmb,2010,0.973253
2843,gmb,2011,0.975159
2843,gmb,2012,0.978191
2843,gmb,2013,0.979115
2843,gmb,2014,0.978968
2843,gmb,2015,0.983159
2843,gmb,2016,0.97543
2843,gnb,1995,0.990977
2843,gnb,1996,0.99506
2843,gnb,1997,0.989696
2843,gnb,1998,0.993576
2843,gnb,1999,0.994265
2843,gnb,2000,0.993325
2843,gnb,2001,0.993888
2843,gnb,2002,0.978938
2843,gnb,2003,0.969618
2843,gnb,2004,0.9782
2843,gnb,2005,0.974158
2843,gnb,2006,0.989855
2843,gnb,2007,0.988868
2843,gnb,2008,0.989405
2843,gnb,2009,0.983792
2843,gnb,2010,0.992934
2843,gnb,2011,0.984956
2843,gnb,2012,0.989388
2843,gnb,2013,0.995
2843,gnb,2014,0.994297
2843,gnb,2015,0.997055
2843,gnb,2016,0.989391
2843,gnq,1995,0.995263
2843,gnq,1996,0.996132
2843,gnq,1997,0.994928
2843,gnq,1998,0.998074
2843,gnq,1999,0.996231
2843,gnq,2000,0.997806
2843,gnq,2001,0.998661
2843,gnq,2002,0.997446
2843,gnq,2003,0.998522
2843,gnq,2004,0.996982
2843,gnq,2005,0.998076
2843,gnq,2006,0.997996
2843,gnq,2007,0.994958
2843,gnq,2008,0.994462
2843,gnq,2009,0.997021
2843,gnq,2010,0.996373
2843,gnq,2011,0.996314
2843,gnq,2012,0.996851
2843,gnq,2013,0.995639
2843,gnq,2014,0.998315
2843,gnq,2015,0.998563
2843,gnq,2016,0.99819
2843,grc,1995,0.849512
2843,grc,1996,0.828066
2843,grc,1997,0.821741
2843,grc,1998,0.824241
2843,grc,1999,0.820137
2843,grc,2000,0.79281
2843,grc,2001,0.8076
2843,grc,2002,0.801053
2843,grc,2003,0.798139
2843,grc,2004,0.777786
2843,grc,2005,0.828115
2843,grc,2006,0.814907
2843,grc,2007,0.799665
2843,grc,2008,0.805384
2843,grc,2009,0.780669
2843,grc,2010,0.819304
2843,grc,2011,0.808851
2843,grc,2012,0.824581
2843,grc,2013,0.825905
2843,grc,2014,0.855878
2843,grc,2015,0.844618
2843,grc,2016,0.799136
2843,grd,1995,0.963856
2843,grd,1996,0.959866
2843,grd,1997,0.960832
2843,grd,1998,0.970977
2843,grd,1999,0.968649
2843,grd,2000,0.95393
2843,grd,2001,0.948528
2843,grd,2002,0.963082
2843,grd,2003,0.948752
2843,grd,2004,0.960321
2843,grd,2005,0.967589
2843,grd,2006,0.95313
2843,grd,2007,0.966718
2843,grd,2008,0.939682
2843,grd,2009,0.942938
2843,grd,2010,0.97173
2843,grd,2011,0.952798
2843,grd,2012,0.953517
2843,grd,2013,0.959043
2843,grd,2014,0.966292
2843,grd,2015,0.962663
2843,grd,2016,0.958477
2843,grl,1995,0.989756
2843,grl,1996,0.990548
2843,grl,1997,0.991118
2843,grl,1998,0.990582
2843,grl,1999,0.992087
2843,grl,2000,0.986433
2843,grl,2001,0.98311
2843,grl,2002,0.988423
2843,grl,2003,0.989166
2843,grl,2004,0.987423
2843,grl,2005,0.99145
2843,grl,2006,0.986479
2843,grl,2007,0.986687
2843,grl,2008,0.987778
2843,grl,2009,0.982102
2843,grl,2010,0.984376
2843,grl,2011,0.981232
2843,grl,2012,0.989512
2843,grl,2013,0.98777
2843,grl,2014,0.993174
2843,grl,2015,0.990741
2843,grl,2016,0.987665
2843,gtm,1995,0.906334
2843,gtm,1996,0.902034
2843,gtm,1997,0.902696
2843,gtm,1998,0.901033
2843,gtm,1999,0.90234
2843,gtm,2000,0.886811
2843,gtm,2001,0.902183
2843,gtm,2002,0.918646
2843,gtm,2003,0.908517
2843,gtm,2004,0.899609
2843,gtm,2005,0.914862
2843,gtm,2006,0.894644
2843,gtm,2007,0.882321
2843,gtm,2008,0.880461
2843,gtm,2009,0.870745
2843,gtm,2010,0.886813
2843,gtm,2011,0.863809
2843,gtm,2012,0.874808
2843,gtm,2013,0.868028
2843,gtm,2014,0.896585
2843,gtm,2015,0.885921
2843,gtm,2016,0.85418
2843,guf,1995,0.965067
2843,guy,1995,0.976768
2843,guy,1996,0.976046
2843,guy,1997,0.974339
2843,guy,1998,0.972277
2843,guy,1999,0.974751
2843,guy,2000,0.972104
2843,guy,2001,0.968477
2843,guy,2002,0.966942
2843,guy,2003,0.960876
2843,guy,2004,0.966625
2843,guy,2005,0.970239
2843,guy,2006,0.964109
2843,guy,2007,0.961466
2843,guy,2008,0.966913
2843,guy,2009,0.966099
2843,guy,2010,0.97744
2843,guy,2011,0.967732
2843,guy,2012,0.966157
2843,guy,2013,0.972607
2843,guy,2014,0.981182
2843,guy,2015,0.974973
2843,guy,2016,0.964973
2843,hkg,1995,0.762027
2843,hkg,1996,0.736387
2843,hkg,1997,0.7529
2843,hkg,1998,0.76979
2843,hkg,1999,0.776868
2843,hkg,2000,0.757199
2843,hkg,2001,0.780731
2843,hkg,2002,0.808383
2843,hkg,2003,0.815307
2843,hkg,2004,0.776781
2843,hkg,2005,0.765689
2843,hkg,2006,0.800271
2843,hkg,2007,0.792487
2843,hkg,2008,0.775998
2843,hkg,2009,0.794852
2843,hkg,2010,0.776742
2843,hkg,2011,0.803704
2843,hkg,2012,0.821138
2843,hkg,2013,0.847091
2843,hkg,2014,0.82477
2843,hkg,2015,0.819653
2843,hkg,2016,0.841655
2843,hnd,1995,0.950985
2843,hnd,1996,0.940079
2843,hnd,1997,0.931301
2843,hnd,1998,0.937152
2843,hnd,1999,0.942394
2843,hnd,2000,0.941946
2843,hnd,2001,0.941258
2843,hnd,2002,0.946436
2843,hnd,2003,0.94445
2843,hnd,2004,0.93839
2843,hnd,2005,0.947883
2843,hnd,2006,0.939886
2843,hnd,2007,0.926895
2843,hnd,2008,0.933641
2843,hnd,2009,0.909957
2843,hnd,2010,0.924918
2843,hnd,2011,0.918967
2843,hnd,2012,0.90256
2843,hnd,2013,0.917096
2843,hnd,2014,0.919967
2843,hnd,2015,0.927386
2843,hnd,2016,0.897565
2843,hrv,1995,0.802423
2843,hrv,1996,0.81516
2843,hrv,1997,0.803777
2843,hrv,1998,0.820363
2843,hrv,1999,0.838317
2843,hrv,2000,0.826894
2843,hrv,2001,0.840974
2843,hrv,2002,0.826018
2843,hrv,2003,0.823583
2843,hrv,2004,0.813571
2843,hrv,2005,0.838006
2843,hrv,2006,0.830151
2843,hrv,2007,0.814242
2843,hrv,2008,0.801616
2843,hrv,2009,0.808022
2843,hrv,2010,0.81436
2843,hrv,2011,0.793872
2843,hrv,2012,0.790391
2843,hrv,2013,0.783403
2843,hrv,2014,0.773361
2843,hrv,2015,0.795528
2843,hrv,2016,0.75376
2843,hti,1995,0.962856
2843,hti,1996,0.963688
2843,hti,1997,0.960149
2843,hti,1998,0.967053
2843,hti,1999,0.975262
2843,hti,2000,0.960943
2843,hti,2001,0.962639
2843,hti,2002,0.968898
2843,hti,2003,0.975217
2843,hti,2004,0.969743
2843,hti,2005,0.97538
2843,hti,2006,0.974212
2843,hti,2007,0.973429
2843,hti,2008,0.971633
2843,hti,2009,0.970916
2843,hti,2010,0.974525
2843,hti,2011,0.970827
2843,hti,2012,0.971269
2843,hti,2013,0.969407
2843,hti,2014,0.984898
2843,hti,2015,0.979883
2843,hti,2016,0.969704
2843,hun,1995,0.747821
2843,hun,1996,0.75071
2843,hun,1997,0.787267
2843,hun,1998,0.784689
2843,hun,1999,0.799008
2843,hun,2000,0.78381
2843,hun,2001,0.806081
2843,hun,2002,0.797193
2843,hun,2003,0.786598
2843,hun,2004,0.814969
2843,hun,2005,0.819168
2843,hun,2006,0.808323
2843,hun,2007,0.797915
2843,hun,2008,0.80331
2843,hun,2009,0.799089
2843,hun,2010,0.787153
2843,hun,2011,0.76561
2843,hun,2012,0.76001
2843,hun,2013,0.763535
2843,hun,2014,0.776391
2843,hun,2015,0.808366
2843,hun,2016,0.794259
2843,idn,1995,0.894746
2843,idn,1996,0.880957
2843,idn,1997,0.888299
2843,idn,1998,0.881762
2843,idn,1999,0.861565
2843,idn,2000,0.824633
2843,idn,2001,0.84368
2843,idn,2002,0.854122
2843,idn,2003,0.849112
2843,idn,2004,0.836293
2843,idn,2005,0.84571
2843,idn,2006,0.856219
2843,idn,2007,0.85386
2843,idn,2008,0.849136
2843,idn,2009,0.855404
2843,idn,2010,0.880194
2843,idn,2011,0.867165
2843,idn,2012,0.856732
2843,idn,2013,0.86055
2843,idn,2014,0.871745
2843,idn,2015,0.877703
2843,idn,2016,0.841981
2843,ind,1995,0.801778
2843,ind,1996,0.76365
2843,ind,1997,0.741992
2843,ind,1998,0.74648
2843,ind,1999,0.745564
2843,ind,2000,0.65904
2843,ind,2001,0.64121
2843,ind,2002,0.714238
2843,ind,2003,0.719342
2843,ind,2004,0.722707
2843,ind,2005,0.718259
2843,ind,2006,0.719586
2843,ind,2007,0.721287
2843,ind,2008,0.720688
2843,ind,2009,0.731392
2843,ind,2010,0.748921
2843,ind,2011,0.748941
2843,ind,2012,0.733602
2843,ind,2013,0.732331
2843,ind,2014,0.745162
2843,ind,2015,0.736058
2843,ind,2016,0.698543
2843,iot,1995,0.986157
2843,iot,1996,0.981667
2843,iot,1997,0.984324
2843,iot,1998,0.974551
2843,iot,1999,0.987257
2843,iot,2000,0.986457
2843,iot,2001,0.990627
2843,iot,2002,0.982638
2843,iot,2003,0.949927
2843,iot,2004,0.934168
2843,iot,2005,0.953924
2843,iot,2006,0.946069
2843,iot,2007,0.933957
2843,iot,2008,0.953321
2843,iot,2009,0.949874
2843,iot,2010,0.958211
2843,iot,2011,0.9525
2843,iot,2012,0.973212
2843,iot,2013,0.985588
2843,iot,2014,0.990804
2843,iot,2015,0.989425
2843,iot,2016,0.981883
2843,irl,1995,0.773311
2843,irl,1996,0.789875
2843,irl,1997,0.794568
2843,irl,1998,0.818047
2843,irl,1999,0.852771
2843,irl,2000,0.852935
2843,irl,2001,0.864557
2843,irl,2002,0.890905
2843,irl,2003,0.878663
2843,irl,2004,0.878263
2843,irl,2005,0.873185
2843,irl,2006,0.870305
2843,irl,2007,0.865497
2843,irl,2008,0.861928
2843,irl,2009,0.882937
2843,irl,2010,0.868698
2843,irl,2011,0.868666
2843,irl,2012,0.868954
2843,irl,2013,0.852263
2843,irl,2014,0.858028
2843,irl,2015,0.863274
2843,irl,2016,0.875443
2843,irn,1995,0.980102
2843,irn,1996,0.980519
2843,irn,1997,0.974967
2843,irn,1998,0.973001
2843,irn,1999,0.970102
2843,irn,2000,0.961943
2843,irn,2001,0.965551
2843,irn,2002,0.958788
2843,irn,2003,0.967055
2843,irn,2004,0.964214
2843,irn,2005,0.972921
2843,irn,2006,0.96178
2843,irn,2007,0.971233
2843,irn,2008,0.976819
2843,irn,2009,0.96794
2843,irn,2010,0.974689
2843,irn,2011,0.967663
2843,irn,2012,0.964196
2843,irn,2013,0.958918
2843,irn,2014,0.970096
2843,irn,2015,0.949974
2843,irn,2016,0.938548
2843,irq,1995,0.993787
2843,irq,1996,0.964978
2843,irq,1997,0.999671
2843,irq,1998,0.999442
2843,irq,1999,0.99976
2843,irq,2000,0.999136
2843,irq,2001,0.998144
2843,irq,2002,0.997312
2843,irq,2003,0.991745
2843,irq,2004,0.99177
2843,irq,2005,0.997019
2843,irq,2006,0.998513
2843,irq,2007,0.997886
2843,irq,2008,0.99678
2843,irq,2009,0.997081
2843,irq,2010,0.998168
2843,irq,2011,0.997677
2843,irq,2012,0.998729
2843,irq,2013,0.997454
2843,irq,2014,0.998921
2843,irq,2015,0.998486
2843,irq,2016,0.996926
2843,isl,1995,0.954876
2843,isl,1996,0.966603
2843,isl,1997,0.952442
2843,isl,1998,0.95727
2843,isl,1999,0.951397
2843,isl,2000,0.954224
2843,isl,2001,0.952289
2843,isl,2002,0.946989
2843,isl,2003,0.954391
2843,isl,2004,0.938313
2843,isl,2005,0.953425
2843,isl,2006,0.947751
2843,isl,2007,0.949901
2843,isl,2008,0.946798
2843,isl,2009,0.942469
2843,isl,2010,0.947286
2843,isl,2011,0.93971
2843,isl,2012,0.94756
2843,isl,2013,0.943268
2843,isl,2014,0.948275
2843,isl,2015,0.953183
2843,isl,2016,0.941179
2843,isr,1995,0.80095
2843,isr,1996,0.799329
2843,isr,1997,0.805282
2843,isr,1998,0.791
2843,isr,1999,0.810225
2843,isr,2000,0.837616
2843,isr,2001,0.838023
2843,isr,2002,0.83536
2843,isr,2003,0.837146
2843,isr,2004,0.831404
2843,isr,2005,0.820417
2843,isr,2006,0.802732
2843,isr,2007,0.823289
2843,isr,2008,0.796277
2843,isr,2009,0.821307
2843,isr,2010,0.835999
2843,isr,2011,0.832128
2843,isr,2012,0.823371
2843,isr,2013,0.834227
2843,isr,2014,0.837122
2843,isr,2015,0.845884
2843,isr,2016,0.840229
2843,ita,1995,0.602564
2843,ita,1996,0.515601
2843,ita,1997,0.523803
2843,ita,1998,0.526335
2843,ita,1999,0.529656
2843,ita,2000,0.514856
2843,ita,2001,0.516366
2843,ita,2002,0.530664
2843,ita,2003,0.523558
2843,ita,2004,0.486024
2843,ita,2005,0.598339
2843,ita,2006,0.595973
2843,ita,2007,0.526616
2843,ita,2008,0.517316
2843,ita,2009,0.488935
2843,ita,2010,0.446416
2843,ita,2011,0.465867
2843,ita,2012,0.467069
2843,ita,2013,0.46299
2843,ita,2014,0.467148
2843,ita,2015,0.484463
2843,ita,2016,0.491681
2843,jam,1995,0.96442
2843,jam,1996,0.947762
2843,jam,1997,0.955366
2843,jam,1998,0.959647
2843,jam,1999,0.96277
2843,jam,2000,0.947231
2843,jam,2001,0.955516
2843,jam,2002,0.955388
2843,jam,2003,0.955548
2843,jam,2004,0.952432
2843,jam,2005,0.97699
2843,jam,2006,0.959015
2843,jam,2007,0.96752
2843,jam,2008,0.965427
2843,jam,2009,0.93953
2843,jam,2010,0.938824
2843,jam,2011,0.923855
2843,jam,2012,0.934735
2843,jam,2013,0.945878
2843,jam,2014,0.955916
2843,jam,2015,0.950625
2843,jam,2016,0.916292
2843,jor,1995,0.891335
2843,jor,1996,0.932832
2843,jor,1997,0.909331
2843,jor,1998,0.91882
2843,jor,1999,0.864269
2843,jor,2000,0.840666
2843,jor,2001,0.855996
2843,jor,2002,0.884914
2843,jor,2003,0.891723
2843,jor,2004,0.878229
2843,jor,2005,0.891595
2843,jor,2006,0.883751
2843,jor,2007,0.872093
2843,jor,2008,0.879548
2843,jor,2009,0.870834
2843,jor,2010,0.879634
2843,jor,2011,0.86
2843,jor,2012,0.872395
2843,jor,2013,0.86031
2843,jor,2014,0.8819
2843,jor,2015,0.890915
2843,jor,2016,0.883564
2843,jpn,1995,0.698621
2843,jpn,1996,0.690825
2843,jpn,1997,0.68321
2843,jpn,1998,0.696241
2843,jpn,1999,0.686149
2843,jpn,2000,0.703321
2843,jpn,2001,0.699188
2843,jpn,2002,0.682276
2843,jpn,2003,0.621961
2843,jpn,2004,0.592347
2843,jpn,2005,0.567777
2843,jpn,2006,0.565983
2843,jpn,2007,0.602184
2843,jpn,2008,0.59238
2843,jpn,2009,0.592776
2843,jpn,2010,0.556097
2843,jpn,2011,0.596589
2843,jpn,2012,0.58623
2843,jpn,2013,0.575161
2843,jpn,2014,0.538275
2843,jpn,2015,0.547403
2843,jpn,2016,0.621191
2843,kaz,1995,0.909952
2843,kaz,1996,0.869298
2843,kaz,1997,0.913424
2843,kaz,1998,0.93004
2843,kaz,1999,0.938099
2843,kaz,2000,0.945144
2843,kaz,2001,0.942639
2843,kaz,2002,0.94756
2843,kaz,2003,0.946325
2843,kaz,2004,0.93947
2843,kaz,2005,0.950601
2843,kaz,2006,0.93961
2843,kaz,2007,0.94173
2843,kaz,2008,0.951995
2843,kaz,2009,0.93824
2843,kaz,2010,0.956148
2843,kaz,2011,0.946202
2843,kaz,2012,0.927774
2843,kaz,2013,0.946137
2843,kaz,2014,0.950829
2843,kaz,2015,0.944862
2843,kaz,2016,0.934365
2843,ken,1995,0.914826
2843,ken,1996,0.919499
2843,ken,1997,0.889341
2843,ken,1998,0.902084
2843,ken,1999,0.890238
2843,ken,2000,0.90323
2843,ken,2001,0.894325
2843,ken,2002,0.901026
2843,ken,2003,0.883216
2843,ken,2004,0.886877
2843,ken,2005,0.891382
2843,ken,2006,0.878348
2843,ken,2007,0.863061
2843,ken,2008,0.868263
2843,ken,2009,0.846874
2843,ken,2010,0.878221
2843,ken,2011,0.884893
2843,ken,2012,0.878247
2843,ken,2013,0.870997
2843,ken,2014,0.913555
2843,ken,2015,0.913296
2843,ken,2016,0.884926
2843,kgz,1995,0.894837
2843,kgz,1996,0.865345
2843,kgz,1997,0.912476
2843,kgz,1998,0.933102
2843,kgz,1999,0.938704
2843,kgz,2000,0.901697
2843,kgz,2001,0.918075
2843,kgz,2002,0.90578
2843,kgz,2003,0.915715
2843,kgz,2004,0.913011
2843,kgz,2005,0.922565
2843,kgz,2006,0.90164
2843,kgz,2007,0.919265
2843,kgz,2008,0.925078
2843,kgz,2009,0.897786
2843,kgz,2010,0.926514
2843,kgz,2011,0.908229
2843,kgz,2012,0.893888
2843,kgz,2013,0.899099
2843,kgz,2014,0.944893
2843,kgz,2015,0.904942
2843,kgz,2016,0.889132
2843,khm,1995,0.98376
2843,khm,1996,0.979674
2843,khm,1997,0.979806
2843,khm,1998,0.983711
2843,khm,1999,0.988047
2843,khm,2000,0.974054
2843,khm,2001,0.975607
2843,khm,2002,0.980057
2843,khm,2003,0.97602
2843,khm,2004,0.975398
2843,khm,2005,0.977308
2843,khm,2006,0.983708
2843,khm,2007,0.974988
2843,khm,2008,0.979358
2843,khm,2009,0.976395
2843,khm,2010,0.973232
2843,khm,2011,0.967826
2843,khm,2012,0.963637
2843,khm,2013,0.954868
2843,khm,2014,0.968542
2843,khm,2015,0.962765
2843,khm,2016,0.946997
2843,kir,1995,0.980322
2843,kir,1996,0.983013
2843,kir,1997,0.990517
2843,kir,1998,0.990325
2843,kir,1999,0.982319
2843,kir,2000,0.991532
2843,kir,2001,0.98676
2843,kir,2002,0.986202
2843,kir,2003,0.989874
2843,kir,2004,0.976275
2843,kir,2005,0.974149
2843,kir,2006,0.971953
2843,kir,2007,0.975436
2843,kir,2008,0.980305
2843,kir,2009,0.983692
2843,kir,2010,0.983936
2843,kir,2011,0.985219
2843,kir,2012,0.993247
2843,kir,2013,0.990526
2843,kir,2014,0.987029
2843,kir,2015,0.992164
2843,kir,2016,0.992476
2843,kna,1995,0.97536
2843,kna,1996,0.975564
2843,kna,1997,0.960527
2843,kna,1998,0.967231
2843,kna,1999,0.973754
2843,kna,2000,0.975902
2843,kna,2001,0.970157
2843,kna,2002,0.96798
2843,kna,2003,0.967633
2843,kna,2004,0.964914
2843,kna,2005,0.971356
2843,kna,2006,0.971407
2843,kna,2007,0.96192
2843,kna,2008,0.953625
2843,kna,2009,0.960423
2843,kna,2010,0.974475
2843,kna,2011,0.9686
2843,kna,2012,0.967154
2843,kna,2013,0.971205
2843,kna,2014,0.963657
2843,kna,2015,0.97792
2843,kna,2016,0.972746
2843,kor,1995,0.832996
2843,kor,1996,0.811507
2843,kor,1997,0.801641
2843,kor,1998,0.815698
2843,kor,1999,0.827762
2843,kor,2000,0.802357
2843,kor,2001,0.805499
2843,kor,2002,0.81179
2843,kor,2003,0.803671
2843,kor,2004,0.78979
2843,kor,2005,0.803415
2843,kor,2006,0.803346
2843,kor,2007,0.793961
2843,kor,2008,0.788984
2843,kor,2009,0.793328
2843,kor,2010,0.791427
2843,kor,2011,0.78367
2843,kor,2012,0.769499
2843,kor,2013,0.755925
2843,kor,2014,0.758348
2843,kor,2015,0.758979
2843,kor,2016,0.763684
2843,kwt,1995,0.990487
2843,kwt,1996,0.993522
2843,kwt,1997,0.995086
2843,kwt,1998,0.987975
2843,kwt,1999,0.987702
2843,kwt,2000,0.992098
2843,kwt,2001,0.993752
2843,kwt,2002,0.991656
2843,kwt,2003,0.991872
2843,kwt,2004,0.992982
2843,kwt,2005,0.991517
2843,kwt,2006,0.992956
2843,kwt,2007,0.993418
2843,kwt,2008,0.993576
2843,kwt,2009,0.993435
2843,kwt,2010,0.991321
2843,kwt,2011,0.993265
2843,kwt,2012,0.993275
2843,kwt,2013,0.988719
2843,kwt,2014,0.987007
2843,kwt,2015,0.991078
2843,kwt,2016,0.987532
2843,lao,1995,0.981159
2843,lao,1996,0.979226
2843,lao,1997,0.957811
2843,lao,1998,0.975835
2843,lao,1999,0.976307
2843,lao,2000,0.975706
2843,lao,2001,0.973093
2843,lao,2002,0.976295
2843,lao,2003,0.973053
2843,lao,2004,0.964797
2843,lao,2005,0.970645
2843,lao,2006,0.972214
2843,lao,2007,0.963452
2843,lao,2008,0.960861
2843,lao,2009,0.951953
2843,lao,2010,0.951168
2843,lao,2011,0.943726
2843,lao,2012,0.955965
2843,lao,2013,0.947149
2843,lao,2014,0.962517
2843,lao,2015,0.947176
2843,lao,2016,0.945282
2843,lbn,1995,0.878271
2843,lbn,1996,0.898026
2843,lbn,1997,0.846832
2843,lbn,1998,0.83007
2843,lbn,1999,0.856011
2843,lbn,2000,0.825848
2843,lbn,2001,0.837709
2843,lbn,2002,0.818647
2843,lbn,2003,0.844614
2843,lbn,2004,0.820844
2843,lbn,2005,0.82202
2843,lbn,2006,0.803234
2843,lbn,2007,0.776939
2843,lbn,2008,0.802642
2843,lbn,2009,0.80321
2843,lbn,2010,0.837566
2843,lbn,2011,0.831254
2843,lbn,2012,0.829026
2843,lbn,2013,0.812124
2843,lbn,2014,0.813807
2843,lbn,2015,0.846386
2843,lbn,2016,0.817803
2843,lbr,1995,0.994782
2843,lbr,1996,0.995489
2843,lbr,1997,0.994642
2843,lbr,1998,0.994341
2843,lbr,1999,0.982906
2843,lbr,2000,0.991006
2843,lbr,2001,0.993608
2843,lbr,2002,0.986842
2843,lbr,2003,0.988999
2843,lbr,2004,0.989625
2843,lbr,2005,0.989687
2843,lbr,2006,0.9903
2843,lbr,2007,0.988535
2843,lbr,2008,0.982244
2843,lbr,2009,0.985642
2843,lbr,2010,0.983758
2843,lbr,2011,0.976243
2843,lbr,2012,0.980933
2843,lbr,2013,0.982085
2843,lbr,2014,0.988789
2843,lbr,2015,0.990766
2843,lbr,2016,0.980076
2843,lby,1995,0.988695
2843,lby,1996,0.993284
2843,lby,1997,0.992134
2843,lby,1998,0.993562
2843,lby,1999,0.989779
2843,lby,2000,0.98809
2843,lby,2001,0.993948
2843,lby,2002,0.992655
2843,lby,2003,0.991645
2843,lby,2004,0.992469
2843,lby,2005,0.99341
2843,lby,2006,0.991513
2843,lby,2007,0.991536
2843,lby,2008,0.992996
2843,lby,2009,0.990608
2843,lby,2010,0.992622
2843,lby,2011,0.992255
2843,lby,2012,0.99817
2843,lby,2013,0.994794
2843,lby,2014,0.993667
2843,lby,2015,0.989751
2843,lby,2016,0.985721
2843,lca,1995,0.966812
2843,lca,1996,0.974683
2843,lca,1997,0.965229
2843,lca,1998,0.976265
2843,lca,1999,0.970645
2843,lca,2000,0.966422
2843,lca,2001,0.969912
2843,lca,2002,0.963236
2843,lca,2003,0.951571
2843,lca,2004,0.961272
2843,lca,2005,0.973713
2843,lca,2006,0.958924
2843,lca,2007,0.953926
2843,lca,2008,0.965865
2843,lca,2009,0.969402
2843,lca,2010,0.964639
2843,lca,2011,0.967794
2843,lca,2012,0.964554
2843,lca,2013,0.975949
2843,lca,2014,0.984555
2843,lca,2015,0.973275
2843,lca,2016,0.976799
2843,lka,1995,0.945874
2843,lka,1996,0.92827
2843,lka,1997,0.935222
2843,lka,1998,0.938554
2843,lka,1999,0.938612
2843,lka,2000,0.917546
2843,lka,2001,0.911758
2843,lka,2002,0.920736
2843,lka,2003,0.920216
2843,lka,2004,0.912941
2843,lka,2005,0.916388
2843,lka,2006,0.920704
2843,lka,2007,0.908232
2843,lka,2008,0.907605
2843,lka,2009,0.904437
2843,lka,2010,0.916855
2843,lka,2011,0.891427
2843,lka,2012,0.896041
2843,lka,2013,0.90679
2843,lka,2014,0.923928
2843,lka,2015,0.916341
2843,lka,2016,0.875316
2843,ltu,1995,0.839606
2843,ltu,1996,0.834062
2843,ltu,1997,0.848116
2843,ltu,1998,0.858682
2843,ltu,1999,0.870643
2843,ltu,2000,0.867796
2843,ltu,2001,0.884826
2843,ltu,2002,0.8812
2843,ltu,2003,0.883443
2843,ltu,2004,0.862602
2843,ltu,2005,0.87126
2843,ltu,2006,0.84684
2843,ltu,2007,0.810089
2843,ltu,2008,0.838605
2843,ltu,2009,0.798048
2843,ltu,2010,0.791787
2843,ltu,2011,0.785726
2843,ltu,2012,0.778894
2843,ltu,2013,0.751754
2843,ltu,2014,0.740365
2843,ltu,2015,0.764267
2843,ltu,2016,0.744785
2843,lva,1995,0.884521
2843,lva,1996,0.879901
2843,lva,1997,0.881465
2843,lva,1998,0.870884
2843,lva,1999,0.881392
2843,lva,2000,0.887328
2843,lva,2001,0.884653
2843,lva,2002,0.872168
2843,lva,2003,0.866657
2843,lva,2004,0.866026
2843,lva,2005,0.876752
2843,lva,2006,0.847853
2843,lva,2007,0.828461
2843,lva,2008,0.819684
2843,lva,2009,0.82105
2843,lva,2010,0.809541
2843,lva,2011,0.795729
2843,lva,2012,0.814708
2843,lva,2013,0.801562
2843,lva,2014,0.825043
2843,lva,2015,0.816102
2843,lva,2016,0.802836
2843,mac,1995,0.939291
2843,mac,1996,0.936656
2843,mac,1997,0.933007
2843,mac,1998,0.942743
2843,mac,1999,0.965398
2843,mac,2000,0.959038
2843,mac,2001,0.954115
2843,mac,2002,0.962197
2843,mac,2003,0.963601
2843,mac,2004,0.966415
2843,mac,2005,0.949947
2843,mac,2006,0.949416
2843,mac,2007,0.941139
2843,mac,2008,0.917342
2843,mac,2009,0.901687
2843,mac,2010,0.881344
2843,mac,2011,0.887463
2843,mac,2012,0.890288
2843,mac,2013,0.911091
2843,mac,2014,0.892391
2843,mac,2015,0.90318
2843,mac,2016,0.904142
2843,mar,1995,0.920809
2843,mar,1996,0.921333
2843,mar,1997,0.919218
2843,mar,1998,0.923336
2843,mar,1999,0.928272
2843,mar,2000,0.91265
2843,mar,2001,0.923715
2843,mar,2002,0.923607
2843,mar,2003,0.919707
2843,mar,2004,0.921521
2843,mar,2005,0.923377
2843,mar,2006,0.916605
2843,mar,2007,0.909552
2843,mar,2008,0.910192
2843,mar,2009,0.884419
2843,mar,2010,0.912019
2843,mar,2011,0.887717
2843,mar,2012,0.900388
2843,mar,2013,0.903822
2843,mar,2014,0.92054
2843,mar,2015,0.91987
2843,mar,2016,0.884752
2843,mda,1995,0.887026
2843,mda,1996,0.906165
2843,mda,1997,0.918226
2843,mda,1998,0.921418
2843,mda,1999,0.918253
2843,mda,2000,0.894157
2843,mda,2001,0.913373
2843,mda,2002,0.906852
2843,mda,2003,0.911612
2843,mda,2004,0.924024
2843,mda,2005,0.929705
2843,mda,2006,0.90569
2843,mda,2007,0.8937
2843,mda,2008,0.905851
2843,mda,2009,0.886581
2843,mda,2010,0.890769
2843,mda,2011,0.867305
2843,mda,2012,0.864771
2843,mda,2013,0.880633
2843,mda,2014,0.921878
2843,mda,2015,0.910753
2843,mda,2016,0.891019
2843,mdg,1995,0.951937
2843,mdg,1996,0.944665
2843,mdg,1997,0.940741
2843,mdg,1998,0.954968
2843,mdg,1999,0.94526
2843,mdg,2000,0.925515
2843,mdg,2001,0.938196
2843,mdg,2002,0.939447
2843,mdg,2003,0.950389
2843,mdg,2004,0.946139
2843,mdg,2005,0.939318
2843,mdg,2006,0.949824
2843,mdg,2007,0.936069
2843,mdg,2008,0.937278
2843,mdg,2009,0.921285
2843,mdg,2010,0.924165
2843,mdg,2011,0.924348
2843,mdg,2012,0.923563
2843,mdg,2013,0.936029
2843,mdg,2014,0.948755
2843,mdg,2015,0.94493
2843,mdg,2016,0.92805
2843,mdv,1995,0.984761
2843,mdv,1996,0.982137
2843,mdv,1997,0.983551
2843,mdv,1998,0.986487
2843,mdv,1999,0.980815
2843,mdv,2000,0.987751
2843,mdv,2001,0.986607
2843,mdv,2002,0.987316
2843,mdv,2003,0.98928
2843,mdv,2004,0.983401
2843,mdv,2005,0.976185
2843,mdv,2006,0.981681
2843,mdv,2007,0.984513
2843,mdv,2008,0.977819
2843,mdv,2009,0.982604
2843,mdv,2010,0.98794
2843,mdv,2011,0.98288
2843,mdv,2012,0.987812
2843,mdv,2013,0.986799
2843,mdv,2014,0.98964
2843,mdv,2015,0.986173
2843,mdv,2016,0.986599
2843,mex,1995,0.849567
2843,mex,1996,0.83909
2843,mex,1997,0.831057
2843,mex,1998,0.835493
2843,mex,1999,0.84728
2843,mex,2000,0.854392
2843,mex,2001,0.854545
2843,mex,2002,0.847107
2843,mex,2003,0.84258
2843,mex,2004,0.838487
2843,mex,2005,0.826063
2843,mex,2006,0.840163
2843,mex,2007,0.847208
2843,mex,2008,0.828265
2843,mex,2009,0.832018
2843,mex,2010,0.832556
2843,mex,2011,0.824469
2843,mex,2012,0.829538
2843,mex,2013,0.824621
2843,mex,2014,0.831667
2843,mex,2015,0.84942
2843,mex,2016,0.83227
2843,mhl,1995,0.994584
2843,mhl,1996,0.982485
2843,mhl,1997,0.988478
2843,mhl,1998,0.992995
2843,mhl,1999,0.989294
2843,mhl,2000,0.982011
2843,mhl,2001,0.992117
2843,mhl,2002,0.993581
2843,mhl,2003,0.994194
2843,mhl,2004,0.992296
2843,mhl,2005,0.995091
2843,mhl,2006,0.992862
2843,mhl,2007,0.991902
2843,mhl,2008,0.996241
2843,mhl,2009,0.993757
2843,mhl,2010,0.986326
2843,mhl,2011,0.988446
2843,mhl,2012,0.992745
2843,mhl,2013,0.992756
2843,mhl,2014,0.990837
2843,mhl,2015,0.98674
2843,mhl,2016,0.985329
2843,mkd,1995,0.831019
2843,mkd,1996,0.819329
2843,mkd,1997,0.83157
2843,mkd,1998,0.843863
2843,mkd,1999,0.887538
2843,mkd,2000,0.871446
2843,mkd,2001,0.893622
2843,mkd,2002,0.860553
2843,mkd,2003,0.867091
2843,mkd,2004,0.861023
2843,mkd,2005,0.916914
2843,mkd,2006,0.883876
2843,mkd,2007,0.908914
2843,mkd,2008,0.918188
2843,mkd,2009,0.85145
2843,mkd,2010,0.858022
2843,mkd,2011,0.853272
2843,mkd,2012,0.858104
2843,mkd,2013,0.858386
2843,mkd,2014,0.909968
2843,mkd,2015,0.884188
2843,mkd,2016,0.860073
2843,mli,1995,0.976716
2843,mli,1996,0.97437
2843,mli,1997,0.975043
2843,mli,1998,0.973754
2843,mli,1999,0.97764
2843,mli,2000,0.939137
2843,mli,2001,0.965056
2843,mli,2002,0.972778
2843,mli,2003,0.97581
2843,mli,2004,0.968497
2843,mli,2005,0.969196
2843,mli,2006,0.953241
2843,mli,2007,0.944641
2843,mli,2008,0.938303
2843,mli,2009,0.935358
2843,mli,2010,0.957837
2843,mli,2011,0.946025
2843,mli,2012,0.955945
2843,mli,2013,0.973192
2843,mli,2014,0.974467
2843,mli,2015,0.972069
2843,mli,2016,0.952368
2843,mlt,1995,0.938292
2843,mlt,1996,0.918788
2843,mlt,1997,0.924783
2843,mlt,1998,0.939615
2843,mlt,1999,0.938499
2843,mlt,2000,0.946782
2843,mlt,2001,0.9439
2843,mlt,2002,0.949437
2843,mlt,2003,0.948437
2843,mlt,2004,0.943471
2843,mlt,2005,0.93353
2843,mlt,2006,0.938982
2843,mlt,2007,0.942671
2843,mlt,2008,0.950061
2843,mlt,2009,0.946415
2843,mlt,2010,0.934522
2843,mlt,2011,0.938683
2843,mlt,2012,0.935131
2843,mlt,2013,0.94188
2843,mlt,2014,0.934999
2843,mlt,2015,0.944402
2843,mlt,2016,0.939051
2843,mmr,1995,0.970906
2843,mmr,1996,0.970925
2843,mmr,1997,0.967206
2843,mmr,1998,0.967267
2843,mmr,1999,0.970128
2843,mmr,2000,0.964365
2843,mmr,2001,0.968298
2843,mmr,2002,0.974937
2843,mmr,2003,0.973439
2843,mmr,2004,0.957814
2843,mmr,2005,0.971072
2843,mmr,2006,0.972774
2843,mmr,2007,0.9659
2843,mmr,2008,0.959717
2843,mmr,2009,0.956397
2843,mmr,2010,0.9579
2843,mmr,2011,0.944013
2843,mmr,2012,0.937104
2843,mmr,2013,0.957932
2843,mmr,2014,0.973853
2843,mmr,2015,0.956089
2843,mmr,2016,0.923305
2843,mng,1995,0.971784
2843,mng,1996,0.972799
2843,mng,1997,0.959188
2843,mng,1998,0.960159
2843,mng,1999,0.957436
2843,mng,2000,0.953643
2843,mng,2001,0.961012
2843,mng,2002,0.95929
2843,mng,2003,0.964786
2843,mng,2004,0.963395
2843,mng,2005,0.96805
2843,mng,2006,0.96841
2843,mng,2007,0.969191
2843,mng,2008,0.972317
2843,mng,2009,0.960492
2843,mng,2010,0.971555
2843,mng,2011,0.969885
2843,mng,2012,0.975371
2843,mng,2013,0.972172
2843,mng,2014,0.983335
2843,mng,2015,0.972716
2843,mng,2016,0.953809
2843,mnp,1995,0.979079
2843,mnp,1996,0.978272
2843,mnp,1997,0.989523
2843,mnp,1998,0.981489
2843,mnp,1999,0.984897
2843,mnp,2000,0.972731
2843,mnp,2001,0.977576
2843,mnp,2002,0.972558
2843,mnp,2003,0.956375
2843,mnp,2004,0.956614
2843,mnp,2005,0.959352
2843,mnp,2006,0.949635
2843,mnp,2007,0.957241
2843,mnp,2008,0.940177
2843,mnp,2009,0.885516
2843,mnp,2010,0.91111
2843,mnp,2011,0.906718
2843,mnp,2012,0.912474
2843,mnp,2013,0.9107
2843,mnp,2014,0.944596
2843,mnp,2015,0.961678
2843,mnp,2016,0.974484
2843,moz,1995,0.972827
2843,moz,1996,0.971492
2843,moz,1997,0.962447
2843,moz,1998,0.965729
2843,moz,1999,0.953147
2843,moz,2000,0.9437
2843,moz,2001,0.973362
2843,moz,2002,0.972783
2843,moz,2003,0.977524
2843,moz,2004,0.977782
2843,moz,2005,0.983828
2843,moz,2006,0.971962
2843,moz,2007,0.964467
2843,moz,2008,0.950577
2843,moz,2009,0.931212
2843,moz,2010,0.966383
2843,moz,2011,0.950271
2843,moz,2012,0.956685
2843,moz,2013,0.963496
2843,moz,2014,0.96772
2843,moz,2015,0.960607
2843,moz,2016,0.955415
2843,mrt,1995,0.99432
2843,mrt,1996,0.989552
2843,mrt,1997,0.992348
2843,mrt,1998,0.991595
2843,mrt,1999,0.994038
2843,mrt,2000,0.992264
2843,mrt,2001,0.98987
2843,mrt,2002,0.988881
2843,mrt,2003,0.989395
2843,mrt,2004,0.989556
2843,mrt,2005,0.994294
2843,mrt,2006,0.991502
2843,mrt,2007,0.991092
2843,mrt,2008,0.991673
2843,mrt,2009,0.990612
2843,mrt,2010,0.991209
2843,mrt,2011,0.984875
2843,mrt,2012,0.986751
2843,mrt,2013,0.992268
2843,mrt,2014,0.988616
2843,mrt,2015,0.991373
2843,mrt,2016,0.981085
2843,msr,1995,0.977472
2843,msr,1996,0.984749
2843,msr,1997,0.969165
2843,msr,1998,0.947761
2843,msr,1999,0.94203
2843,msr,2000,0.950125
2843,msr,2001,0.96946
2843,msr,2002,0.95395
2843,msr,2003,0.957861
2843,msr,2004,0.937701
2843,msr,2005,0.951654
2843,msr,2006,0.941712
2843,msr,2007,0.947499
2843,msr,2008,0.960922
2843,msr,2009,0.960247
2843,msr,2010,0.96399
2843,msr,2011,0.953066
2843,msr,2012,0.950803
2843,msr,2013,0.956721
2843,msr,2014,0.95408
2843,msr,2015,0.961651
2843,msr,2016,0.963066
2843,mtq,1995,0.958812
2843,mus,1995,0.935724
2843,mus,1996,0.941434
2843,mus,1997,0.936364
2843,mus,1998,0.934577
2843,mus,1999,0.9436
2843,mus,2000,0.933978
2843,mus,2001,0.92749
2843,mus,2002,0.922862
2843,mus,2003,0.915511
2843,mus,2004,0.914215
2843,mus,2005,0.919656
2843,mus,2006,0.92195
2843,mus,2007,0.915168
2843,mus,2008,0.896875
2843,mus,2009,0.894267
2843,mus,2010,0.896382
2843,mus,2011,0.895578
2843,mus,2012,0.877539
2843,mus,2013,0.895917
2843,mus,2014,0.903598
2843,mus,2015,0.916222
2843,mus,2016,0.896334
2843,mwi,1995,0.968342
2843,mwi,1996,0.975721
2843,mwi,1997,0.977466
2843,mwi,1998,0.983826
2843,mwi,1999,0.979146
2843,mwi,2000,0.962371
2843,mwi,2001,0.970354
2843,mwi,2002,0.979623
2843,mwi,2003,0.983332
2843,mwi,2004,0.981249
2843,mwi,2005,0.981973
2843,mwi,2006,0.977578
2843,mwi,2007,0.967511
2843,mwi,2008,0.967981
2843,mwi,2009,0.963779
2843,mwi,2010,0.962905
2843,mwi,2011,0.959152
2843,mwi,2012,0.963799
2843,mwi,2013,0.958622
2843,mwi,2014,0.951258
2843,mwi,2015,0.96225
2843,mwi,2016,0.972317
2843,mys,1995,0.910899
2843,mys,1996,0.898646
2843,mys,1997,0.890199
2843,mys,1998,0.899988
2843,mys,1999,0.906113
2843,mys,2000,0.898167
2843,mys,2001,0.890378
2843,mys,2002,0.900061
2843,mys,2003,0.895234
2843,mys,2004,0.895898
2843,mys,2005,0.882128
2843,mys,2006,0.873084
2843,mys,2007,0.882816
2843,mys,2008,0.87036
2843,mys,2009,0.858758
2843,mys,2010,0.877307
2843,mys,2011,0.864441
2843,mys,2012,0.858372
2843,mys,2013,0.843944
2843,mys,2014,0.853442
2843,mys,2015,0.850477
2843,mys,2016,0.849958
2843,ncl,1995,0.993206
2843,ncl,1996,0.994296
2843,ncl,1997,0.991592
2843,ncl,1998,0.992073
2843,ncl,1999,0.984598
2843,ncl,2000,0.986205
2843,ncl,2001,0.989306
2843,ncl,2002,0.987076
2843,ncl,2003,0.984705
2843,ncl,2004,0.982252
2843,ncl,2005,0.984433
2843,ncl,2006,0.982674
2843,ncl,2007,0.987622
2843,ncl,2008,0.987428
2843,ncl,2009,0.970806
2843,ncl,2010,0.979971
2843,ncl,2011,0.984466
2843,ncl,2012,0.98172
2843,ncl,2013,0.981799
2843,ncl,2014,0.980758
2843,ncl,2015,0.98476
2843,ncl,2016,0.987513
2843,ner,1995,0.967576
2843,ner,1996,0.964364
2843,ner,1997,0.974095
2843,ner,1998,0.981304
2843,ner,1999,0.980859
2843,ner,2000,0.958191
2843,ner,2001,0.949178
2843,ner,2002,0.92149
2843,ner,2003,0.937634
2843,ner,2004,0.972637
2843,ner,2005,0.970878
2843,ner,2006,0.964334
2843,ner,2007,0.951162
2843,ner,2008,0.927508
2843,ner,2009,0.972197
2843,ner,2010,0.976479
2843,ner,2011,0.978802
2843,ner,2012,0.980326
2843,ner,2013,0.994565
2843,ner,2014,0.973464
2843,ner,2015,0.98865
2843,ner,2016,0.980168
2843,nfk,1995,0.996932
2843,nfk,1996,0.984529
2843,nfk,1997,0.972439
2843,nfk,1998,0.97613
2843,nfk,1999,0.978914
2843,nfk,2000,0.982463
2843,nfk,2001,0.978144
2843,nfk,2002,0.976434
2843,nfk,2003,0.966976
2843,nfk,2004,0.987694
2843,nfk,2005,0.973509
2843,nfk,2006,0.968623
2843,nfk,2007,0.964856
2843,nfk,2008,0.952315
2843,nfk,2009,0.957232
2843,nfk,2010,0.973167
2843,nfk,2011,0.968718
2843,nfk,2012,0.962957
2843,nfk,2013,0.959767
2843,nfk,2014,0.97088
2843,nfk,2015,0.967635
2843,nfk,2016,0.963234
2843,nga,1995,0.989318
2843,nga,1996,0.986476
2843,nga,1997,0.985353
2843,nga,1998,0.981075
2843,nga,1999,0.989519
2843,nga,2000,0.988651
2843,nga,2001,0.989341
2843,nga,2002,0.989859
2843,nga,2003,0.992777
2843,nga,2004,0.990586
2843,nga,2005,0.995254
2843,nga,2006,0.992167
2843,nga,2007,0.97853
2843,nga,2008,0.977608
2843,nga,2009,0.969389
2843,nga,2010,0.982394
2843,nga,2011,0.978666
2843,nga,2012,0.974344
2843,nga,2013,0.972203
2843,nga,2014,0.979255
2843,nga,2015,0.989696
2843,nga,2016,0.967479
2843,nic,1995,0.941153
2843,nic,1996,0.946583
2843,nic,1997,0.947567
2843,nic,1998,0.952517
2843,nic,1999,0.950677
2843,nic,2000,0.934068
2843,nic,2001,0.947831
2843,nic,2002,0.934941
2843,nic,2003,0.956081
2843,nic,2004,0.952083
2843,nic,2005,0.967225
2843,nic,2006,0.95848
2843,nic,2007,0.948729
2843,nic,2008,0.943548
2843,nic,2009,0.937896
2843,nic,2010,0.952297
2843,nic,2011,0.942939
2843,nic,2012,0.930398
2843,nic,2013,0.933611
2843,nic,2014,0.959632
2843,nic,2015,0.960551
2843,nic,2016,0.93971
2843,niu,1995,0.974715
2843,niu,1996,0.978407
2843,niu,1997,0.981641
2843,niu,1998,0.984498
2843,niu,1999,0.972891
2843,niu,2000,0.952894
2843,niu,2001,0.953507
2843,niu,2002,0.97588
2843,niu,2003,0.976728
2843,niu,2004,0.970093
2843,niu,2005,0.967042
2843,niu,2006,0.947898
2843,niu,2007,0.955916
2843,niu,2008,0.937614
2843,niu,2009,0.953662
2843,niu,2010,0.986338
2843,niu,2011,0.943299
2843,niu,2012,0.936605
2843,niu,2013,0.943928
2843,niu,2014,0.924527
2843,niu,2015,0.935669
2843,niu,2016,0.950719
2843,nld,1995,0.669425
2843,nld,1996,0.676367
2843,nld,1997,0.657481
2843,nld,1998,0.654689
2843,nld,1999,0.639586
2843,nld,2000,0.653345
2843,nld,2001,0.686359
2843,nld,2002,0.661457
2843,nld,2003,0.65848
2843,nld,2004,0.681288
2843,nld,2005,0.675757
2843,nld,2006,0.651636
2843,nld,2007,0.670463
2843,nld,2008,0.679911
2843,nld,2009,0.689491
2843,nld,2010,0.694515
2843,nld,2011,0.644948
2843,nld,2012,0.668152
2843,nld,2013,0.63191
2843,nld,2014,0.652841
2843,nld,2015,0.634141
2843,nld,2016,0.629325
2843,nor,1995,0.886687
2843,nor,1996,0.8956
2843,nor,1997,0.904932
2843,nor,1998,0.879351
2843,nor,1999,0.888081
2843,nor,2000,0.892904
2843,nor,2001,0.899187
2843,nor,2002,0.8867
2843,nor,2003,0.884242
2843,nor,2004,0.894286
2843,nor,2005,0.913671
2843,nor,2006,0.909284
2843,nor,2007,0.902946
2843,nor,2008,0.914172
2843,nor,2009,0.894543
2843,nor,2010,0.904475
2843,nor,2011,0.904286
2843,nor,2012,0.903475
2843,nor,2013,0.901419
2843,nor,2014,0.891812
2843,nor,2015,0.881557
2843,nor,2016,0.864866
2843,npl,1995,0.958046
2843,npl,1996,0.951831
2843,npl,1997,0.934358
2843,npl,1998,0.934902
2843,npl,1999,0.910995
2843,npl,2000,0.907595
2843,npl,2001,0.948981
2843,npl,2002,0.949064
2843,npl,2003,0.871251
2843,npl,2004,0.934265
2843,npl,2005,0.924902
2843,npl,2006,0.908138
2843,npl,2007,0.902491
2843,npl,2008,0.89285
2843,npl,2009,0.870441
2843,npl,2010,0.882188
2843,npl,2011,0.8775
2843,npl,2012,0.881918
2843,npl,2013,0.891813
2843,npl,2014,0.903538
2843,npl,2015,0.900747
2843,npl,2016,0.894046
2843,nru,1995,0.982672
2843,nru,1996,0.981089
2843,nru,1997,0.975698
2843,nru,1998,0.970638
2843,nru,1999,0.976711
2843,nru,2000,0.968701
2843,nru,2001,0.941744
2843,nru,2002,0.964462
2843,nru,2003,0.955838
2843,nru,2004,0.960188
2843,nru,2005,0.93516
2843,nru,2006,0.933964
2843,nru,2007,0.957664
2843,nru,2008,0.987475
2843,nru,2009,0.970742
2843,nru,2010,0.983092
2843,nru,2011,0.983329
2843,nru,2012,0.986321
2843,nru,2013,0.984507
2843,nru,2014,0.973127
2843,nru,2015,0.962912
2843,nru,2016,0.954477
2843,nzl,1995,0.850987
2843,nzl,1996,0.853476
2843,nzl,1997,0.843849
2843,nzl,1998,0.840423
2843,nzl,1999,0.845529
2843,nzl,2000,0.836193
2843,nzl,2001,0.852063
2843,nzl,2002,0.837895
2843,nzl,2003,0.829822
2843,nzl,2004,0.831604
2843,nzl,2005,0.85909
2843,nzl,2006,0.841953
2843,nzl,2007,0.826434
2843,nzl,2008,0.840442
2843,nzl,2009,0.837272
2843,nzl,2010,0.857761
2843,nzl,2011,0.843666
2843,nzl,2012,0.83997
2843,nzl,2013,0.85574
2843,nzl,2014,0.878028
2843,nzl,2015,0.879971
2843,nzl,2016,0.848807
2843,omn,1995,0.973473
2843,omn,1996,0.986951
2843,omn,1997,0.965605
2843,omn,1998,0.957268
2843,omn,1999,0.961792
2843,omn,2000,0.964726
2843,omn,2001,0.983522
2843,omn,2002,0.979042
2843,omn,2003,0.979335
2843,omn,2004,0.959482
2843,omn,2005,0.975575
2843,omn,2006,0.97459
2843,omn,2007,0.967079
2843,omn,2008,0.974267
2843,omn,2009,0.959604
2843,omn,2010,0.969291
2843,omn,2011,0.959927
2843,omn,2012,0.971515
2843,omn,2013,0.968787
2843,omn,2014,0.970998
2843,omn,2015,0.958052
2843,omn,2016,0.926558
2843,pak,1995,0.944142
2843,pak,1996,0.928742
2843,pak,1997,0.933915
2843,pak,1998,0.935495
2843,pak,1999,0.944293
2843,pak,2000,0.909814
2843,pak,2001,0.923453
2843,pak,2002,0.935397
2843,pak,2003,0.907576
2843,pak,2004,0.909436
2843,pak,2005,0.90778
2843,pak,2006,0.903303
2843,pak,2007,0.898349
2843,pak,2008,0.895362
2843,pak,2009,0.888609
2843,pak,2010,0.902016
2843,pak,2011,0.881849
2843,pak,2012,0.874406
2843,pak,2013,0.889012
2843,pak,2014,0.914324
2843,pak,2015,0.897433
2843,pak,2016,0.861472
2843,pan,1995,0.915043
2843,pan,1996,0.931346
2843,pan,1997,0.903498
2843,pan,1998,0.874995
2843,pan,1999,0.880778
2843,pan,2000,0.8703
2843,pan,2001,0.884095
2843,pan,2002,0.894424
2843,pan,2003,0.909786
2843,pan,2004,0.87857
2843,pan,2005,0.894672
2843,pan,2006,0.890938
2843,pan,2007,0.877695
2843,pan,2008,0.869265
2843,pan,2009,0.89685
2843,pan,2010,0.875881
2843,pan,2011,0.866376
2843,pan,2012,0.831404
2843,pan,2013,0.878224
2843,pan,2014,0.911668
2843,pan,2015,0.918599
2843,pan,2016,0.858169
2843,pcn,1995,0.991947
2843,pcn,1996,0.989504
2843,pcn,1997,0.987135
2843,pcn,1998,0.98522
2843,pcn,1999,0.985514
2843,pcn,2000,0.973215
2843,pcn,2001,0.977897
2843,pcn,2002,0.97323
2843,pcn,2003,0.968751
2843,pcn,2004,0.972912
2843,pcn,2005,0.973955
2843,pcn,2006,0.989953
2843,pcn,2007,0.974423
2843,pcn,2008,0.962722
2843,pcn,2009,0.951768
2843,pcn,2010,0.960042
2843,pcn,2011,0.925435
2843,pcn,2012,0.922078
2843,pcn,2013,0.957982
2843,pcn,2014,0.964342
2843,pcn,2015,0.977668
2843,pcn,2016,0.965893
2843,per,1995,0.91796
2843,per,1996,0.914521
2843,per,1997,0.892104
2843,per,1998,0.907882
2843,per,1999,0.91125
2843,per,2000,0.892671
2843,per,2001,0.897839
2843,per,2002,0.907359
2843,per,2003,0.904205
2843,per,2004,0.905585
2843,per,2005,0.922963
2843,per,2006,0.923322
2843,per,2007,0.914857
2843,per,2008,0.899434
2843,per,2009,0.888147
2843,per,2010,0.905195
2843,per,2011,0.85407
2843,per,2012,0.875051
2843,per,2013,0.883276
2843,per,2014,0.908489
2843,per,2015,0.903523
2843,per,2016,0.864048
2843,phl,1995,0.929159
2843,phl,1996,0.90659
2843,phl,1997,0.907847
2843,phl,1998,0.917012
2843,phl,1999,0.944528
2843,phl,2000,0.929887
2843,phl,2001,0.92206
2843,phl,2002,0.9258
2843,phl,2003,0.920565
2843,phl,2004,0.914112
2843,phl,2005,0.895592
2843,phl,2006,0.908044
2843,phl,2007,0.919427
2843,phl,2008,0.908311
2843,phl,2009,0.902309
2843,phl,2010,0.909634
2843,phl,2011,0.88013
2843,phl,2012,0.869832
2843,phl,2013,0.879999
2843,phl,2014,0.879004
2843,phl,2015,0.882114
2843,phl,2016,0.885063
2843,plw,1995,0.991299
2843,plw,1996,0.986802
2843,plw,1997,0.987807
2843,plw,1998,0.986761
2843,plw,1999,0.991983
2843,plw,2000,0.991772
2843,plw,2001,0.99341
2843,plw,2002,0.993828
2843,plw,2003,0.987076
2843,plw,2004,0.985963
2843,plw,2005,0.987396
2843,plw,2006,0.989035
2843,plw,2007,0.98658
2843,plw,2008,0.986092
2843,plw,2009,0.977711
2843,plw,2010,0.989094
2843,plw,2011,0.986299
2843,plw,2012,0.984126
2843,plw,2013,0.983575
2843,plw,2014,0.984571
2843,plw,2015,0.98902
2843,plw,2016,0.987622
2843,png,1995,0.992496
2843,png,1996,0.991924
2843,png,1997,0.991844
2843,png,1998,0.98611
2843,png,1999,0.989953
2843,png,2000,0.982518
2843,png,2001,0.984545
2843,png,2002,0.986979
2843,png,2003,0.987771
2843,png,2004,0.980274
2843,png,2005,0.984849
2843,png,2006,0.986833
2843,png,2007,0.983082
2843,png,2008,0.979738
2843,png,2009,0.976144
2843,png,2010,0.985103
2843,png,2011,0.962703
2843,png,2012,0.971965
2843,png,2013,0.980348
2843,png,2014,0.983904
2843,png,2015,0.989075
2843,png,2016,0.983935
2843,pol,1995,0.769484
2843,pol,1996,0.740104
2843,pol,1997,0.732106
2843,pol,1998,0.716575
2843,pol,1999,0.712889
2843,pol,2000,0.704531
2843,pol,2001,0.730714
2843,pol,2002,0.709906
2843,pol,2003,0.711844
2843,pol,2004,0.726648
2843,pol,2005,0.74727
2843,pol,2006,0.720694
2843,pol,2007,0.704452
2843,pol,2008,0.705094
2843,pol,2009,0.702382
2843,pol,2010,0.708585
2843,pol,2011,0.675316
2843,pol,2012,0.667678
2843,pol,2013,0.662148
2843,pol,2014,0.683248
2843,pol,2015,0.698282
2843,pol,2016,0.660985
2843,prk,1995,0.882875
2843,prk,1996,0.836383
2843,prk,1997,0.855239
2843,prk,1998,0.851554
2843,prk,1999,0.848661
2843,prk,2000,0.848967
2843,prk,2001,0.845683
2843,prk,2002,0.874189
2843,prk,2003,0.87403
2843,prk,2004,0.874718
2843,prk,2005,0.850245
2843,prk,2006,0.848859
2843,prk,2007,0.893592
2843,prk,2008,0.852909
2843,prk,2009,0.855322
2843,prk,2010,0.890464
2843,prk,2011,0.916014
2843,prk,2012,0.919029
2843,prk,2013,0.924414
2843,prk,2014,0.927844
2843,prk,2015,0.933886
2843,prk,2016,0.92177
2843,prt,1995,0.843476
2843,prt,1996,0.829757
2843,prt,1997,0.825842
2843,prt,1998,0.821584
2843,prt,1999,0.818196
2843,prt,2000,0.769263
2843,prt,2001,0.786161
2843,prt,2002,0.782337
2843,prt,2003,0.790429
2843,prt,2004,0.808548
2843,prt,2005,0.805292
2843,prt,2006,0.79251
2843,prt,2007,0.757696
2843,prt,2008,0.740895
2843,prt,2009,0.704767
2843,prt,2010,0.719762
2843,prt,2011,0.699451
2843,prt,2012,0.694576
2843,prt,2013,0.715041
2843,prt,2014,0.73762
2843,prt,2015,0.747172
2843,prt,2016,0.641997
2843,pry,1995,0.94435
2843,pry,1996,0.957427
2843,pry,1997,0.960895
2843,pry,1998,0.954938
2843,pry,1999,0.962858
2843,pry,2000,0.956256
2843,pry,2001,0.958145
2843,pry,2002,0.96035
2843,pry,2003,0.956845
2843,pry,2004,0.971961
2843,pry,2005,0.961127
2843,pry,2006,0.956791
2843,pry,2007,0.944357
2843,pry,2008,0.950095
2843,pry,2009,0.946724
2843,pry,2010,0.950901
2843,pry,2011,0.949566
2843,pry,2012,0.947416
2843,pry,2013,0.953791
2843,pry,2014,0.963033
2843,pry,2015,0.966268
2843,pry,2016,0.954441
2843,pyf,1995,0.977148
2843,pyf,1996,0.979313
2843,pyf,1997,0.981321
2843,pyf,1998,0.984981
2843,pyf,1999,0.985433
2843,pyf,2000,0.978065
2843,pyf,2001,0.973535
2843,pyf,2002,0.971331
2843,pyf,2003,0.969808
2843,pyf,2004,0.972046
2843,pyf,2005,0.975146
2843,pyf,2006,0.970544
2843,pyf,2007,0.976361
2843,pyf,2008,0.966594
2843,pyf,2009,0.959203
2843,pyf,2010,0.971392
2843,pyf,2011,0.962099
2843,pyf,2012,0.971383
2843,pyf,2013,0.969793
2843,pyf,2014,0.960766
2843,pyf,2015,0.973128
2843,pyf,2016,0.962412
2843,qat,1995,0.99055
2843,qat,1996,0.992954
2843,qat,1997,0.995006
2843,qat,1998,0.992922
2843,qat,1999,0.989916
2843,qat,2000,0.989561
2843,qat,2001,0.991624
2843,qat,2002,0.98972
2843,qat,2003,0.984325
2843,qat,2004,0.981611
2843,qat,2005,0.986812
2843,qat,2006,0.985118
2843,qat,2007,0.982919
2843,qat,2008,0.990104
2843,qat,2009,0.98431
2843,qat,2010,0.985074
2843,qat,2011,0.983171
2843,qat,2012,0.984549
2843,qat,2013,0.985933
2843,qat,2014,0.985739
2843,qat,2015,0.974194
2843,qat,2016,0.983746
2843,reu,1995,0.935093
2843,rou,1995,0.824727
2843,rou,1996,0.825545
2843,rou,1997,0.831526
2843,rou,1998,0.838658
2843,rou,1999,0.855584
2843,rou,2000,0.839406
2843,rou,2001,0.846085
2843,rou,2002,0.839787
2843,rou,2003,0.83148
2843,rou,2004,0.826719
2843,rou,2005,0.844802
2843,rou,2006,0.835923
2843,rou,2007,0.805938
2843,rou,2008,0.804045
2843,rou,2009,0.80858
2843,rou,2010,0.806602
2843,rou,2011,0.788181
2843,rou,2012,0.787498
2843,rou,2013,0.794725
2843,rou,2014,0.803987
2843,rou,2015,0.806017
2843,rou,2016,0.796753
2843,rus,1995,0.840176
2843,rus,1996,0.842562
2843,rus,1997,0.892398
2843,rus,1998,0.868276
2843,rus,1999,0.844925
2843,rus,2000,0.838701
2843,rus,2001,0.887953
2843,rus,2002,0.843946
2843,rus,2003,0.851329
2843,rus,2004,0.872366
2843,rus,2005,0.879399
2843,rus,2006,0.866808
2843,rus,2007,0.893177
2843,rus,2008,0.893413
2843,rus,2009,0.8827
2843,rus,2010,0.902612
2843,rus,2011,0.899385
2843,rus,2012,0.895176
2843,rus,2013,0.895321
2843,rus,2014,0.896602
2843,rus,2015,0.882655
2843,rus,2016,0.895637
2843,rwa,1995,0.976445
2843,rwa,1996,0.977816
2843,rwa,1997,0.972174
2843,rwa,1998,0.981096
2843,rwa,1999,0.975523
2843,rwa,2000,0.974863
2843,rwa,2001,0.984929
2843,rwa,2002,0.977196
2843,rwa,2003,0.980553
2843,rwa,2004,0.987783
2843,rwa,2005,0.971738
2843,rwa,2006,0.979007
2843,rwa,2007,0.96822
2843,rwa,2008,0.968824
2843,rwa,2009,0.95431
2843,rwa,2010,0.964091
2843,rwa,2011,0.972612
2843,rwa,2012,0.969526
2843,rwa,2013,0.975787
2843,rwa,2014,0.972786
2843,rwa,2015,0.949604
2843,rwa,2016,0.928929
2843,sau,1995,0.977173
2843,sau,1996,0.980475
2843,sau,1997,0.980611
2843,sau,1998,0.961002
2843,sau,1999,0.975908
2843,sau,2000,0.966769
2843,sau,2001,0.968258
2843,sau,2002,0.956854
2843,sau,2003,0.963297
2843,sau,2004,0.971774
2843,sau,2005,0.973507
2843,sau,2006,0.970258
2843,sau,2007,0.978817
2843,sau,2008,0.984885
2843,sau,2009,0.981482
2843,sau,2010,0.979101
2843,sau,2011,0.978076
2843,sau,2012,0.978888
2843,sau,2013,0.977072
2843,sau,2014,0.979976
2843,sau,2015,0.960136
2843,sau,2016,0.962923
2843,scg,1995,0.832691
2843,scg,1996,0.76157
2843,scg,1997,0.804752
2843,scg,1998,0.831313
2843,scg,1999,0.774335
2843,scg,2000,0.766053
2843,scg,2001,0.791729
2843,scg,2002,0.778565
2843,scg,2003,0.802855
2843,scg,2004,0.757351
2843,scg,2005,0.824236
2843,sdn,1995,0.967762
2843,sdn,1996,0.974391
2843,sdn,1997,0.976983
2843,sdn,1998,0.969688
2843,sdn,1999,0.977792
2843,sdn,2000,0.975355
2843,sdn,2001,0.980385
2843,sdn,2002,0.984668
2843,sdn,2003,0.983317
2843,sdn,2004,0.985583
2843,sdn,2005,0.988959
2843,sdn,2006,0.986143
2843,sdn,2007,0.987461
2843,sdn,2008,0.990578
2843,sdn,2009,0.986103
2843,sdn,2010,0.988594
2843,sdn,2011,0.986843
2843,sdn,2012,0.975058
2843,sdn,2013,0.976327
2843,sdn,2014,0.981485
2843,sdn,2015,0.979535
2843,sdn,2016,0.965845
2843,sen,1995,0.971144
2843,sen,1996,0.944199
2843,sen,1997,0.937109
2843,sen,1998,0.926778
2843,sen,1999,0.924257
2843,sen,2000,0.914863
2843,sen,2001,0.916875
2843,sen,2002,0.92245
2843,sen,2003,0.905981
2843,sen,2004,0.909427
2843,sen,2005,0.919321
2843,sen,2006,0.898953
2843,sen,2007,0.877606
2843,sen,2008,0.907702
2843,sen,2009,0.90543
2843,sen,2010,0.918672
2843,sen,2011,0.912703
2843,sen,2012,0.905978
2843,sen,2013,0.899744
2843,sen,2014,0.91689
2843,sen,2015,0.929684
2843,sen,2016,0.906894
2843,sgp,1995,0.890544
2843,sgp,1996,0.875339
2843,sgp,1997,0.872077
2843,sgp,1998,0.868268
2843,sgp,1999,0.854607
2843,sgp,2000,0.87012
2843,sgp,2001,0.854465
2843,sgp,2002,0.855137
2843,sgp,2003,0.832095
2843,sgp,2004,0.838478
2843,sgp,2005,0.807875
2843,sgp,2006,0.826796
2843,sgp,2007,0.834048
2843,sgp,2008,0.80242
2843,sgp,2009,0.839726
2843,sgp,2010,0.836298
2843,sgp,2011,0.859579
2843,sgp,2012,0.847029
2843,sgp,2013,0.846822
2843,sgp,2014,0.831467
2843,sgp,2015,0.833438
2843,sgp,2016,0.842748
2843,shn,1995,0.976357
2843,shn,1996,0.965326
2843,shn,1997,0.934188
2843,shn,1998,0.9247
2843,shn,1999,0.935143
2843,shn,2000,0.92984
2843,shn,2001,0.947446
2843,shn,2002,0.94327
2843,shn,2003,0.937208
2843,shn,2004,0.925338
2843,shn,2005,0.93589
2843,shn,2006,0.941196
2843,shn,2007,0.949234
2843,shn,2008,0.969139
2843,shn,2009,0.949638
2843,shn,2010,0.963612
2843,shn,2011,0.954918
2843,shn,2012,0.95031
2843,shn,2013,0.959733
2843,shn,2014,0.950178
2843,shn,2015,0.960942
2843,shn,2016,0.967175
2843,slb,1995,0.991663
2843,slb,1996,0.993642
2843,slb,1997,0.992923
2843,slb,1998,0.989566
2843,slb,1999,0.992317
2843,slb,2000,0.980329
2843,slb,2001,0.973416
2843,slb,2002,0.979502
2843,slb,2003,0.989409
2843,slb,2004,0.989527
2843,slb,2005,0.990068
2843,slb,2006,0.991287
2843,slb,2007,0.985486
2843,slb,2008,0.991439
2843,slb,2009,0.986535
2843,slb,2010,0.994682
2843,slb,2011,0.988077
2843,slb,2012,0.984029
2843,slb,2013,0.986264
2843,slb,2014,0.98922
2843,slb,2015,0.985655
2843,slb,2016,0.983777
2843,sle,1995,0.966286
2843,sle,1996,0.959758
2843,sle,1997,0.964146
2843,sle,1998,0.956262
2843,sle,1999,0.943502
2843,sle,2000,0.935016
2843,sle,2001,0.916721
2843,sle,2002,0.923239
2843,sle,2003,0.944965
2843,sle,2004,0.924779
2843,sle,2005,0.930167
2843,sle,2006,0.936826
2843,sle,2007,0.941151
2843,sle,2008,0.934605
2843,sle,2009,0.912969
2843,sle,2010,0.939517
2843,sle,2011,0.947539
2843,sle,2012,0.969218
2843,sle,2013,0.980469
2843,sle,2014,0.987674
2843,sle,2015,0.961662
2843,sle,2016,0.956673
2843,slv,1995,0.915633
2843,slv,1996,0.913862
2843,slv,1997,0.91179
2843,slv,1998,0.908101
2843,slv,1999,0.912126
2843,slv,2000,0.908161
2843,slv,2001,0.915293
2843,slv,2002,0.921963
2843,slv,2003,0.922726
2843,slv,2004,0.908411
2843,slv,2005,0.922991
2843,slv,2006,0.904156
2843,slv,2007,0.902642
2843,slv,2008,0.88679
2843,slv,2009,0.887168
2843,slv,2010,0.902242
2843,slv,2011,0.882247
2843,slv,2012,0.884928
2843,slv,2013,0.880826
2843,slv,2014,0.891718
2843,slv,2015,0.901811
2843,slv,2016,0.863265
2843,som,1995,0.984521
2843,som,1996,0.989794
2843,som,1997,0.98211
2843,som,1998,0.982958
2843,som,1999,0.984666
2843,som,2000,0.979063
2843,som,2001,0.976615
2843,som,2002,0.977297
2843,som,2003,0.972094
2843,som,2004,0.983438
2843,som,2005,0.982113
2843,som,2006,0.981099
2843,som,2007,0.9518
2843,som,2008,0.972343
2843,som,2009,0.974123
2843,som,2010,0.989174
2843,som,2011,0.984085
2843,som,2012,0.980614
2843,som,2013,0.982847
2843,som,2014,0.988819
2843,som,2015,0.987706
2843,som,2016,0.974017
2843,spm,1995,0.967046
2843,spm,1996,0.972767
2843,spm,1997,0.964452
2843,spm,1998,0.951011
2843,spm,1999,0.980015
2843,spm,2000,0.982512
2843,spm,2001,0.987679
2843,spm,2002,0.989734
2843,spm,2003,0.984036
2843,spm,2004,0.986831
2843,spm,2005,0.986831
2843,spm,2006,0.978503
2843,spm,2007,0.988912
2843,spm,2008,0.981039
2843,spm,2009,0.983297
2843,spm,2010,0.986119
2843,spm,2011,0.979348
2843,spm,2012,0.970588
2843,spm,2013,0.97931
2843,spm,2014,0.977675
2843,spm,2015,0.968795
2843,spm,2016,0.968695
2843,stp,1995,0.963866
2843,stp,1996,0.97025
2843,stp,1997,0.969877
2843,stp,1998,0.961646
2843,stp,1999,0.955819
2843,stp,2000,0.963096
2843,stp,2001,0.962029
2843,stp,2002,0.951904
2843,stp,2003,0.955069
2843,stp,2004,0.94952
2843,stp,2005,0.948775
2843,stp,2006,0.953838
2843,stp,2007,0.941076
2843,stp,2008,0.960149
2843,stp,2009,0.95239
2843,stp,2010,0.944846
2843,stp,2011,0.951458
2843,stp,2012,0.958067
2843,stp,2013,0.950607
2843,stp,2014,0.953216
2843,stp,2015,0.957709
2843,stp,2016,0.967866
2843,sur,1995,0.985774
2843,sur,1996,0.983635
2843,sur,1997,0.983202
2843,sur,1998,0.985736
2843,sur,1999,0.981691
2843,sur,2000,0.980462
2843,sur,2001,0.98335
2843,sur,2002,0.983717
2843,sur,2003,0.982353
2843,sur,2004,0.985155
2843,sur,2005,0.985299
2843,sur,2006,0.979887
2843,sur,2007,0.977831
2843,sur,2008,0.981174
2843,sur,2009,0.973431
2843,sur,2010,0.984862
2843,sur,2011,0.968495
2843,sur,2012,0.977962
2843,sur,2013,0.97864
2843,sur,2014,0.976256
2843,sur,2015,0.982724
2843,sur,2016,0.973877
2843,svk,1995,0.752735
2843,svk,1996,0.751396
2843,svk,1997,0.750768
2843,svk,1998,0.766477
2843,svk,1999,0.781983
2843,svk,2000,0.769475
2843,svk,2001,0.8021
2843,svk,2002,0.784243
2843,svk,2003,0.794618
2843,svk,2004,0.805772
2843,svk,2005,0.817216
2843,svk,2006,0.806206
2843,svk,2007,0.805649
2843,svk,2008,0.807133
2843,svk,2009,0.795582
2843,svk,2010,0.813021
2843,svk,2011,0.754085
2843,svk,2012,0.759984
2843,svk,2013,0.768863
2843,svk,2014,0.773303
2843,svk,2015,0.831832
2843,svk,2016,0.816658
2843,svn,1995,0.735661
2843,svn,1996,0.703621
2843,svn,1997,0.70809
2843,svn,1998,0.717622
2843,svn,1999,0.726763
2843,svn,2000,0.723521
2843,svn,2001,0.741981
2843,svn,2002,0.731049
2843,svn,2003,0.718347
2843,svn,2004,0.728289
2843,svn,2005,0.750136
2843,svn,2006,0.738373
2843,svn,2007,0.736085
2843,svn,2008,0.734427
2843,svn,2009,0.733247
2843,svn,2010,0.72507
2843,svn,2011,0.707421
2843,svn,2012,0.71158
2843,svn,2013,0.694169
2843,svn,2014,0.704583
2843,svn,2015,0.723458
2843,svn,2016,0.716726
2843,swe,1995,0.723587
2843,swe,1996,0.722307
2843,swe,1997,0.730677
2843,swe,1998,0.722654
2843,swe,1999,0.725519
2843,swe,2000,0.724051
2843,swe,2001,0.717472
2843,swe,2002,0.691205
2843,swe,2003,0.70661
2843,swe,2004,0.717697
2843,swe,2005,0.742102
2843,swe,2006,0.719781
2843,swe,2007,0.708706
2843,swe,2008,0.692169
2843,swe,2009,0.683376
2843,swe,2010,0.693072
2843,swe,2011,0.698321
2843,swe,2012,0.691464
2843,swe,2013,0.688412
2843,swe,2014,0.671626
2843,swe,2015,0.685308
2843,swe,2016,0.697796
2843,syc,1995,0.956288
2843,syc,1996,0.966513
2843,syc,1997,0.983375
2843,syc,1998,0.970961
2843,syc,1999,0.978138
2843,syc,2000,0.982479
2843,syc,2001,0.98285
2843,syc,2002,0.991
2843,syc,2003,0.986508
2843,syc,2004,0.976239
2843,syc,2005,0.981804
2843,syc,2006,0.973693
2843,syc,2007,0.977033
2843,syc,2008,0.963327
2843,syc,2009,0.976646
2843,syc,2010,0.97367
2843,syc,2011,0.968777
2843,syc,2012,0.968755
2843,syc,2013,0.9588
2843,syc,2014,0.961747
2843,syc,2015,0.955032
2843,syc,2016,0.973062
2843,syr,1995,0.979068
2843,syr,1996,0.968979
2843,syr,1997,0.974712
2843,syr,1998,0.94918
2843,syr,1999,0.960372
2843,syr,2000,0.963689
2843,syr,2001,0.95838
2843,syr,2002,0.948391
2843,syr,2003,0.949686
2843,syr,2004,0.918948
2843,syr,2005,0.946589
2843,syr,2006,0.915541
2843,syr,2007,0.906015
2843,syr,2008,0.904416
2843,syr,2009,0.875631
2843,syr,2010,0.890276
2843,syr,2011,0.891796
2843,syr,2012,0.827301
2843,syr,2013,0.85807
2843,syr,2014,0.903043
2843,syr,2015,0.921644
2843,syr,2016,0.892762
2843,tca,1995,0.986081
2843,tca,1996,0.986791
2843,tca,1997,0.962444
2843,tca,1998,0.935004
2843,tca,1999,0.926971
2843,tca,2000,0.956783
2843,tca,2001,0.934532
2843,tca,2002,0.935881
2843,tca,2003,0.959399
2843,tca,2004,0.950155
2843,tca,2005,0.958831
2843,tca,2006,0.936687
2843,tca,2007,0.924106
2843,tca,2008,0.906573
2843,tca,2009,0.926054
2843,tca,2010,0.918698
2843,tca,2011,0.920782
2843,tca,2012,0.959871
2843,tca,2013,0.921008
2843,tca,2014,0.940551
2843,tca,2015,0.953649
2843,tca,2016,0.955553
2843,tcd,1995,0.989945
2843,tcd,1996,0.990988
2843,tcd,1997,0.989035
2843,tcd,1998,0.995839
2843,tcd,1999,0.98822
2843,tcd,2000,0.988042
2843,tcd,2001,0.984578
2843,tcd,2002,0.978492
2843,tcd,2003,0.982194
2843,tcd,2004,0.995218
2843,tcd,2005,0.997771
2843,tcd,2006,0.99809
2843,tcd,2007,0.99757
2843,tcd,2008,0.997116
2843,tcd,2009,0.991854
2843,tcd,2010,0.987503
2843,tcd,2011,0.996441
2843,tcd,2012,0.996914
2843,tcd,2013,0.996034
2843,tcd,2014,0.997477
2843,tcd,2015,0.996465
2843,tcd,2016,0.993927
2843,tgo,1995,0.951881
2843,tgo,1996,0.951324
2843,tgo,1997,0.951692
2843,tgo,1998,0.947253
2843,tgo,1999,0.950593
2843,tgo,2000,0.933057
2843,tgo,2001,0.930277
2843,tgo,2002,0.947409
2843,tgo,2003,0.939797
2843,tgo,2004,0.92908
2843,tgo,2005,0.943411
2843,tgo,2006,0.950132
2843,tgo,2007,0.947575
2843,tgo,2008,0.948336
2843,tgo,2009,0.930561
2843,tgo,2010,0.966508
2843,tgo,2011,0.945414
2843,tgo,2012,0.940348
2843,tgo,2013,0.942582
2843,tgo,2014,0.950163
2843,tgo,2015,0.958219
2843,tgo,2016,0.941013
2843,tha,1995,0.846687
2843,tha,1996,0.844888
2843,tha,1997,0.833143
2843,tha,1998,0.839454
2843,tha,1999,0.838172
2843,tha,2000,0.804054
2843,tha,2001,0.808677
2843,tha,2002,0.824189
2843,tha,2003,0.813056
2843,tha,2004,0.808078
2843,tha,2005,0.790001
2843,tha,2006,0.802214
2843,tha,2007,0.79403
2843,tha,2008,0.789673
2843,tha,2009,0.790402
2843,tha,2010,0.79034
2843,tha,2011,0.76079
2843,tha,2012,0.776248
2843,tha,2013,0.765226
2843,tha,2014,0.759175
2843,tha,2015,0.779501
2843,tha,2016,0.765486
2843,tjk,1995,0.960803
2843,tjk,1996,0.966162
2843,tjk,1997,0.955869
2843,tjk,1998,0.960952
2843,tjk,1999,0.964985
2843,tjk,2000,0.964464
2843,tjk,2001,0.967052
2843,tjk,2002,0.962778
2843,tjk,2003,0.966762
2843,tjk,2004,0.965616
2843,tjk,2005,0.968428
2843,tjk,2006,0.975464
2843,tjk,2007,0.975302
2843,tjk,2008,0.971776
2843,tjk,2009,0.965235
2843,tjk,2010,0.964091
2843,tjk,2011,0.962474
2843,tjk,2012,0.968689
2843,tjk,2013,0.973177
2843,tjk,2014,0.977243
2843,tjk,2015,0.975259
2843,tjk,2016,0.959677
2843,tkl,1995,0.968012
2843,tkl,1996,0.945698
2843,tkl,1997,0.944429
2843,tkl,1998,0.947352
2843,tkl,1999,0.937764
2843,tkl,2000,0.897818
2843,tkl,2001,0.926026
2843,tkl,2002,0.913084
2843,tkl,2003,0.920034
2843,tkl,2004,0.901289
2843,tkl,2005,0.933848
2843,tkl,2006,0.907738
2843,tkl,2007,0.923499
2843,tkl,2008,0.891424
2843,tkl,2009,0.912445
2843,tkl,2010,0.904624
2843,tkl,2011,0.9205
2843,tkl,2012,0.899162
2843,tkl,2013,0.928446
2843,tkl,2014,0.914037
2843,tkl,2015,0.917174
2843,tkl,2016,0.905529
2843,tkm,1995,0.984087
2843,tkm,1996,0.983276
2843,tkm,1997,0.984991
2843,tkm,1998,0.957801
2843,tkm,1999,0.977783
2843,tkm,2000,0.978582
2843,tkm,2001,0.986419
2843,tkm,2002,0.986932
2843,tkm,2003,0.989426
2843,tkm,2004,0.983375
2843,tkm,2005,0.989658
2843,tkm,2006,0.986425
2843,tkm,2007,0.987569
2843,tkm,2008,0.987007
2843,tkm,2009,0.978553
2843,tkm,2010,0.979604
2843,tkm,2011,0.984881
2843,tkm,2012,0.989962
2843,tkm,2013,0.988578
2843,tkm,2014,0.991124
2843,tkm,2015,0.989905
2843,tkm,2016,0.98088
2843,tls,1995,0.965249
2843,tls,1996,0.967033
2843,tls,1997,0.980496
2843,tls,1998,0.975835
2843,tls,1999,0.994146
2843,tls,2000,0.993886
2843,tls,2001,0.951556
2843,tls,2002,0.96829
2843,tls,2003,0.951909
2843,tls,2004,0.988243
2843,tls,2005,0.984995
2843,tls,2006,0.984399
2843,tls,2007,0.973596
2843,tls,2008,0.976196
2843,tls,2009,0.981221
2843,tls,2010,0.978362
2843,tls,2011,0.984489
2843,tls,2012,0.99062
2843,tls,2013,0.995911
2843,tls,2014,0.99378
2843,tls,2015,0.995861
2843,tls,2016,0.982385
2843,ton,1995,0.984365
2843,ton,1996,0.987983
2843,ton,1997,0.984413
2843,ton,1998,0.979086
2843,ton,1999,0.980222
2843,ton,2000,0.982197
2843,ton,2001,0.97873
2843,ton,2002,0.986526
2843,ton,2003,0.975563
2843,ton,2004,0.96902
2843,ton,2005,0.971913
2843,ton,2006,0.966163
2843,ton,2007,0.970416
2843,ton,2008,0.965895
2843,ton,2009,0.964938
2843,ton,2010,0.966945
2843,ton,2011,0.96221
2843,ton,2012,0.956606
2843,ton,2013,0.958911
2843,ton,2014,0.964502
2843,ton,2015,0.964027
2843,ton,2016,0.967155
2843,tto,1995,0.943715
2843,tto,1996,0.944387
2843,tto,1997,0.939906
2843,tto,1998,0.942488
2843,tto,1999,0.944982
2843,tto,2000,0.961049
2843,tto,2001,0.959185
2843,tto,2002,0.964035
2843,tto,2003,0.971404
2843,tto,2004,0.969969
2843,tto,2005,0.974047
2843,tto,2006,0.973059
2843,tto,2007,0.975263
2843,tto,2008,0.978968
2843,tto,2009,0.972416
2843,tto,2010,0.980062
2843,tto,2011,0.9733
2843,tto,2012,0.974654
2843,tto,2013,0.980714
2843,tto,2014,0.980035
2843,tto,2015,0.978724
2843,tto,2016,0.967737
2843,tun,1995,0.914954
2843,tun,1996,0.914329
2843,tun,1997,0.909085
2843,tun,1998,0.903878
2843,tun,1999,0.917059
2843,tun,2000,0.885865
2843,tun,2001,0.882742
2843,tun,2002,0.887217
2843,tun,2003,0.890769
2843,tun,2004,0.890042
2843,tun,2005,0.891035
2843,tun,2006,0.888529
2843,tun,2007,0.86976
2843,tun,2008,0.876111
2843,tun,2009,0.850522
2843,tun,2010,0.867375
2843,tun,2011,0.852447
2843,tun,2012,0.854971
2843,tun,2013,0.856023
2843,tun,2014,0.848958
2843,tun,2015,0.862754
2843,tun,2016,0.821047
2843,tur,1995,0.837948
2843,tur,1996,0.807461
2843,tur,1997,0.80354
2843,tur,1998,0.810691
2843,tur,1999,0.813416
2843,tur,2000,0.76959
2843,tur,2001,0.784144
2843,tur,2002,0.803265
2843,tur,2003,0.800632
2843,tur,2004,0.788522
2843,tur,2005,0.816457
2843,tur,2006,0.798429
2843,tur,2007,0.780196
2843,tur,2008,0.777637
2843,tur,2009,0.736
2843,tur,2010,0.737202
2843,tur,2011,0.709094
2843,tur,2012,0.740534
2843,tur,2013,0.708244
2843,tur,2014,0.746846
2843,tur,2015,0.741652
2843,tur,2016,0.687256
2843,tuv,1995,0.979148
2843,tuv,1996,0.973503
2843,tuv,1997,0.97607
2843,tuv,1998,0.98365
2843,tuv,1999,0.981123
2843,tuv,2000,0.963435
2843,tuv,2001,0.928795
2843,tuv,2002,0.937825
2843,tuv,2003,0.964556
2843,tuv,2004,0.967566
2843,tuv,2005,0.952316
2843,tuv,2006,0.963533
2843,tuv,2007,0.956357
2843,tuv,2008,0.959571
2843,tuv,2009,0.971846
2843,tuv,2010,0.97391
2843,tuv,2011,0.980936
2843,tuv,2012,0.99016
2843,tuv,2013,0.989707
2843,tuv,2014,0.969631
2843,tuv,2015,0.979577
2843,tuv,2016,0.992596
2843,tza,1995,0.96138
2843,tza,1996,0.964064
2843,tza,1997,0.949565
2843,tza,1998,0.932976
2843,tza,1999,0.944476
2843,tza,2000,0.930038
2843,tza,2001,0.92575
2843,tza,2002,0.932075
2843,tza,2003,0.938075
2843,tza,2004,0.927201
2843,tza,2005,0.939436
2843,tza,2006,0.923494
2843,tza,2007,0.895915
2843,tza,2008,0.875739
2843,tza,2009,0.86926
2843,tza,2010,0.911339
2843,tza,2011,0.892064
2843,tza,2012,0.859606
2843,tza,2013,0.907652
2843,tza,2014,0.931242
2843,tza,2015,0.939641
2843,tza,2016,0.881453
2843,uga,1995,0.989889
2843,uga,1996,0.98559
2843,uga,1997,0.978069
2843,uga,1998,0.966099
2843,uga,1999,0.974688
2843,uga,2000,0.953965
2843,uga,2001,0.947758
2843,uga,2002,0.956128
2843,uga,2003,0.9481
2843,uga,2004,0.93871
2843,uga,2005,0.947882
2843,uga,2006,0.948062
2843,uga,2007,0.904407
2843,uga,2008,0.890168
2843,uga,2009,0.861019
2843,uga,2010,0.908475
2843,uga,2011,0.893774
2843,uga,2012,0.881011
2843,uga,2013,0.891894
2843,uga,2014,0.899655
2843,uga,2015,0.91419
2843,uga,2016,0.873447
2843,ukr,1995,0.873216
2843,ukr,1996,0.826413
2843,ukr,1997,0.833669
2843,ukr,1998,0.84503
2843,ukr,1999,0.846062
2843,ukr,2000,0.817843
2843,ukr,2001,0.82446
2843,ukr,2002,0.819087
2843,ukr,2003,0.811999
2843,ukr,2004,0.828063
2843,ukr,2005,0.861898
2843,ukr,2006,0.829944
2843,ukr,2007,0.819163
2843,ukr,2008,0.844279
2843,ukr,2009,0.805025
2843,ukr,2010,0.82294
2843,ukr,2011,0.825733
2843,ukr,2012,0.820415
2843,ukr,2013,0.811315
2843,ukr,2014,0.842197
2843,ukr,2015,0.857005
2843,ukr,2016,0.839626
2843,ury,1995,0.868619
2843,ury,1996,0.882201
2843,ury,1997,0.877611
2843,ury,1998,0.87367
2843,ury,1999,0.874622
2843,ury,2000,0.872489
2843,ury,2001,0.874968
2843,ury,2002,0.873151
2843,ury,2003,0.882237
2843,ury,2004,0.888832
2843,ury,2005,0.878086
2843,ury,2006,0.896826
2843,ury,2007,0.87699
2843,ury,2008,0.891797
2843,ury,2009,0.900989
2843,ury,2010,0.906321
2843,ury,2011,0.888781
2843,ury,2012,0.899145
2843,ury,2013,0.900723
2843,ury,2014,0.925524
2843,ury,2015,0.917932
2843,ury,2016,0.896033
2843,usa,1995,0.562705
2843,usa,1996,0.572044
2843,usa,1997,0.485065
2843,usa,1998,0.492798
2843,usa,1999,0.482262
2843,usa,2000,0.479393
2843,usa,2001,0.469501
2843,usa,2002,0.446552
2843,usa,2003,0.447592
2843,usa,2004,0.512712
2843,usa,2005,0.422988
2843,usa,2006,0.400203
2843,usa,2007,0.444172
2843,usa,2008,0.440135
2843,usa,2009,0.547711
2843,usa,2010,0.537112
2843,usa,2011,0.556153
2843,usa,2012,0.550717
2843,usa,2013,0.54898
2843,usa,2014,0.489998
2843,usa,2015,0.486247
2843,usa,2016,0.55814
2843,uzb,1995,0.969887
2843,uzb,1996,0.967112
2843,uzb,1997,0.959121
2843,uzb,1998,0.948348
2843,uzb,1999,0.952935
2843,uzb,2000,0.935125
2843,uzb,2001,0.945874
2843,uzb,2002,0.945888
2843,uzb,2003,0.95274
2843,uzb,2004,0.953924
2843,uzb,2005,0.948216
2843,uzb,2006,0.95006
2843,uzb,2007,0.949441
2843,uzb,2008,0.949163
2843,uzb,2009,0.942596
2843,uzb,2010,0.938126
2843,uzb,2011,0.931119
2843,uzb,2012,0.931319
2843,uzb,2013,0.93696
2843,uzb,2014,0.938855
2843,uzb,2015,0.93954
2843,uzb,2016,0.924338
2843,vct,1995,0.977381
2843,vct,1996,0.96898
2843,vct,1997,0.95878
2843,vct,1998,0.943433
2843,vct,1999,0.97317
2843,vct,2000,0.942502
2843,vct,2001,0.978092
2843,vct,2002,0.968501
2843,vct,2003,0.976056
2843,vct,2004,0.984904
2843,vct,2005,0.986054
2843,vct,2006,0.984315
2843,vct,2007,0.973799
2843,vct,2008,0.986947
2843,vct,2009,0.968536
2843,vct,2010,0.961754
2843,vct,2011,0.941875
2843,vct,2012,0.945021
2843,vct,2013,0.970417
2843,vct,2014,0.980914
2843,vct,2015,0.942433
2843,vct,2016,0.978
2843,ven,1995,0.956941
2843,ven,1996,0.95643
2843,ven,1997,0.953364
2843,ven,1998,0.940823
2843,ven,1999,0.950076
2843,ven,2000,0.947463
2843,ven,2001,0.959053
2843,ven,2002,0.952936
2843,ven,2003,0.960708
2843,ven,2004,0.961019
2843,ven,2005,0.9746
2843,ven,2006,0.974013
2843,ven,2007,0.972465
2843,ven,2008,0.980066
2843,ven,2009,0.975182
2843,ven,2010,0.984119
2843,ven,2011,0.978087
2843,ven,2012,0.987925
2843,ven,2013,0.986045
2843,ven,2014,0.986253
2843,ven,2015,0.986597
2843,ven,2016,0.98156
2843,vgb,1995,0.957871
2843,vgb,1996,0.967419
2843,vgb,1997,0.960063
2843,vgb,1998,0.93626
2843,vgb,1999,0.952434
2843,vgb,2000,0.925421
2843,vgb,2001,0.939241
2843,vgb,2002,0.951567
2843,vgb,2003,0.943968
2843,vgb,2004,0.954008
2843,vgb,2005,0.974575
2843,vgb,2006,0.924478
2843,vgb,2007,0.935729
2843,vgb,2008,0.931609
2843,vgb,2009,0.928073
2843,vgb,2010,0.951037
2843,vgb,2011,0.943472
2843,vgb,2012,0.957416
2843,vgb,2013,0.960874
2843,vgb,2014,0.930573
2843,vgb,2015,0.955929
2843,vgb,2016,0.963074
2843,vnm,1995,0.943653
2843,vnm,1996,0.93161
2843,vnm,1997,0.926395
2843,vnm,1998,0.928534
2843,vnm,1999,0.938667
2843,vnm,2000,0.900617
2843,vnm,2001,0.880061
2843,vnm,2002,0.893037
2843,vnm,2003,0.900478
2843,vnm,2004,0.884467
2843,vnm,2005,0.891629
2843,vnm,2006,0.900999
2843,vnm,2007,0.884505
2843,vnm,2008,0.880319
2843,vnm,2009,0.857431
2843,vnm,2010,0.857607
2843,vnm,2011,0.837728
2843,vnm,2012,0.841109
2843,vnm,2013,0.853613
2843,vnm,2014,0.881046
2843,vnm,2015,0.901616
2843,vnm,2016,0.87577
2843,vut,1995,0.985475
2843,vut,1996,0.98824
2843,vut,1997,0.988751
2843,vut,1998,0.984581
2843,vut,1999,0.984662
2843,vut,2000,0.978458
2843,vut,2001,0.975289
2843,vut,2002,0.980617
2843,vut,2003,0.976193
2843,vut,2004,0.983418
2843,vut,2005,0.982438
2843,vut,2006,0.981477
2843,vut,2007,0.983473
2843,vut,2008,0.987018
2843,vut,2009,0.978641
2843,vut,2010,0.986129
2843,vut,2011,0.987027
2843,vut,2012,0.979727
2843,vut,2013,0.969896
2843,vut,2014,0.987414
2843,vut,2015,0.980217
2843,vut,2016,0.980723
2843,wlf,1995,0.985342
2843,wlf,1996,0.978643
2843,wlf,1997,0.986372
2843,wlf,1998,0.990462
2843,wlf,1999,0.983805
2843,wlf,2000,0.977898
2843,wlf,2001,0.98481
2843,wlf,2002,0.981688
2843,wlf,2003,0.990441
2843,wlf,2004,0.954819
2843,wlf,2005,0.966609
2843,wlf,2006,0.957507
2843,wlf,2007,0.96759
2843,wlf,2008,0.984266
2843,wlf,2009,0.972142
2843,wlf,2010,0.967263
2843,wlf,2011,0.970517
2843,wlf,2012,0.959231
2843,wlf,2013,0.975322
2843,wlf,2014,0.968436
2843,wlf,2015,0.972613
2843,wlf,2016,0.973972
2843,wsm,1995,0.9864
2843,wsm,1996,0.98934
2843,wsm,1997,0.985223
2843,wsm,1998,0.989471
2843,wsm,1999,0.982433
2843,wsm,2000,0.981201
2843,wsm,2001,0.979964
2843,wsm,2002,0.963346
2843,wsm,2003,0.961923
2843,wsm,2004,0.945737
2843,wsm,2005,0.952212
2843,wsm,2006,0.963003
2843,wsm,2007,0.96377
2843,wsm,2008,0.952659
2843,wsm,2009,0.903096
2843,wsm,2010,0.911321
2843,wsm,2011,0.913427
2843,wsm,2012,0.911545
2843,wsm,2013,0.925579
2843,wsm,2014,0.929684
2843,wsm,2015,0.942205
2843,wsm,2016,0.951349
2843,yem,1995,0.990781
2843,yem,1996,0.991264
2843,yem,1997,0.995172
2843,yem,1998,0.988383
2843,yem,1999,0.993501
2843,yem,2000,0.992028
2843,yem,2001,0.990464
2843,yem,2002,0.986936
2843,yem,2003,0.988412
2843,yem,2004,0.981319
2843,yem,2005,0.989082
2843,yem,2006,0.982946
2843,yem,2007,0.980598
2843,yem,2008,0.984451
2843,yem,2009,0.972201
2843,yem,2010,0.981529
2843,yem,2011,0.97313
2843,yem,2012,0.978518
2843,yem,2013,0.979733
2843,yem,2014,0.988535
2843,yem,2015,0.981179
2843,yem,2016,0.962458
2843,zaf,1995,0.815227
2843,zaf,1996,0.801578
2843,zaf,1997,0.799044
2843,zaf,1998,0.77825
2843,zaf,1999,0.768832
2843,zaf,2000,0.723906
2843,zaf,2001,0.741965
2843,zaf,2002,0.685753
2843,zaf,2003,0.696087
2843,zaf,2004,0.712061
2843,zaf,2005,0.796638
2843,zaf,2006,0.734307
2843,zaf,2007,0.762553
2843,zaf,2008,0.829473
2843,zaf,2009,0.716673
2843,zaf,2010,0.811971
2843,zaf,2011,0.773702
2843,zaf,2012,0.775077
2843,zaf,2013,0.79876
2843,zaf,2014,0.814759
2843,zaf,2015,0.795596
2843,zaf,2016,0.795407
2843,zmb,1995,0.9499
2843,zmb,1996,0.944628
2843,zmb,1997,0.951299
2843,zmb,1998,0.938691
2843,zmb,1999,0.935855
2843,zmb,2000,0.930074
2843,zmb,2001,0.943902
2843,zmb,2002,0.933046
2843,zmb,2003,0.9433
2843,zmb,2004,0.947546
2843,zmb,2005,0.97826
2843,zmb,2006,0.959556
2843,zmb,2007,0.95049
2843,zmb,2008,0.966274
2843,zmb,2009,0.946814
2843,zmb,2010,0.962425
2843,zmb,2011,0.954607
2843,zmb,2012,0.964124
2843,zmb,2013,0.966856
2843,zmb,2014,0.973334
2843,zmb,2015,0.962571
2843,zmb,2016,0.970913
2843,zwe,1995,0.881377
2843,zwe,1996,0.920975
2843,zwe,1997,0.930081
2843,zwe,1998,0.922287
2843,zwe,1999,0.908638
2843,zwe,2000,0.884391
2843,zwe,2001,0.916612
2843,zwe,2002,0.883062
2843,zwe,2003,0.913546
2843,zwe,2004,0.911054
2843,zwe,2005,0.939437
2843,zwe,2006,0.939992
2843,zwe,2007,0.93095
2843,zwe,2008,0.919128
2843,zwe,2009,0.927114
2843,zwe,2010,0.94994
2843,zwe,2011,0.937864
2843,zwe,2012,0.940483
2843,zwe,2013,0.940807
2843,zwe,2014,0.951126
2843,zwe,2015,0.958234
2843,zwe,2016,0.948382
2843,twn,1995,0.763305
2843,twn,1996,0.719307
2843,twn,1997,0.700735
2843,twn,1998,0.712891
2843,twn,1999,0.719006
2843,twn,2000,0.72602
2843,twn,2001,0.710732
2843,twn,2002,0.732269
2843,twn,2003,0.71049
2843,twn,2004,0.729854
2843,twn,2005,0.714812
2843,twn,2006,0.743195
2843,twn,2007,0.737795
2843,twn,2008,0.717759
2843,twn,2009,0.754088
2843,twn,2010,0.739418
2843,twn,2011,0.739401
2843,twn,2012,0.735768
2843,twn,2013,0.75675
2843,twn,2014,0.748899
2843,twn,2015,0.762298
2843,twn,2016,0.791198
2843,ans,1995,0.8961
2843,ans,1996,0.902722
2843,ans,1997,0.924338
2843,ans,1998,0.879765
2843,ans,1999,0.885806
2843,ans,2000,0.941826
2843,ans,2001,0.954146
2843,ans,2002,0.949078
2843,ans,2003,0.954862
2843,ans,2004,0.966568
2843,ans,2005,0.962748
2843,ans,2006,0.964976
2843,ans,2007,0.958951
2843,ans,2008,0.970101
2843,ans,2009,0.94576
2843,ans,2010,0.94524
2843,ans,2011,0.969686
2843,ans,2012,0.946807
2843,ans,2013,0.949457
2843,ans,2014,0.945074
2843,ans,2015,0.919611
2843,ans,2016,0.925456
2843,lux,1999,0.828699
2843,lux,2000,0.823101
2843,lux,2001,0.8266
2843,lux,2002,0.812346
2843,lux,2003,0.828297
2843,lux,2004,0.840917
2843,lux,2005,0.843439
2843,lux,2006,0.843232
2843,lux,2007,0.842878
2843,lux,2008,0.844081
2843,lux,2009,0.821073
2843,lux,2010,0.810155
2843,lux,2011,0.809839
2843,lux,2012,0.807801
2843,lux,2013,0.805213
2843,lux,2014,0.812047
2843,lux,2015,0.802837
2843,lux,2016,0.810135
2843,asm,2000,0.914472
2843,asm,2001,0.929748
2843,asm,2002,0.932845
2843,asm,2003,0.927229
2843,asm,2004,0.910746
2843,asm,2005,0.903791
2843,asm,2006,0.964045
2843,asm,2007,0.944084
2843,asm,2008,0.941966
2843,asm,2009,0.926305
2843,asm,2010,0.931527
2843,asm,2011,0.943155
2843,asm,2012,0.961435
2843,asm,2013,0.947628
2843,asm,2014,0.949688
2843,asm,2015,0.945526
2843,asm,2016,0.96214
2843,ata,2000,0.981991
2843,ata,2001,0.988829
2843,ata,2002,0.971786
2843,ata,2003,0.980025
2843,ata,2004,0.98501
2843,ata,2005,0.985626
2843,ata,2006,0.972026
2843,ata,2007,0.971025
2843,ata,2008,0.965818
2843,ata,2009,0.973897
2843,ata,2010,0.977638
2843,ata,2011,0.979666
2843,ata,2012,0.97517
2843,ata,2013,0.988576
2843,ata,2014,0.960485
2843,ata,2015,0.9629
2843,ata,2016,0.974285
2843,bvt,2000,0.992147
2843,bvt,2001,0.990892
2843,bvt,2002,0.989681
2843,bvt,2003,0.988301
2843,bvt,2004,0.98635
2843,bvt,2005,0.985129
2843,bvt,2006,0.988447
2843,bvt,2007,0.969344
2843,bvt,2008,0.986174
2843,bvt,2009,0.956446
2843,bvt,2010,0.986748
2843,bvt,2011,0.977911
2843,bvt,2012,0.986609
2843,bvt,2013,0.986867
2843,bvt,2014,0.983319
2843,bvt,2015,0.985375
2843,bvt,2016,0.982021
2843,bwa,2000,0.97773
2843,bwa,2001,0.971532
2843,bwa,2002,0.973823
2843,bwa,2003,0.985603
2843,bwa,2004,0.9785
2843,bwa,2005,0.983368
2843,bwa,2006,0.97403
2843,bwa,2007,0.974403
2843,bwa,2008,0.948805
2843,bwa,2009,0.934028
2843,bwa,2010,0.939063
2843,bwa,2011,0.975702
2843,bwa,2012,0.960994
2843,bwa,2013,0.982941
2843,bwa,2014,0.983577
2843,bwa,2015,0.978157
2843,bwa,2016,0.988093
2843,gum,2000,0.990199
2843,gum,2001,0.981495
2843,gum,2002,0.971788
2843,gum,2003,0.955783
2843,gum,2004,0.935815
2843,gum,2005,0.943294
2843,gum,2006,0.933855
2843,gum,2007,0.938616
2843,gum,2008,0.92664
2843,gum,2009,0.924579
2843,gum,2010,0.90086
2843,gum,2011,0.89646
2843,gum,2012,0.921698
2843,gum,2013,0.912971
2843,gum,2014,0.929601
2843,gum,2015,0.915758
2843,gum,2016,0.910985
2843,hmd,2000,0.972263
2843,hmd,2001,0.981647
2843,hmd,2002,0.986473
2843,hmd,2003,0.989552
2843,hmd,2004,0.98503
2843,hmd,2005,0.985139
2843,hmd,2006,0.982156
2843,hmd,2007,0.977706
2843,hmd,2008,0.980656
2843,hmd,2009,0.978127
2843,hmd,2010,0.975315
2843,hmd,2011,0.980634
2843,hmd,2012,0.981116
2843,hmd,2013,0.986473
2843,hmd,2014,0.988062
2843,hmd,2015,0.99138
2843,hmd,2016,0.989488
2843,lso,2000,0.987951
2843,lso,2001,0.991207
2843,lso,2002,0.994242
2843,lso,2003,0.996006
2843,lso,2004,0.992299
2843,lso,2005,0.994912
2843,lso,2006,0.989158
2843,lso,2007,0.991352
2843,lso,2008,0.993175
2843,lso,2009,0.989155
2843,lso,2010,0.967453
2843,lso,2011,0.953845
2843,lso,2012,0.964632
2843,lso,2013,0.962918
2843,lso,2014,0.971476
2843,lso,2015,0.975453
2843,lso,2016,0.967225
2843,myt,2000,0.975654
2843,myt,2001,0.948092
2843,myt,2002,0.979627
2843,myt,2003,0.955079
2843,myt,2004,0.94063
2843,myt,2005,0.949479
2843,myt,2006,0.958004
2843,myt,2007,0.971134
2843,myt,2008,0.961275
2843,myt,2009,0.946938
2843,myt,2010,0.949925
2843,myt,2011,0.974105
2843,myt,2012,0.979317
2843,myt,2013,0.981988
2843,nam,2000,0.924854
2843,nam,2001,0.947761
2843,nam,2002,0.923453
2843,nam,2003,0.926237
2843,nam,2004,0.922441
2843,nam,2005,0.937896
2843,nam,2006,0.937645
2843,nam,2007,0.935935
2843,nam,2008,0.925168
2843,nam,2009,0.891289
2843,nam,2010,0.921923
2843,nam,2011,0.907549
2843,nam,2012,0.892278
2843,nam,2013,0.921152
2843,nam,2014,0.941628
2843,nam,2015,0.93606
2843,nam,2016,0.935564
2843,pse,2000,0.906416
2843,pse,2001,0.927239
2843,pse,2002,0.942353
2843,pse,2003,0.914689
2843,pse,2004,0.955566
2843,pse,2005,0.95383
2843,pse,2006,0.950681
2843,pse,2007,0.876755
2843,pse,2008,0.863191
2843,pse,2009,0.864077
2843,pse,2010,0.884513
2843,pse,2011,0.868004
2843,pse,2012,0.878693
2843,pse,2013,0.870356
2843,pse,2014,0.894616
2843,pse,2015,0.892614
2843,pse,2016,0.864461
2843,sgs,2000,0.994425
2843,sgs,2001,0.992637
2843,sgs,2002,0.981364
2843,sgs,2003,0.980071
2843,sgs,2004,0.984347
2843,sgs,2005,0.993238
2843,sgs,2006,0.987644
2843,sgs,2007,0.994715
2843,sgs,2008,0.984335
2843,sgs,2009,0.978893
2843,sgs,2010,0.975902
2843,sgs,2011,0.973223
2843,sgs,2012,0.982245
2843,sgs,2013,0.980673
2843,sgs,2014,0.987061
2843,sgs,2015,0.98241
2843,sgs,2016,0.984043
2843,smr,2000,0.925596
2843,smr,2001,0.945709
2843,smr,2002,0.919875
2843,smr,2003,0.930762
2843,smr,2004,0.905192
2843,smr,2005,0.915273
2843,smr,2006,0.906355
2843,smr,2007,0.901081
2843,smr,2008,0.885317
2843,smr,2009,0.893802
2843,smr,2010,0.901692
2843,smr,2011,0.894605
2843,smr,2012,0.903937
2843,smr,2013,0.888052
2843,smr,2014,0.895009
2843,smr,2015,0.881087
2843,smr,2016,0.888384
2843,swz,2000,0.911222
2843,swz,2001,0.918898
2843,swz,2002,0.918877
2843,swz,2003,0.922192
2843,swz,2004,0.916202
2843,swz,2005,0.917373
2843,swz,2006,0.883998
2843,swz,2007,0.901868
2843,swz,2008,0.875658
2843,swz,2009,0.888349
2843,swz,2010,0.907655
2843,swz,2011,0.912021
2843,swz,2012,0.918868
2843,swz,2013,0.906594
2843,swz,2014,0.923383
2843,swz,2015,0.925618
2843,swz,2016,0.921425
2843,umi,2000,0.958166
2843,umi,2001,0.947661
2843,umi,2002,0.951627
2843,umi,2003,0.968863
2843,umi,2004,0.958723
2843,umi,2005,0.940973
2843,umi,2006,0.973594
2843,umi,2007,0.938957
2843,umi,2008,0.92214
2843,umi,2009,0.963392
2843,umi,2010,0.964741
2843,umi,2011,0.96623
2843,umi,2012,0.952405
2843,umi,2013,0.950389
2843,umi,2014,0.901259
2843,umi,2015,0.942632
2843,umi,2016,0.923433
2843,vat,2000,0.977126
2843,vat,2001,0.982124
2843,vat,2002,0.974155
2843,vat,2003,0.9801
2843,vat,2004,0.966944
2843,vat,2005,0.962547
2843,vat,2006,0.962604
2843,vat,2007,0.938087
2843,vat,2008,0.949785
2843,vat,2009,0.97303
2843,vat,2010,0.942005
2843,vat,2011,0.986559
2843,vat,2012,0.956129
2843,vat,2013,0.944474
2843,vat,2014,0.945768
2843,vat,2015,0.958647
2843,vat,2016,0.958525
2843,srb,2006,0.791037
2843,srb,2007,0.788209
2843,srb,2008,0.78963
2843,srb,2009,0.7752
2843,srb,2010,0.806095
2843,srb,2011,0.772587
2843,srb,2012,0.769138
2843,srb,2013,0.79281
2843,srb,2014,0.818578
2843,srb,2015,0.82353
2843,srb,2016,0.802344
2843,mne,2006,0.937339
2843,mne,2007,0.926537
2843,mne,2008,0.930147
2843,mne,2009,0.90443
2843,mne,2010,0.910892
2843,mne,2011,0.914048
2843,mne,2012,0.926227
2843,mne,2013,0.93443
2843,mne,2014,0.942155
2843,mne,2015,0.922662
2843,mne,2016,0.914099
2843,bes,2011,0.98739
2843,bes,2012,0.989415
2843,bes,2013,0.970518
2843,bes,2014,0.996464
2843,bes,2015,0.98322
2843,bes,2016,0.988582
2843,cuw,2011,0.983058
2843,cuw,2012,0.976068
2843,cuw,2013,0.978544
2843,cuw,2014,0.977756
2843,cuw,2015,0.970527
2843,cuw,2016,0.966856
2843,sxm,2011,0.974966
2843,sxm,2012,0.990892
2843,sxm,2013,0.978388
2843,sxm,2014,0.98009
2843,sxm,2015,0.984741
2843,sxm,2016,0.990069
2843,ssd,2012,0.997427
2843,ssd,2013,0.998827
2843,ssd,2014,0.998992
2843,ssd,2015,0.998622
2843,ssd,2016,0.996127
2843,blm,2013,0.951048
2843,blm,2014,0.971757
2843,blm,2015,0.965415
2843,blm,2016,0.942331
