product_code_hs,location,year,export_rca
3925,abw,1995,0
3925,abw,1996,0
3925,abw,1997,0
3925,abw,1998,0.011578
3925,abw,1999,0.001883
3925,abw,2000,0.00076
3925,abw,2001,0.002685
3925,abw,2002,0
3925,abw,2003,0
3925,abw,2004,0.000234
3925,abw,2005,0.009378
3925,abw,2006,0.012873
3925,abw,2007,0.014122
3925,abw,2008,0.023907
3925,abw,2009,0.000391
3925,abw,2010,0.132019
3925,abw,2011,0.001521
3925,abw,2012,0.028282
3925,abw,2013,0
3925,abw,2014,0.095862
3925,abw,2015,0.46929
3925,abw,2016,0
3925,afg,1995,0
3925,afg,1996,0.687127
3925,afg,1997,0
3925,afg,1998,0.00716
3925,afg,1999,0
3925,afg,2000,0
3925,afg,2001,0.096427
3925,afg,2002,0
3925,afg,2003,0.323971
3925,afg,2004,0
3925,afg,2005,0.014355
3925,afg,2006,0.168822
3925,afg,2007,0.011704
3925,afg,2008,0.038081
3925,afg,2009,0.082868
3925,afg,2010,0.076733
3925,afg,2011,0
3925,afg,2012,0.013631
3925,afg,2013,0.002369
3925,afg,2014,0.016795
3925,afg,2015,0.000654
3925,afg,2016,0
3925,ago,1995,0
3925,ago,1996,0
3925,ago,1997,0.000799
3925,ago,1998,0.000574
3925,ago,1999,0
3925,ago,2000,0
3925,ago,2001,0
3925,ago,2002,0
3925,ago,2003,0
3925,ago,2004,0
3925,ago,2005,0.000152
3925,ago,2006,0.000175
3925,ago,2007,0
3925,ago,2008,0.000014
3925,ago,2009,0.00008
3925,ago,2010,0.000079
3925,ago,2011,0.00039
3925,ago,2012,0.000034
3925,ago,2013,0
3925,ago,2014,0.00031
3925,ago,2015,0.000133
3925,ago,2016,0.001319
3925,aia,1995,0.412376
3925,aia,1996,0
3925,aia,1997,0
3925,aia,1998,2.156949
3925,aia,1999,0
3925,aia,2000,0
3925,aia,2001,0.723142
3925,aia,2002,0
3925,aia,2003,3.709636
3925,aia,2004,0.047566
3925,aia,2005,0
3925,aia,2006,0
3925,aia,2007,0
3925,aia,2008,0
3925,aia,2009,0
3925,aia,2010,0
3925,aia,2011,0.882266
3925,aia,2012,0.322387
3925,aia,2013,0
3925,aia,2014,0.124485
3925,aia,2015,0
3925,aia,2016,0
3925,alb,1995,0.010365
3925,alb,1996,0.149823
3925,alb,1997,0.210606
3925,alb,1998,0.14418
3925,alb,1999,0.773416
3925,alb,2000,0.194754
3925,alb,2001,0.052417
3925,alb,2002,0.189329
3925,alb,2003,0.134485
3925,alb,2004,1.176214
3925,alb,2005,0.416135
3925,alb,2006,0.718338
3925,alb,2007,1.045968
3925,alb,2008,1.166153
3925,alb,2009,0.932268
3925,alb,2010,0.618551
3925,alb,2011,0.491352
3925,alb,2012,0.803692
3925,alb,2013,0.682421
3925,alb,2014,1.852229
3925,alb,2015,0.421524
3925,alb,2016,0.873097
3925,and,1995,28.39093
3925,and,1996,38.264
3925,and,1997,32.288956
3925,and,1998,31.202108
3925,and,1999,29.420372
3925,and,2000,31.333635
3925,and,2001,7.691804
3925,and,2002,11.702929
3925,and,2003,3.361278
3925,and,2004,1.202505
3925,and,2005,0.451269
3925,and,2006,0.998814
3925,and,2007,0.268469
3925,and,2008,0.375937
3925,and,2009,0.34026
3925,and,2010,0.099137
3925,and,2011,0
3925,and,2012,0.014442
3925,and,2013,0.039527
3925,and,2014,0.090243
3925,and,2015,0.068576
3925,and,2016,0.460389
3925,ant,1995,0
3925,ant,1996,0.000719
3925,ant,1997,0.002145
3925,ant,1998,0
3925,ant,1999,0.037852
3925,ant,2000,0.014607
3925,ant,2001,0.154073
3925,ant,2002,0.019277
3925,ant,2003,0.027372
3925,ant,2004,0.040187
3925,ant,2005,0.014579
3925,ant,2006,0.049536
3925,ant,2007,0.093973
3925,ant,2008,0.099567
3925,ant,2009,0.033033
3925,ant,2010,0.05446
3925,are,1995,0.251885
3925,are,1996,0.092984
3925,are,1997,0.122419
3925,are,1998,0.224691
3925,are,1999,0.102421
3925,are,2000,0.096734
3925,are,2001,0.352433
3925,are,2002,0.098336
3925,are,2003,0.08929
3925,are,2004,0.09386
3925,are,2005,0.074724
3925,are,2006,0.166101
3925,are,2007,0.152977
3925,are,2008,0.115147
3925,are,2009,0.100871
3925,are,2010,0.123867
3925,are,2011,0.087491
3925,are,2012,0.111454
3925,are,2013,0.155923
3925,are,2014,0.224972
3925,are,2015,0.281841
3925,are,2016,0.246642
3925,arg,1995,0.032903
3925,arg,1996,0.075873
3925,arg,1997,0.122628
3925,arg,1998,0.128206
3925,arg,1999,0.135444
3925,arg,2000,0.136975
3925,arg,2001,0.122615
3925,arg,2002,0.098438
3925,arg,2003,0.117788
3925,arg,2004,0.154638
3925,arg,2005,0.190602
3925,arg,2006,0.238087
3925,arg,2007,0.210468
3925,arg,2008,0.226912
3925,arg,2009,0.26491
3925,arg,2010,0.283281
3925,arg,2011,0.22994
3925,arg,2012,0.240717
3925,arg,2013,0.191163
3925,arg,2014,0.185252
3925,arg,2015,0.197286
3925,arg,2016,0.147253
3925,arm,1995,0
3925,arm,1996,0
3925,arm,1997,0.00373
3925,arm,1998,0
3925,arm,1999,0.028887
3925,arm,2000,0.012512
3925,arm,2001,0.086442
3925,arm,2002,0
3925,arm,2003,0.015102
3925,arm,2004,0
3925,arm,2005,0.009649
3925,arm,2006,0.011547
3925,arm,2007,0.220907
3925,arm,2008,0.151224
3925,arm,2009,0.168756
3925,arm,2010,0.312017
3925,arm,2011,0.398983
3925,arm,2012,0.635047
3925,arm,2013,1.291177
3925,arm,2014,1.043554
3925,arm,2015,1.052164
3925,arm,2016,0.846509
3925,atf,1995,0
3925,atf,1996,0
3925,atf,1997,0
3925,atf,1998,0
3925,atf,1999,0
3925,atf,2000,0
3925,atf,2001,0
3925,atf,2002,0.669881
3925,atf,2003,0
3925,atf,2004,0
3925,atf,2005,1.135735
3925,atf,2006,0
3925,atf,2007,0
3925,atf,2008,0
3925,atf,2009,0
3925,atf,2010,0
3925,atf,2011,0
3925,atf,2012,0
3925,atf,2013,1.922488
3925,atf,2014,0
3925,atf,2015,0
3925,atf,2016,0
3925,atg,1995,0.03882
3925,atg,1996,0.054379
3925,atg,1997,0
3925,atg,1998,0.083599
3925,atg,1999,0
3925,atg,2000,0.086557
3925,atg,2001,0.016861
3925,atg,2002,0.139326
3925,atg,2003,0.214353
3925,atg,2004,0.670264
3925,atg,2005,0.429928
3925,atg,2006,0.000907
3925,atg,2007,0.048208
3925,atg,2008,0.010228
3925,atg,2009,0.089645
3925,atg,2010,0.160265
3925,atg,2011,0.10947
3925,atg,2012,0.475458
3925,atg,2013,0.033487
3925,atg,2014,0.168089
3925,atg,2015,0
3925,atg,2016,0
3925,aus,1995,0.273935
3925,aus,1996,0.253807
3925,aus,1997,0.214539
3925,aus,1998,0.182988
3925,aus,1999,0.231077
3925,aus,2000,0.181072
3925,aus,2001,0.212111
3925,aus,2002,0.18956
3925,aus,2003,0.229239
3925,aus,2004,0.186016
3925,aus,2005,0.183672
3925,aus,2006,0.19143
3925,aus,2007,0.210933
3925,aus,2008,0.182547
3925,aus,2009,0.155621
3925,aus,2010,0.12941
3925,aus,2011,0.116577
3925,aus,2012,0.133285
3925,aus,2013,0.172864
3925,aus,2014,0.13525
3925,aus,2015,0.165655
3925,aus,2016,0.158793
3925,aut,1995,2.859658
3925,aut,1996,2.836839
3925,aut,1997,2.833426
3925,aut,1998,2.874831
3925,aut,1999,2.942013
3925,aut,2000,2.673697
3925,aut,2001,2.453493
3925,aut,2002,2.223686
3925,aut,2003,2.274538
3925,aut,2004,2.192511
3925,aut,2005,2.06315
3925,aut,2006,2.144141
3925,aut,2007,2.216075
3925,aut,2008,2.524315
3925,aut,2009,2.646879
3925,aut,2010,2.772925
3925,aut,2011,2.831583
3925,aut,2012,2.850233
3925,aut,2013,3.000417
3925,aut,2014,2.815172
3925,aut,2015,2.600096
3925,aut,2016,2.535592
3925,aze,1995,0
3925,aze,1996,0
3925,aze,1997,0.029854
3925,aze,1998,0.020942
3925,aze,1999,0.085846
3925,aze,2000,0.118574
3925,aze,2001,0.027765
3925,aze,2002,0.072245
3925,aze,2003,0.186481
3925,aze,2004,0.140085
3925,aze,2005,0.063328
3925,aze,2006,0.011219
3925,aze,2007,0.008287
3925,aze,2008,0.000451
3925,aze,2009,0.001019
3925,aze,2010,0.005572
3925,aze,2011,0.000717
3925,aze,2012,0.000677
3925,aze,2013,0.036471
3925,aze,2014,0.001399
3925,aze,2015,0.004588
3925,aze,2016,0.002
3925,bdi,1995,0
3925,bdi,1996,0
3925,bdi,1997,0
3925,bdi,1998,0
3925,bdi,1999,0
3925,bdi,2000,0
3925,bdi,2001,0
3925,bdi,2002,0
3925,bdi,2003,0
3925,bdi,2004,0.025318
3925,bdi,2005,0
3925,bdi,2006,0.003577
3925,bdi,2007,0
3925,bdi,2008,0.006164
3925,bdi,2009,0
3925,bdi,2010,0.070879
3925,bdi,2011,0.139467
3925,bdi,2012,0
3925,bdi,2013,0.183563
3925,bdi,2014,3.292774
3925,bdi,2015,1.318271
3925,bdi,2016,0.002713
3925,bel,1995,1.196678
3925,bel,1996,1.25867
3925,bel,1997,1.30363
3925,bel,1998,1.29408
3925,bel,1999,1.478283
3925,bel,2000,1.615497
3925,bel,2001,1.558435
3925,bel,2002,1.39458
3925,bel,2003,1.429528
3925,bel,2004,1.384417
3925,bel,2005,1.31435
3925,bel,2006,1.312294
3925,bel,2007,1.377826
3925,bel,2008,1.42131
3925,bel,2009,1.368114
3925,bel,2010,1.420706
3925,bel,2011,1.494095
3925,bel,2012,1.500031
3925,bel,2013,1.461704
3925,bel,2014,1.440674
3925,bel,2015,1.446683
3925,bel,2016,1.480832
3925,ben,1995,0
3925,ben,1996,0.08116
3925,ben,1997,0
3925,ben,1998,0
3925,ben,1999,0
3925,ben,2000,0
3925,ben,2001,0.012195
3925,ben,2002,0
3925,ben,2003,0.034389
3925,ben,2004,0.002423
3925,ben,2005,0.000508
3925,ben,2006,0.008083
3925,ben,2007,0.012372
3925,ben,2008,0.000446
3925,ben,2009,0.003365
3925,ben,2010,0.000171
3925,ben,2011,0.00064
3925,ben,2012,0.002241
3925,ben,2013,0.000431
3925,ben,2014,0.000207
3925,ben,2015,0.035532
3925,ben,2016,0.113253
3925,bfa,1995,0
3925,bfa,1996,0
3925,bfa,1997,0.132047
3925,bfa,1998,0
3925,bfa,1999,0.010694
3925,bfa,2000,0.252683
3925,bfa,2001,0.103486
3925,bfa,2002,0.176292
3925,bfa,2003,0.026821
3925,bfa,2004,0.01281
3925,bfa,2005,0.00816
3925,bfa,2006,0.047055
3925,bfa,2007,0.032613
3925,bfa,2008,0
3925,bfa,2009,0.012383
3925,bfa,2010,0.056019
3925,bfa,2011,0.008728
3925,bfa,2012,0.005168
3925,bfa,2013,0
3925,bfa,2014,0.027917
3925,bfa,2015,0
3925,bfa,2016,0.011567
3925,bgd,1995,0.006701
3925,bgd,1996,0.006197
3925,bgd,1997,0
3925,bgd,1998,0
3925,bgd,1999,0.003289
3925,bgd,2000,0.002749
3925,bgd,2001,0.011638
3925,bgd,2002,0.000655
3925,bgd,2003,0.004606
3925,bgd,2004,0.029174
3925,bgd,2005,0.56341
3925,bgd,2006,0.000453
3925,bgd,2007,0.004906
3925,bgd,2008,0.001874
3925,bgd,2009,0.007819
3925,bgd,2010,0.006197
3925,bgd,2011,0.00874
3925,bgd,2012,0.019976
3925,bgd,2013,0.03083
3925,bgd,2014,0.03048
3925,bgd,2015,0.031172
3925,bgd,2016,0.030092
3925,bgr,1995,0.152106
3925,bgr,1996,0.331361
3925,bgr,1997,0.341799
3925,bgr,1998,0.187734
3925,bgr,1999,0.348631
3925,bgr,2000,0.202149
3925,bgr,2001,0.16311
3925,bgr,2002,0.234726
3925,bgr,2003,0.163382
3925,bgr,2004,0.167154
3925,bgr,2005,0.296894
3925,bgr,2006,0.350645
3925,bgr,2007,0.443595
3925,bgr,2008,0.805348
3925,bgr,2009,0.967993
3925,bgr,2010,1.064426
3925,bgr,2011,1.767122
3925,bgr,2012,1.727247
3925,bgr,2013,1.919266
3925,bgr,2014,1.944446
3925,bgr,2015,1.806071
3925,bgr,2016,1.701488
3925,bhr,1995,0.65665
3925,bhr,1996,0.181388
3925,bhr,1997,0.322183
3925,bhr,1998,0.104102
3925,bhr,1999,0.124794
3925,bhr,2000,0.185226
3925,bhr,2001,0.080866
3925,bhr,2002,0.287829
3925,bhr,2003,0.029503
3925,bhr,2004,0.095337
3925,bhr,2005,0.210178
3925,bhr,2006,0.021783
3925,bhr,2007,0.873748
3925,bhr,2008,0.169373
3925,bhr,2009,0.212329
3925,bhr,2010,0.061998
3925,bhr,2011,0.084744
3925,bhr,2012,0.645033
3925,bhr,2013,1.051997
3925,bhr,2014,0.396591
3925,bhr,2015,1.015011
3925,bhr,2016,1.01205
3925,bhs,1995,0.234684
3925,bhs,1996,0.689718
3925,bhs,1997,0.001383
3925,bhs,1998,0.1076
3925,bhs,1999,0
3925,bhs,2000,0.000913
3925,bhs,2001,0.007138
3925,bhs,2002,0.000807
3925,bhs,2003,0.002242
3925,bhs,2004,0.000207
3925,bhs,2005,0.003188
3925,bhs,2006,0.002015
3925,bhs,2007,0.010863
3925,bhs,2008,0.010006
3925,bhs,2009,0.071805
3925,bhs,2010,0.145545
3925,bhs,2011,0.109421
3925,bhs,2012,0.136447
3925,bhs,2013,0.1778
3925,bhs,2014,0.011065
3925,bhs,2015,0
3925,bhs,2016,0.021654
3925,bih,1995,0.740198
3925,bih,1996,0.31176
3925,bih,1997,9.406287
3925,bih,1998,2.551739
3925,bih,1999,2.216713
3925,bih,2000,3.391626
3925,bih,2001,4.973038
3925,bih,2002,5.553103
3925,bih,2003,7.243615
3925,bih,2004,6.572691
3925,bih,2005,5.887893
3925,bih,2006,7.4613
3925,bih,2007,9.624645
3925,bih,2008,11.265554
3925,bih,2009,11.544257
3925,bih,2010,12.625605
3925,bih,2011,13.182882
3925,bih,2012,16.450472
3925,bih,2013,16.524334
3925,bih,2014,15.496475
3925,bih,2015,16.730543
3925,bih,2016,18.862808
3925,blr,1995,0
3925,blr,1996,0.418373
3925,blr,1997,0.163603
3925,blr,1998,1.239519
3925,blr,1999,2.279456
3925,blr,2000,1.407626
3925,blr,2001,1.624455
3925,blr,2002,1.425299
3925,blr,2003,1.700205
3925,blr,2004,2.38047
3925,blr,2005,1.391594
3925,blr,2006,1.12374
3925,blr,2007,1.218459
3925,blr,2008,1.423694
3925,blr,2009,1.723048
3925,blr,2010,1.44667
3925,blr,2011,1.173165
3925,blr,2012,2.005025
3925,blr,2013,3.170619
3925,blr,2014,3.275701
3925,blr,2015,2.296302
3925,blr,2016,2.689821
3925,blz,1995,0
3925,blz,1996,0
3925,blz,1997,0
3925,blz,1998,0.016818
3925,blz,1999,0.009269
3925,blz,2000,0.003432
3925,blz,2001,0.003078
3925,blz,2002,0
3925,blz,2003,0
3925,blz,2004,0.00352
3925,blz,2005,0.001649
3925,blz,2006,0.319335
3925,blz,2007,0.008535
3925,blz,2008,0.177678
3925,blz,2009,0.079055
3925,blz,2010,0.063759
3925,blz,2011,0.003942
3925,blz,2012,0.005304
3925,blz,2013,0.00267
3925,blz,2014,0.03313
3925,blz,2015,0
3925,blz,2016,0.008997
3925,bmu,1995,0
3925,bmu,1996,0
3925,bmu,1997,0
3925,bmu,1998,0
3925,bmu,1999,0.006585
3925,bmu,2000,0
3925,bmu,2001,0
3925,bmu,2002,0
3925,bmu,2003,0
3925,bmu,2004,0.00125
3925,bmu,2005,0
3925,bmu,2006,0.042898
3925,bmu,2007,0
3925,bmu,2008,0
3925,bmu,2009,0
3925,bmu,2010,0.0003
3925,bmu,2011,0.091808
3925,bmu,2012,0.161183
3925,bmu,2013,0.003893
3925,bmu,2014,0
3925,bmu,2015,0
3925,bmu,2016,0.00518
3925,bol,1995,0.008281
3925,bol,1996,0.046144
3925,bol,1997,0.005606
3925,bol,1998,0.010101
3925,bol,1999,0.001669
3925,bol,2000,0.005568
3925,bol,2001,0.044747
3925,bol,2002,0.054144
3925,bol,2003,0
3925,bol,2004,0.018025
3925,bol,2005,0.003489
3925,bol,2006,0.004502
3925,bol,2007,0.000417
3925,bol,2008,0
3925,bol,2009,0.001161
3925,bol,2010,0.011053
3925,bol,2011,0.0014
3925,bol,2012,0.117332
3925,bol,2013,0.000124
3925,bol,2014,0.000188
3925,bol,2015,0.006085
3925,bol,2016,0.002256
3925,bra,1995,0.055609
3925,bra,1996,0.044086
3925,bra,1997,0.067155
3925,bra,1998,0.071947
3925,bra,1999,0.064348
3925,bra,2000,0.059628
3925,bra,2001,0.056159
3925,bra,2002,0.057967
3925,bra,2003,0.066096
3925,bra,2004,0.087694
3925,bra,2005,0.090062
3925,bra,2006,0.134285
3925,bra,2007,0.106811
3925,bra,2008,0.097387
3925,bra,2009,0.129804
3925,bra,2010,0.127503
3925,bra,2011,0.105018
3925,bra,2012,0.114666
3925,bra,2013,0.124898
3925,bra,2014,0.140889
3925,bra,2015,0.215642
3925,bra,2016,0.127303
3925,brb,1995,0.765712
3925,brb,1996,1.13232
3925,brb,1997,1.760016
3925,brb,1998,1.507765
3925,brb,1999,2.422725
3925,brb,2000,1.492438
3925,brb,2001,3.82205
3925,brb,2002,2.60194
3925,brb,2003,2.722864
3925,brb,2004,1.810837
3925,brb,2005,3.566705
3925,brb,2006,5.03911
3925,brb,2007,2.320761
3925,brb,2008,1.114612
3925,brb,2009,1.168688
3925,brb,2010,1.485382
3925,brb,2011,0.349232
3925,brb,2012,0.335547
3925,brb,2013,1.068052
3925,brb,2014,1.404623
3925,brb,2015,1.76283
3925,brb,2016,1.715259
3925,brn,1995,0
3925,brn,1996,0
3925,brn,1997,0
3925,brn,1998,0.001045
3925,brn,1999,0
3925,brn,2000,0.005327
3925,brn,2001,0
3925,brn,2002,0.00052
3925,brn,2003,0
3925,brn,2004,0.000953
3925,brn,2005,0.000217
3925,brn,2006,0.002446
3925,brn,2007,0.001414
3925,brn,2008,0.004262
3925,brn,2009,0.004508
3925,brn,2010,0.006016
3925,brn,2011,0.011288
3925,brn,2012,0.009413
3925,brn,2013,0.00117
3925,brn,2014,0.000525
3925,brn,2015,0.011082
3925,brn,2016,0.00144
3925,btn,1995,0
3925,btn,1996,0
3925,btn,1997,0
3925,btn,1998,0
3925,btn,1999,0
3925,btn,2000,0
3925,btn,2001,0
3925,btn,2002,0
3925,btn,2003,0
3925,btn,2004,0
3925,btn,2005,0
3925,btn,2006,0
3925,btn,2007,0
3925,btn,2008,0
3925,btn,2009,0
3925,btn,2010,0
3925,btn,2011,0
3925,btn,2012,0
3925,btn,2013,0
3925,btn,2014,0.003587
3925,btn,2015,0
3925,btn,2016,0
3925,caf,1995,0
3925,caf,1996,0
3925,caf,1997,0
3925,caf,1998,0
3925,caf,1999,0
3925,caf,2000,0
3925,caf,2001,0.009566
3925,caf,2002,0
3925,caf,2003,1.063458
3925,caf,2004,0
3925,caf,2005,0.085356
3925,caf,2006,0
3925,caf,2007,0
3925,caf,2008,0
3925,caf,2009,0.055519
3925,caf,2010,0.027479
3925,caf,2011,0
3925,caf,2012,0.006456
3925,caf,2013,0.014081
3925,caf,2014,0
3925,caf,2015,0
3925,caf,2016,0
3925,can,1995,2.003356
3925,can,1996,2.224462
3925,can,1997,2.301205
3925,can,1998,2.414404
3925,can,1999,2.551075
3925,can,2000,2.952129
3925,can,2001,3.201323
3925,can,2002,3.567667
3925,can,2003,3.641414
3925,can,2004,3.626586
3925,can,2005,3.531125
3925,can,2006,3.310888
3925,can,2007,2.79934
3925,can,2008,2.288415
3925,can,2009,2.303163
3925,can,2010,2.175083
3925,can,2011,1.969283
3925,can,2012,1.956003
3925,can,2013,1.80984
3925,can,2014,1.698426
3925,can,2015,1.941935
3925,can,2016,2.130717
3925,cck,1995,0
3925,cck,1996,0.789271
3925,cck,1997,0
3925,cck,1998,0
3925,cck,1999,0.348798
3925,cck,2000,0
3925,cck,2001,0
3925,cck,2002,0
3925,cck,2003,0
3925,cck,2004,0
3925,cck,2005,0
3925,cck,2006,0
3925,cck,2007,0
3925,cck,2008,0
3925,cck,2009,0
3925,cck,2010,0.50435
3925,cck,2011,0.007529
3925,cck,2012,0
3925,cck,2013,0
3925,cck,2014,0
3925,cck,2015,0
3925,cck,2016,2.250068
3925,che,1995,0.708723
3925,che,1996,0.740299
3925,che,1997,0.681583
3925,che,1998,0.614834
3925,che,1999,0.635035
3925,che,2000,0.684423
3925,che,2001,0.609253
3925,che,2002,0.548117
3925,che,2003,0.699253
3925,che,2004,0.553533
3925,che,2005,0.499782
3925,che,2006,0.503766
3925,che,2007,0.449627
3925,che,2008,0.501121
3925,che,2009,0.518065
3925,che,2010,0.604022
3925,che,2011,0.466215
3925,che,2012,0.333837
3925,che,2013,0.233846
3925,che,2014,0.260542
3925,che,2015,0.219638
3925,che,2016,0.224566
3925,chl,1995,0.01576
3925,chl,1996,0.080315
3925,chl,1997,0.0442
3925,chl,1998,0.02783
3925,chl,1999,0.048549
3925,chl,2000,0.039893
3925,chl,2001,0.03719
3925,chl,2002,0.073063
3925,chl,2003,0.072114
3925,chl,2004,0.087322
3925,chl,2005,0.050571
3925,chl,2006,0.051239
3925,chl,2007,0.034195
3925,chl,2008,0.135899
3925,chl,2009,0.131956
3925,chl,2010,0.170782
3925,chl,2011,0.171298
3925,chl,2012,0.518281
3925,chl,2013,0.206113
3925,chl,2014,0.204044
3925,chl,2015,0.177302
3925,chl,2016,0.133365
3925,chn,1995,2.606083
3925,chn,1996,2.381668
3925,chn,1997,2.673975
3925,chn,1998,2.654291
3925,chn,1999,2.70142
3925,chn,2000,2.561306
3925,chn,2001,2.390336
3925,chn,2002,2.198168
3925,chn,2003,1.796246
3925,chn,2004,1.61306
3925,chn,2005,1.511333
3925,chn,2006,1.423142
3925,chn,2007,1.27952
3925,chn,2008,1.297505
3925,chn,2009,1.303866
3925,chn,2010,1.26128
3925,chn,2011,1.297115
3925,chn,2012,1.422405
3925,chn,2013,1.485435
3925,chn,2014,1.419287
3925,chn,2015,1.309431
3925,chn,2016,1.218727
3925,civ,1995,0.015466
3925,civ,1996,0.011767
3925,civ,1997,0.01293
3925,civ,1998,0.004519
3925,civ,1999,0.020914
3925,civ,2000,0.055119
3925,civ,2001,0.019769
3925,civ,2002,0.011878
3925,civ,2003,0.026315
3925,civ,2004,0.05076
3925,civ,2005,0.039647
3925,civ,2006,0.036662
3925,civ,2007,0.039366
3925,civ,2008,0.013687
3925,civ,2009,0.030881
3925,civ,2010,0.025248
3925,civ,2011,0.010054
3925,civ,2012,0.010318
3925,civ,2013,0.011386
3925,civ,2014,0.035873
3925,civ,2015,0.014493
3925,civ,2016,0.006395
3925,cmr,1995,0.000551
3925,cmr,1996,0.004897
3925,cmr,1997,0.007552
3925,cmr,1998,0.005127
3925,cmr,1999,0
3925,cmr,2000,0.001226
3925,cmr,2001,0.001811
3925,cmr,2002,0.112772
3925,cmr,2003,0.016252
3925,cmr,2004,0.007
3925,cmr,2005,0.036419
3925,cmr,2006,0.009357
3925,cmr,2007,0.038191
3925,cmr,2008,0.006221
3925,cmr,2009,0.035141
3925,cmr,2010,0.021815
3925,cmr,2011,0.043403
3925,cmr,2012,0.063144
3925,cmr,2013,0.007147
3925,cmr,2014,0.029201
3925,cmr,2015,0.061675
3925,cmr,2016,0.042074
3925,cod,1995,0
3925,cod,1996,0
3925,cod,1997,0
3925,cod,1998,0
3925,cod,1999,0
3925,cod,2000,0
3925,cod,2001,0
3925,cod,2002,0
3925,cod,2003,0.007627
3925,cod,2004,0.000648
3925,cod,2005,0
3925,cod,2006,0.001109
3925,cod,2007,0.028991
3925,cod,2008,0.025198
3925,cod,2009,0.017495
3925,cod,2010,0.009388
3925,cod,2011,0.013192
3925,cod,2012,0.001185
3925,cod,2013,0.000336
3925,cod,2014,0.000176
3925,cod,2015,0.00048
3925,cod,2016,0
3925,cog,1995,0
3925,cog,1996,0
3925,cog,1997,0
3925,cog,1998,0.001509
3925,cog,1999,0
3925,cog,2000,0.000454
3925,cog,2001,0
3925,cog,2002,0
3925,cog,2003,0
3925,cog,2004,0
3925,cog,2005,0.000473
3925,cog,2006,0
3925,cog,2007,0.004152
3925,cog,2008,0.000021
3925,cog,2009,0.007938
3925,cog,2010,0.000205
3925,cog,2011,0.000566
3925,cog,2012,0.010965
3925,cog,2013,0.000298
3925,cog,2014,0
3925,cog,2015,0
3925,cog,2016,0
3925,cok,1995,0
3925,cok,1996,0
3925,cok,1997,0
3925,cok,1998,0
3925,cok,1999,0
3925,cok,2000,0
3925,cok,2001,0
3925,cok,2002,0
3925,cok,2003,0
3925,cok,2004,0
3925,cok,2005,0
3925,cok,2006,0
3925,cok,2007,0
3925,cok,2008,0.050759
3925,cok,2009,0
3925,cok,2010,0
3925,cok,2011,0
3925,cok,2012,0.01057
3925,cok,2013,0
3925,cok,2014,0
3925,cok,2015,0
3925,cok,2016,0.022646
3925,col,1995,0.406156
3925,col,1996,0.11346
3925,col,1997,0.139861
3925,col,1998,0.251672
3925,col,1999,0.156833
3925,col,2000,0.257677
3925,col,2001,0.335403
3925,col,2002,0.282727
3925,col,2003,0.293027
3925,col,2004,0.288514
3925,col,2005,0.358656
3925,col,2006,0.399118
3925,col,2007,0.413836
3925,col,2008,0.441561
3925,col,2009,0.450023
3925,col,2010,0.370931
3925,col,2011,0.343478
3925,col,2012,0.426139
3925,col,2013,0.426999
3925,col,2014,0.495761
3925,col,2015,0.596804
3925,col,2016,0.701434
3925,com,1995,0
3925,com,1996,0
3925,com,1997,0
3925,com,1998,0
3925,com,1999,0
3925,com,2000,0
3925,com,2001,0
3925,com,2002,0
3925,com,2003,0.051449
3925,com,2004,0
3925,com,2005,0
3925,com,2006,0
3925,com,2007,0
3925,com,2008,0
3925,com,2009,0
3925,com,2010,0
3925,com,2011,0
3925,com,2012,0.214371
3925,com,2013,0
3925,com,2014,0
3925,com,2015,0
3925,com,2016,0.013429
3925,cpv,1995,6.397535
3925,cpv,1996,0
3925,cpv,1997,0
3925,cpv,1998,0
3925,cpv,1999,0
3925,cpv,2000,0
3925,cpv,2001,0
3925,cpv,2002,0
3925,cpv,2003,0
3925,cpv,2004,0
3925,cpv,2005,0
3925,cpv,2006,0.732142
3925,cpv,2007,0
3925,cpv,2008,0.369884
3925,cpv,2009,0.117579
3925,cpv,2010,0.155544
3925,cpv,2011,0
3925,cpv,2012,0.018154
3925,cpv,2013,0.336705
3925,cpv,2014,0.045008
3925,cpv,2015,0.043508
3925,cpv,2016,0.025513
3925,cri,1995,0.114559
3925,cri,1996,0.355957
3925,cri,1997,0.381696
3925,cri,1998,0.266771
3925,cri,1999,0.2877
3925,cri,2000,0.509728
3925,cri,2001,0.535573
3925,cri,2002,0.42964
3925,cri,2003,0.666421
3925,cri,2004,0.68935
3925,cri,2005,0.5918
3925,cri,2006,0.803559
3925,cri,2007,0.750241
3925,cri,2008,0.909038
3925,cri,2009,0.71018
3925,cri,2010,0.630155
3925,cri,2011,0.636839
3925,cri,2012,0.628354
3925,cri,2013,0.602778
3925,cri,2014,0.630358
3925,cri,2015,1.565302
3925,cri,2016,1.595538
3925,cub,1995,0.00224
3925,cub,1996,0.004447
3925,cub,1997,0.015589
3925,cub,1998,0
3925,cub,1999,0.002255
3925,cub,2000,0.010324
3925,cub,2001,0.039822
3925,cub,2002,0.086112
3925,cub,2003,0.002326
3925,cub,2004,0.011628
3925,cub,2005,0.018327
3925,cub,2006,0
3925,cub,2007,0.01131
3925,cub,2008,0.021403
3925,cub,2009,0.009699
3925,cub,2010,0.001993
3925,cub,2011,0
3925,cub,2012,0.008321
3925,cub,2013,0.020831
3925,cub,2014,0.002641
3925,cub,2015,0.001054
3925,cub,2016,0
3925,cxr,1995,0
3925,cxr,1996,0
3925,cxr,1997,0.386014
3925,cxr,1998,0
3925,cxr,1999,0
3925,cxr,2000,0
3925,cxr,2001,0
3925,cxr,2002,0
3925,cxr,2003,0
3925,cxr,2004,0
3925,cxr,2005,0
3925,cxr,2006,0
3925,cxr,2007,0
3925,cxr,2008,0.44358
3925,cxr,2009,0
3925,cxr,2010,0
3925,cxr,2011,0
3925,cxr,2012,0
3925,cxr,2013,0
3925,cxr,2014,0.832935
3925,cxr,2015,0
3925,cxr,2016,0
3925,cym,1995,0
3925,cym,1996,0
3925,cym,1997,0
3925,cym,1998,0
3925,cym,1999,0.035192
3925,cym,2000,0
3925,cym,2001,0
3925,cym,2002,0
3925,cym,2003,0
3925,cym,2004,0
3925,cym,2005,0.001381
3925,cym,2006,0.000355
3925,cym,2007,0.028371
3925,cym,2008,0.036729
3925,cym,2009,0.019315
3925,cym,2010,0.080016
3925,cym,2011,0.000607
3925,cym,2012,0.003381
3925,cym,2013,0
3925,cym,2014,0.02242
3925,cym,2015,0.001568
3925,cym,2016,0.004428
3925,cyp,1995,0.083468
3925,cyp,1996,0.190639
3925,cyp,1997,0.067969
3925,cyp,1998,0.107449
3925,cyp,1999,0.063337
3925,cyp,2000,0.119703
3925,cyp,2001,0.100907
3925,cyp,2002,0.486445
3925,cyp,2003,0.396594
3925,cyp,2004,0.513683
3925,cyp,2005,0.418597
3925,cyp,2006,0.209523
3925,cyp,2007,0.380664
3925,cyp,2008,1.369993
3925,cyp,2009,4.586253
3925,cyp,2010,0.416907
3925,cyp,2011,0.281497
3925,cyp,2012,0.33494
3925,cyp,2013,0.266597
3925,cyp,2014,0.25789
3925,cyp,2015,0.613487
3925,cyp,2016,1.044132
3925,cze,1995,4.995305
3925,cze,1996,6.374146
3925,cze,1997,6.092248
3925,cze,1998,4.660478
3925,cze,1999,4.651578
3925,cze,2000,4.812356
3925,cze,2001,3.882482
3925,cze,2002,2.968336
3925,cze,2003,3.256568
3925,cze,2004,2.68473
3925,cze,2005,2.420599
3925,cze,2006,2.489223
3925,cze,2007,2.26148
3925,cze,2008,2.298695
3925,cze,2009,2.440233
3925,cze,2010,2.528406
3925,cze,2011,2.59983
3925,cze,2012,2.652087
3925,cze,2013,2.40535
3925,cze,2014,2.380407
3925,cze,2015,2.136134
3925,cze,2016,2.04521
3925,deu,1995,1.822446
3925,deu,1996,1.899074
3925,deu,1997,1.797365
3925,deu,1998,1.706191
3925,deu,1999,1.649738
3925,deu,2000,1.710483
3925,deu,2001,1.577007
3925,deu,2002,1.616305
3925,deu,2003,1.596533
3925,deu,2004,1.584191
3925,deu,2005,1.75351
3925,deu,2006,1.861577
3925,deu,2007,1.866571
3925,deu,2008,2.035091
3925,deu,2009,2.059339
3925,deu,2010,2.191884
3925,deu,2011,2.235421
3925,deu,2012,2.158411
3925,deu,2013,2.02053
3925,deu,2014,1.927017
3925,deu,2015,1.753133
3925,deu,2016,1.725021
3925,dji,1995,0
3925,dji,1996,0
3925,dji,1997,0
3925,dji,1998,0
3925,dji,1999,0
3925,dji,2000,0
3925,dji,2001,0
3925,dji,2002,0.417292
3925,dji,2003,0.004131
3925,dji,2004,0.013878
3925,dji,2005,0.017573
3925,dji,2006,0.002332
3925,dji,2007,0
3925,dji,2008,0
3925,dji,2009,0
3925,dji,2010,0.661853
3925,dji,2011,0.045669
3925,dji,2012,0.585049
3925,dji,2013,0.274734
3925,dji,2014,0.520861
3925,dji,2015,0
3925,dji,2016,0
3925,dma,1995,0.204791
3925,dma,1996,0.023292
3925,dma,1997,0.020586
3925,dma,1998,0
3925,dma,1999,0.02655
3925,dma,2000,0.06876
3925,dma,2001,0.799137
3925,dma,2002,0.028246
3925,dma,2003,0.18742
3925,dma,2004,0.195345
3925,dma,2005,0.134521
3925,dma,2006,0.801521
3925,dma,2007,2.189825
3925,dma,2008,0
3925,dma,2009,0
3925,dma,2010,0.251009
3925,dma,2011,0.331961
3925,dma,2012,2.9986
3925,dma,2013,2.284626
3925,dma,2014,1.846462
3925,dma,2015,2.847004
3925,dma,2016,3.71503
3925,dnk,1995,2.9298
3925,dnk,1996,2.677958
3925,dnk,1997,3.187392
3925,dnk,1998,3.265993
3925,dnk,1999,3.071026
3925,dnk,2000,3.114754
3925,dnk,2001,2.97117
3925,dnk,2002,2.774853
3925,dnk,2003,3.117804
3925,dnk,2004,2.914155
3925,dnk,2005,2.532842
3925,dnk,2006,2.563336
3925,dnk,2007,2.809142
3925,dnk,2008,2.954625
3925,dnk,2009,2.836508
3925,dnk,2010,3.409233
3925,dnk,2011,3.584184
3925,dnk,2012,3.318511
3925,dnk,2013,1.834766
3925,dnk,2014,1.964853
3925,dnk,2015,1.772183
3925,dnk,2016,1.667253
3925,dom,1995,0.277129
3925,dom,1996,0.637456
3925,dom,1997,0.842463
3925,dom,1998,0.934358
3925,dom,1999,1.265552
3925,dom,2000,0.992255
3925,dom,2001,0.618879
3925,dom,2002,0.876175
3925,dom,2003,0.299895
3925,dom,2004,0.115263
3925,dom,2005,0.07331
3925,dom,2006,0.162034
3925,dom,2007,0.241892
3925,dom,2008,0.066837
3925,dom,2009,0.156189
3925,dom,2010,0.1456
3925,dom,2011,0.211386
3925,dom,2012,0.079755
3925,dom,2013,0.158021
3925,dom,2014,0.573894
3925,dom,2015,0.760331
3925,dom,2016,0.271666
3925,dza,1995,0.006145
3925,dza,1996,0.00357
3925,dza,1997,0.032495
3925,dza,1998,0.001358
3925,dza,1999,0.00527
3925,dza,2000,0.007235
3925,dza,2001,0.003152
3925,dza,2002,0.008419
3925,dza,2003,0.004763
3925,dza,2004,0.000474
3925,dza,2005,0.004834
3925,dza,2006,0.000433
3925,dza,2007,0
3925,dza,2008,0.00003
3925,dza,2009,0.000877
3925,dza,2010,0.000445
3925,dza,2011,0.000331
3925,dza,2012,0.001175
3925,dza,2013,0.000356
3925,dza,2014,0.000413
3925,dza,2015,0.002955
3925,dza,2016,0.000706
3925,ecu,1995,0.012184
3925,ecu,1996,0.047489
3925,ecu,1997,0.05348
3925,ecu,1998,0.005325
3925,ecu,1999,0.019838
3925,ecu,2000,0.019987
3925,ecu,2001,0.034395
3925,ecu,2002,0.014935
3925,ecu,2003,0.012099
3925,ecu,2004,0.02217
3925,ecu,2005,0.010367
3925,ecu,2006,0.017798
3925,ecu,2007,0.011818
3925,ecu,2008,0.015131
3925,ecu,2009,0.029113
3925,ecu,2010,0.034746
3925,ecu,2011,0.04659
3925,ecu,2012,0.042727
3925,ecu,2013,0.088763
3925,ecu,2014,0.061957
3925,ecu,2015,0.062019
3925,ecu,2016,0.034188
3925,egy,1995,0.117886
3925,egy,1996,0.186851
3925,egy,1997,0.248673
3925,egy,1998,0.221299
3925,egy,1999,0.123985
3925,egy,2000,0.09801
3925,egy,2001,0.453255
3925,egy,2002,0.072322
3925,egy,2003,0.07873
3925,egy,2004,0.149004
3925,egy,2005,0.206738
3925,egy,2006,0.17369
3925,egy,2007,0.20517
3925,egy,2008,0.149434
3925,egy,2009,0.342327
3925,egy,2010,0.161232
3925,egy,2011,0.162107
3925,egy,2012,0.164984
3925,egy,2013,0.266666
3925,egy,2014,0.271935
3925,egy,2015,0.292912
3925,egy,2016,0.266847
3925,eri,1995,0
3925,eri,1996,0
3925,eri,1997,0.071318
3925,eri,1998,0
3925,eri,1999,0
3925,eri,2000,0
3925,eri,2001,0
3925,eri,2002,0
3925,eri,2003,0
3925,eri,2004,0
3925,eri,2005,0
3925,eri,2006,0
3925,eri,2007,0
3925,eri,2008,0.028705
3925,eri,2009,0.112332
3925,eri,2010,0.070313
3925,eri,2011,0
3925,eri,2012,0
3925,eri,2013,0
3925,eri,2014,0
3925,eri,2015,0
3925,eri,2016,0
3925,esh,1995,0
3925,esh,1996,0
3925,esh,1997,0
3925,esh,1998,0
3925,esh,1999,0
3925,esh,2000,0
3925,esh,2001,0
3925,esh,2002,0
3925,esh,2003,0
3925,esh,2004,0
3925,esh,2005,0
3925,esh,2006,0
3925,esh,2007,0
3925,esh,2008,0.039534
3925,esh,2009,0
3925,esh,2010,0
3925,esh,2011,0
3925,esh,2012,0
3925,esh,2013,0
3925,esh,2014,0
3925,esh,2015,0
3925,esh,2016,0
3925,esp,1995,0.658768
3925,esp,1996,0.692636
3925,esp,1997,0.786058
3925,esp,1998,0.771233
3925,esp,1999,0.898752
3925,esp,2000,0.89449
3925,esp,2001,0.978267
3925,esp,2002,1.005408
3925,esp,2003,0.867064
3925,esp,2004,0.918834
3925,esp,2005,0.89194
3925,esp,2006,0.877953
3925,esp,2007,0.91603
3925,esp,2008,0.855073
3925,esp,2009,0.849882
3925,esp,2010,0.802736
3925,esp,2011,0.858892
3925,esp,2012,0.768203
3925,esp,2013,0.772651
3925,esp,2014,0.806536
3925,esp,2015,0.945503
3925,esp,2016,0.971801
3925,est,1995,1.395264
3925,est,1996,0.974238
3925,est,1997,0.990661
3925,est,1998,1.408568
3925,est,1999,0.946833
3925,est,2000,0.62176
3925,est,2001,0.67773
3925,est,2002,0.929996
3925,est,2003,1.131206
3925,est,2004,1.058256
3925,est,2005,1.044017
3925,est,2006,1.167668
3925,est,2007,1.307684
3925,est,2008,1.622589
3925,est,2009,1.098831
3925,est,2010,1.159537
3925,est,2011,1.000828
3925,est,2012,1.069243
3925,est,2013,1.401834
3925,est,2014,1.639987
3925,est,2015,1.77924
3925,est,2016,1.653948
3925,eth,1995,0
3925,eth,1996,0
3925,eth,1997,0
3925,eth,1998,0
3925,eth,1999,0
3925,eth,2000,0
3925,eth,2001,0
3925,eth,2002,0
3925,eth,2003,0.000848
3925,eth,2004,0.012911
3925,eth,2005,0.012951
3925,eth,2006,0.000282
3925,eth,2007,0.000417
3925,eth,2008,0.000268
3925,eth,2009,0.004553
3925,eth,2010,0.008199
3925,eth,2011,0.015085
3925,eth,2012,0.004001
3925,eth,2013,0.000074
3925,eth,2014,0.000707
3925,eth,2015,0.008152
3925,eth,2016,0.00179
3925,fin,1995,0.504817
3925,fin,1996,0.574901
3925,fin,1997,0.597074
3925,fin,1998,0.483524
3925,fin,1999,0.441239
3925,fin,2000,0.457931
3925,fin,2001,0.555973
3925,fin,2002,0.585315
3925,fin,2003,0.554273
3925,fin,2004,0.651947
3925,fin,2005,0.573663
3925,fin,2006,0.551267
3925,fin,2007,0.641969
3925,fin,2008,0.792375
3925,fin,2009,0.815522
3925,fin,2010,0.837779
3925,fin,2011,0.988975
3925,fin,2012,0.918008
3925,fin,2013,0.935168
3925,fin,2014,0.917387
3925,fin,2015,0.992742
3925,fin,2016,1.084633
3925,fji,1995,0.007758
3925,fji,1996,0.001853
3925,fji,1997,0.006225
3925,fji,1998,0.1853
3925,fji,1999,0.015988
3925,fji,2000,0.301607
3925,fji,2001,0.001567
3925,fji,2002,0.363718
3925,fji,2003,0.859562
3925,fji,2004,0.105046
3925,fji,2005,0.214249
3925,fji,2006,0.354344
3925,fji,2007,2.043361
3925,fji,2008,0.408921
3925,fji,2009,0.357662
3925,fji,2010,0.555351
3925,fji,2011,0.176862
3925,fji,2012,0.389772
3925,fji,2013,0.268174
3925,fji,2014,0.349959
3925,fji,2015,0.396052
3925,fji,2016,0.33962
3925,flk,1995,0
3925,flk,1996,0
3925,flk,1997,0
3925,flk,1998,0
3925,flk,1999,0
3925,flk,2000,0.059465
3925,flk,2001,0.060914
3925,flk,2002,0
3925,flk,2003,0
3925,flk,2004,0
3925,flk,2005,0
3925,flk,2006,0.002319
3925,flk,2007,0
3925,flk,2008,0
3925,flk,2009,0.006798
3925,flk,2010,0
3925,flk,2011,0
3925,flk,2012,0
3925,flk,2013,0
3925,flk,2014,0
3925,flk,2015,0
3925,flk,2016,0
3925,fra,1995,1.791518
3925,fra,1996,1.621007
3925,fra,1997,1.392546
3925,fra,1998,1.353504
3925,fra,1999,1.492458
3925,fra,2000,1.45509
3925,fra,2001,1.297597
3925,fra,2002,1.087779
3925,fra,2003,1.260025
3925,fra,2004,1.381127
3925,fra,2005,1.3132
3925,fra,2006,1.268891
3925,fra,2007,1.382939
3925,fra,2008,1.418918
3925,fra,2009,1.176067
3925,fra,2010,1.289195
3925,fra,2011,1.296691
3925,fra,2012,1.17827
3925,fra,2013,1.211206
3925,fra,2014,1.196199
3925,fra,2015,1.066664
3925,fra,2016,0.998002
3925,fro,1995,0
3925,fro,1996,0.061401
3925,fro,1997,0.027192
3925,fro,1998,0
3925,fro,1999,0.174601
3925,fro,2000,0.075018
3925,fro,2001,0
3925,fro,2002,0.09026
3925,fro,2003,0.063208
3925,fro,2004,0.140235
3925,fro,2005,0.002516
3925,fro,2006,0.039348
3925,fro,2007,0.064388
3925,fro,2008,0.014616
3925,fro,2009,0.116613
3925,fro,2010,0.110575
3925,fro,2011,0
3925,fro,2012,0.005201
3925,fro,2013,0.073004
3925,fro,2014,0.009526
3925,fro,2015,0.008337
3925,fro,2016,0
3925,fsm,1995,0
3925,fsm,1996,0
3925,fsm,1997,0
3925,fsm,1998,0
3925,fsm,1999,0
3925,fsm,2000,0
3925,fsm,2001,0
3925,fsm,2002,0
3925,fsm,2003,0
3925,fsm,2004,0
3925,fsm,2005,0
3925,fsm,2006,0.050237
3925,fsm,2007,0
3925,fsm,2008,0.375143
3925,fsm,2009,0
3925,fsm,2010,0
3925,fsm,2011,0
3925,fsm,2012,0.004604
3925,fsm,2013,0
3925,fsm,2014,0
3925,fsm,2015,0
3925,fsm,2016,0
3925,gab,1995,0
3925,gab,1996,0
3925,gab,1997,0
3925,gab,1998,0
3925,gab,1999,0.001612
3925,gab,2000,0.006921
3925,gab,2001,0.00305
3925,gab,2002,0.001229
3925,gab,2003,0.00226
3925,gab,2004,0.013697
3925,gab,2005,0.053627
3925,gab,2006,0.078302
3925,gab,2007,0.126997
3925,gab,2008,0.026114
3925,gab,2009,0.000552
3925,gab,2010,0.006076
3925,gab,2011,0.000841
3925,gab,2012,0.002747
3925,gab,2013,0.000987
3925,gab,2014,0.000918
3925,gab,2015,0.000985
3925,gab,2016,0.008048
3925,gbr,1995,0.717011
3925,gbr,1996,0.762355
3925,gbr,1997,0.926142
3925,gbr,1998,1.008398
3925,gbr,1999,1.123911
3925,gbr,2000,1.01125
3925,gbr,2001,1.093011
3925,gbr,2002,1.034649
3925,gbr,2003,1.037221
3925,gbr,2004,1.273949
3925,gbr,2005,1.237203
3925,gbr,2006,1.161205
3925,gbr,2007,1.261066
3925,gbr,2008,1.078862
3925,gbr,2009,0.884055
3925,gbr,2010,1.017691
3925,gbr,2011,0.896622
3925,gbr,2012,0.762481
3925,gbr,2013,0.767189
3925,gbr,2014,0.896768
3925,gbr,2015,0.914186
3925,gbr,2016,0.923274
3925,geo,1995,0
3925,geo,1996,0.121542
3925,geo,1997,0
3925,geo,1998,0.00959
3925,geo,1999,0.011461
3925,geo,2000,0.017536
3925,geo,2001,0.036898
3925,geo,2002,0.010363
3925,geo,2003,0.047481
3925,geo,2004,0.022829
3925,geo,2005,0.1111
3925,geo,2006,0.11742
3925,geo,2007,0.118522
3925,geo,2008,0.116754
3925,geo,2009,0.133807
3925,geo,2010,0.18185
3925,geo,2011,0.185564
3925,geo,2012,0.234911
3925,geo,2013,0.361046
3925,geo,2014,0.250729
3925,geo,2015,0.37094
3925,geo,2016,0.092441
3925,gha,1995,0.007398
3925,gha,1996,0.027795
3925,gha,1997,0.264221
3925,gha,1998,0.014901
3925,gha,1999,0.058903
3925,gha,2000,0.056543
3925,gha,2001,0.058487
3925,gha,2002,0.04289
3925,gha,2003,0.047579
3925,gha,2004,0.16617
3925,gha,2005,0.124565
3925,gha,2006,0.101562
3925,gha,2007,0.162771
3925,gha,2008,0.979334
3925,gha,2009,0.882979
3925,gha,2010,0.248527
3925,gha,2011,1.140696
3925,gha,2012,0.096567
3925,gha,2013,0.127791
3925,gha,2014,0.198897
3925,gha,2015,0.085265
3925,gha,2016,0.164816
3925,gib,1995,0.789035
3925,gib,1996,2.486479
3925,gib,1997,0.055362
3925,gib,1998,0
3925,gib,1999,0.283007
3925,gib,2000,0
3925,gib,2001,0
3925,gib,2002,0.084767
3925,gib,2003,0.033372
3925,gib,2004,0
3925,gib,2005,0.380053
3925,gib,2006,0.033364
3925,gib,2007,0.100481
3925,gib,2008,0.015756
3925,gib,2009,0.019432
3925,gib,2010,0.009261
3925,gib,2011,0.002613
3925,gib,2012,0.002913
3925,gib,2013,0
3925,gib,2014,0.035127
3925,gib,2015,0.030873
3925,gib,2016,0.004212
3925,gin,1995,0
3925,gin,1996,0
3925,gin,1997,0
3925,gin,1998,0.00172
3925,gin,1999,0
3925,gin,2000,0.001436
3925,gin,2001,0
3925,gin,2002,0.020163
3925,gin,2003,0.094718
3925,gin,2004,0
3925,gin,2005,0.003921
3925,gin,2006,0.000543
3925,gin,2007,0
3925,gin,2008,0.005479
3925,gin,2009,0.048221
3925,gin,2010,0.04818
3925,gin,2011,0
3925,gin,2012,0.012851
3925,gin,2013,0.011013
3925,gin,2014,0.000087
3925,gin,2015,0.038016
3925,gin,2016,0.087582
3925,glp,1995,1.452379
3925,gmb,1995,0
3925,gmb,1996,0
3925,gmb,1997,0.015707
3925,gmb,1998,0.055814
3925,gmb,1999,0
3925,gmb,2000,0
3925,gmb,2001,0
3925,gmb,2002,0
3925,gmb,2003,0.199187
3925,gmb,2004,0
3925,gmb,2005,0
3925,gmb,2006,0
3925,gmb,2007,0
3925,gmb,2008,0
3925,gmb,2009,0.053614
3925,gmb,2010,0
3925,gmb,2011,0
3925,gmb,2012,0
3925,gmb,2013,0
3925,gmb,2014,0
3925,gmb,2015,0
3925,gmb,2016,0
3925,gnb,1995,0
3925,gnb,1996,0
3925,gnb,1997,0
3925,gnb,1998,0.028331
3925,gnb,1999,0
3925,gnb,2000,0
3925,gnb,2001,0
3925,gnb,2002,0
3925,gnb,2003,0
3925,gnb,2004,0
3925,gnb,2005,0
3925,gnb,2006,0
3925,gnb,2007,0
3925,gnb,2008,0
3925,gnb,2009,0
3925,gnb,2010,0.007205
3925,gnb,2011,0.20514
3925,gnb,2012,0
3925,gnb,2013,0
3925,gnb,2014,0
3925,gnb,2015,0
3925,gnb,2016,0
3925,gnq,1995,0
3925,gnq,1996,0
3925,gnq,1997,0
3925,gnq,1998,0
3925,gnq,1999,0
3925,gnq,2000,0
3925,gnq,2001,0
3925,gnq,2002,0
3925,gnq,2003,0
3925,gnq,2004,0
3925,gnq,2005,0
3925,gnq,2006,0
3925,gnq,2007,0
3925,gnq,2008,0.000257
3925,gnq,2009,0.005038
3925,gnq,2010,0.000058
3925,gnq,2011,0.000425
3925,gnq,2012,0
3925,gnq,2013,0.000436
3925,gnq,2014,0
3925,gnq,2015,0
3925,gnq,2016,0
3925,grc,1995,0.47425
3925,grc,1996,0.418184
3925,grc,1997,0.382961
3925,grc,1998,0.361237
3925,grc,1999,0.428798
3925,grc,2000,0.833743
3925,grc,2001,0.693451
3925,grc,2002,1.354011
3925,grc,2003,0.638604
3925,grc,2004,1.079067
3925,grc,2005,1.797441
3925,grc,2006,2.2621
3925,grc,2007,3.317343
3925,grc,2008,2.692733
3925,grc,2009,2.522414
3925,grc,2010,1.998487
3925,grc,2011,1.665461
3925,grc,2012,1.398767
3925,grc,2013,1.74302
3925,grc,2014,1.652935
3925,grc,2015,1.670342
3925,grc,2016,1.749708
3925,grd,1995,0
3925,grd,1996,0.038651
3925,grd,1997,0.049738
3925,grd,1998,0
3925,grd,1999,0
3925,grd,2000,0.016222
3925,grd,2001,0.028816
3925,grd,2002,0.162913
3925,grd,2003,0.2462
3925,grd,2004,0.466804
3925,grd,2005,0.019782
3925,grd,2006,0.015821
3925,grd,2007,0.041162
3925,grd,2008,0.011954
3925,grd,2009,0
3925,grd,2010,0.284359
3925,grd,2011,0
3925,grd,2012,0.134645
3925,grd,2013,0.054315
3925,grd,2014,0
3925,grd,2015,0.238236
3925,grd,2016,0.180615
3925,grl,1995,0
3925,grl,1996,0
3925,grl,1997,0.008305
3925,grl,1998,0
3925,grl,1999,0
3925,grl,2000,0.005494
3925,grl,2001,0.000584
3925,grl,2002,0.029334
3925,grl,2003,0
3925,grl,2004,0
3925,grl,2005,0
3925,grl,2006,0
3925,grl,2007,0.058355
3925,grl,2008,0
3925,grl,2009,0
3925,grl,2010,0
3925,grl,2011,0.000741
3925,grl,2012,0
3925,grl,2013,0
3925,grl,2014,0
3925,grl,2015,0
3925,grl,2016,0
3925,gtm,1995,0.103969
3925,gtm,1996,0.161342
3925,gtm,1997,0.273361
3925,gtm,1998,0.436775
3925,gtm,1999,0.669477
3925,gtm,2000,1.163153
3925,gtm,2001,1.177403
3925,gtm,2002,0.823629
3925,gtm,2003,1.062974
3925,gtm,2004,1.132105
3925,gtm,2005,1.347922
3925,gtm,2006,1.599822
3925,gtm,2007,1.440508
3925,gtm,2008,1.566932
3925,gtm,2009,1.389586
3925,gtm,2010,1.598895
3925,gtm,2011,1.381024
3925,gtm,2012,1.340528
3925,gtm,2013,1.472161
3925,gtm,2014,1.115045
3925,gtm,2015,1.221815
3925,gtm,2016,1.240122
3925,guf,1995,0.070745
3925,guy,1995,0
3925,guy,1996,0
3925,guy,1997,0.004994
3925,guy,1998,0.031109
3925,guy,1999,0
3925,guy,2000,0.003615
3925,guy,2001,0.025974
3925,guy,2002,0.049813
3925,guy,2003,0.004042
3925,guy,2004,0.019979
3925,guy,2005,0.010456
3925,guy,2006,0.009337
3925,guy,2007,0.070529
3925,guy,2008,0.024575
3925,guy,2009,0.014976
3925,guy,2010,0.098904
3925,guy,2011,0.018465
3925,guy,2012,0.002529
3925,guy,2013,0.001086
3925,guy,2014,0.008771
3925,guy,2015,0.006097
3925,guy,2016,0.01843
3925,hkg,1995,0.760194
3925,hkg,1996,0.593272
3925,hkg,1997,0.59126
3925,hkg,1998,0.518745
3925,hkg,1999,0.648119
3925,hkg,2000,0.422228
3925,hkg,2001,1.514984
3925,hkg,2002,1.31662
3925,hkg,2003,0.787613
3925,hkg,2004,0.38992
3925,hkg,2005,0.598146
3925,hkg,2006,0.537604
3925,hkg,2007,0.370261
3925,hkg,2008,0.354109
3925,hkg,2009,0.243592
3925,hkg,2010,0.214494
3925,hkg,2011,0.212681
3925,hkg,2012,0.233276
3925,hkg,2013,0.115685
3925,hkg,2014,0.11488
3925,hkg,2015,0.215815
3925,hkg,2016,0.176904
3925,hnd,1995,0.022701
3925,hnd,1996,0.043805
3925,hnd,1997,0.107909
3925,hnd,1998,0.058473
3925,hnd,1999,0.018405
3925,hnd,2000,0.021633
3925,hnd,2001,0.009698
3925,hnd,2002,0.093858
3925,hnd,2003,0.09399
3925,hnd,2004,0.12048
3925,hnd,2005,0.044826
3925,hnd,2006,0.028701
3925,hnd,2007,0.110857
3925,hnd,2008,0.021771
3925,hnd,2009,0.101653
3925,hnd,2010,0.293592
3925,hnd,2011,0.02319
3925,hnd,2012,0.071362
3925,hnd,2013,0.047456
3925,hnd,2014,0.10315
3925,hnd,2015,0.121768
3925,hnd,2016,0.137799
3925,hrv,1995,1.264232
3925,hrv,1996,0.796582
3925,hrv,1997,0.682869
3925,hrv,1998,0.591574
3925,hrv,1999,0.698341
3925,hrv,2000,0.874546
3925,hrv,2001,0.786907
3925,hrv,2002,1.308049
3925,hrv,2003,1.341383
3925,hrv,2004,1.284769
3925,hrv,2005,1.29507
3925,hrv,2006,1.524747
3925,hrv,2007,1.567956
3925,hrv,2008,2.119907
3925,hrv,2009,2.236026
3925,hrv,2010,2.329416
3925,hrv,2011,2.458023
3925,hrv,2012,2.528335
3925,hrv,2013,2.730617
3925,hrv,2014,2.466919
3925,hrv,2015,2.573311
3925,hrv,2016,2.391238
3925,hti,1995,0
3925,hti,1996,0
3925,hti,1997,0
3925,hti,1998,0
3925,hti,1999,0
3925,hti,2000,0.000771
3925,hti,2001,0
3925,hti,2002,0
3925,hti,2003,0
3925,hti,2004,0
3925,hti,2005,0
3925,hti,2006,0
3925,hti,2007,0
3925,hti,2008,0.00226
3925,hti,2009,0
3925,hti,2010,0
3925,hti,2011,0.178108
3925,hti,2012,0
3925,hti,2013,0
3925,hti,2014,0
3925,hti,2015,0
3925,hti,2016,0
3925,hun,1995,1.548238
3925,hun,1996,1.62294
3925,hun,1997,1.345783
3925,hun,1998,1.096366
3925,hun,1999,1.177242
3925,hun,2000,1.17538
3925,hun,2001,1.023684
3925,hun,2002,1.131742
3925,hun,2003,1.050082
3925,hun,2004,1.038646
3925,hun,2005,1.18609
3925,hun,2006,1.328164
3925,hun,2007,1.499226
3925,hun,2008,1.530641
3925,hun,2009,1.648049
3925,hun,2010,1.483056
3925,hun,2011,1.739394
3925,hun,2012,1.704922
3925,hun,2013,1.153033
3925,hun,2014,0.991539
3925,hun,2015,1.004979
3925,hun,2016,0.923764
3925,idn,1995,0.466783
3925,idn,1996,0.473341
3925,idn,1997,0.263324
3925,idn,1998,0.188403
3925,idn,1999,0.139552
3925,idn,2000,0.116874
3925,idn,2001,0.14097
3925,idn,2002,0.108041
3925,idn,2003,0.195015
3925,idn,2004,0.104119
3925,idn,2005,0.13449
3925,idn,2006,0.139231
3925,idn,2007,0.038777
3925,idn,2008,0.046739
3925,idn,2009,0.036188
3925,idn,2010,0.045396
3925,idn,2011,0.057846
3925,idn,2012,0.082111
3925,idn,2013,0.110379
3925,idn,2014,0.084744
3925,idn,2015,0.146817
3925,idn,2016,0.127669
3925,ind,1995,0.095482
3925,ind,1996,0.130747
3925,ind,1997,0.190985
3925,ind,1998,0.113746
3925,ind,1999,0.109182
3925,ind,2000,0.186936
3925,ind,2001,0.166631
3925,ind,2002,0.169121
3925,ind,2003,0.151528
3925,ind,2004,0.159326
3925,ind,2005,0.311667
3925,ind,2006,0.189651
3925,ind,2007,0.198678
3925,ind,2008,0.202837
3925,ind,2009,0.259256
3925,ind,2010,0.143934
3925,ind,2011,0.123086
3925,ind,2012,0.129453
3925,ind,2013,0.134163
3925,ind,2014,0.106069
3925,ind,2015,0.071946
3925,ind,2016,0.075338
3925,iot,1995,0
3925,iot,1996,0
3925,iot,1997,0
3925,iot,1998,0
3925,iot,1999,0
3925,iot,2000,0
3925,iot,2001,0
3925,iot,2002,0
3925,iot,2003,0
3925,iot,2004,0
3925,iot,2005,0
3925,iot,2006,0
3925,iot,2007,0
3925,iot,2008,0
3925,iot,2009,1.908116
3925,iot,2010,0
3925,iot,2011,0
3925,iot,2012,0
3925,iot,2013,0
3925,iot,2014,0
3925,iot,2015,0
3925,iot,2016,0
3925,irl,1995,1.166461
3925,irl,1996,1.328589
3925,irl,1997,1.272806
3925,irl,1998,0.987571
3925,irl,1999,0.724603
3925,irl,2000,0.916865
3925,irl,2001,0.894917
3925,irl,2002,0.739851
3925,irl,2003,0.854768
3925,irl,2004,0.928396
3925,irl,2005,0.93388
3925,irl,2006,1.162446
3925,irl,2007,1.134985
3925,irl,2008,0.991091
3925,irl,2009,0.689041
3925,irl,2010,0.897819
3925,irl,2011,0.92484
3925,irl,2012,0.883089
3925,irl,2013,1.058292
3925,irl,2014,1.189858
3925,irl,2015,1.033165
3925,irl,2016,0.912402
3925,irn,1995,0.000736
3925,irn,1996,0.004006
3925,irn,1997,0.005293
3925,irn,1998,0.002759
3925,irn,1999,0.021056
3925,irn,2000,0.016362
3925,irn,2001,0.006458
3925,irn,2002,0.01232
3925,irn,2003,0.009642
3925,irn,2004,0.006754
3925,irn,2005,0.010598
3925,irn,2006,0.01168
3925,irn,2007,0.005973
3925,irn,2008,0.019263
3925,irn,2009,0.007749
3925,irn,2010,0.007738
3925,irn,2011,0.004757
3925,irn,2012,0.016479
3925,irn,2013,0.033471
3925,irn,2014,0.028348
3925,irn,2015,0.016311
3925,irn,2016,0.012067
3925,irq,1995,0.003807
3925,irq,1996,0
3925,irq,1997,0
3925,irq,1998,0
3925,irq,1999,0
3925,irq,2000,0
3925,irq,2001,0
3925,irq,2002,0
3925,irq,2003,0
3925,irq,2004,0.000706
3925,irq,2005,0.001474
3925,irq,2006,0.001201
3925,irq,2007,0.000039
3925,irq,2008,0.001103
3925,irq,2009,0.001166
3925,irq,2010,0.000933
3925,irq,2011,0.000041
3925,irq,2012,0.000548
3925,irq,2013,0.000007
3925,irq,2014,0.001837
3925,irq,2015,0.003771
3925,irq,2016,0.000516
3925,isl,1995,0.30282
3925,isl,1996,0.345331
3925,isl,1997,0.169902
3925,isl,1998,0.585009
3925,isl,1999,0.187546
3925,isl,2000,0.373519
3925,isl,2001,0.359508
3925,isl,2002,0.346676
3925,isl,2003,0.284871
3925,isl,2004,0.262548
3925,isl,2005,0.21941
3925,isl,2006,0.377273
3925,isl,2007,0.358662
3925,isl,2008,0.337939
3925,isl,2009,0.539002
3925,isl,2010,0.718436
3925,isl,2011,0.084437
3925,isl,2012,0.151704
3925,isl,2013,0.275181
3925,isl,2014,0.108435
3925,isl,2015,0.073972
3925,isl,2016,0.102245
3925,isr,1995,1.461154
3925,isr,1996,1.414391
3925,isr,1997,1.278788
3925,isr,1998,1.188949
3925,isr,1999,0.845658
3925,isr,2000,0.977003
3925,isr,2001,1.067636
3925,isr,2002,0.881689
3925,isr,2003,1.021157
3925,isr,2004,1.05607
3925,isr,2005,1.166381
3925,isr,2006,1.169149
3925,isr,2007,1.179917
3925,isr,2008,1.234379
3925,isr,2009,1.11902
3925,isr,2010,0.98584
3925,isr,2011,1.195117
3925,isr,2012,1.196218
3925,isr,2013,1.05233
3925,isr,2014,1.091613
3925,isr,2015,1.142367
3925,isr,2016,1.106983
3925,ita,1995,1.781295
3925,ita,1996,1.694692
3925,ita,1997,1.595925
3925,ita,1998,1.532208
3925,ita,1999,1.357328
3925,ita,2000,1.364528
3925,ita,2001,1.243551
3925,ita,2002,1.240092
3925,ita,2003,1.196068
3925,ita,2004,1.242667
3925,ita,2005,1.286677
3925,ita,2006,1.20675
3925,ita,2007,1.137679
3925,ita,2008,1.132522
3925,ita,2009,1.087648
3925,ita,2010,1.278122
3925,ita,2011,1.218257
3925,ita,2012,1.210502
3925,ita,2013,1.208203
3925,ita,2014,1.152963
3925,ita,2015,1.152676
3925,ita,2016,1.23289
3925,jam,1995,0.049032
3925,jam,1996,0.004464
3925,jam,1997,0.009761
3925,jam,1998,0.01713
3925,jam,1999,0.00106
3925,jam,2000,0.005794
3925,jam,2001,0.012186
3925,jam,2002,0.020891
3925,jam,2003,0.008571
3925,jam,2004,0.024128
3925,jam,2005,0.061927
3925,jam,2006,0.012163
3925,jam,2007,0.049161
3925,jam,2008,0.076288
3925,jam,2009,0.23865
3925,jam,2010,0.331188
3925,jam,2011,0.501357
3925,jam,2012,0.196637
3925,jam,2013,0.594372
3925,jam,2014,0.649143
3925,jam,2015,0.578331
3925,jam,2016,1.502713
3925,jor,1995,0.184068
3925,jor,1996,0.056093
3925,jor,1997,0.157491
3925,jor,1998,0.167528
3925,jor,1999,0.160377
3925,jor,2000,0.0766
3925,jor,2001,0.068465
3925,jor,2002,0.158835
3925,jor,2003,0.525895
3925,jor,2004,1.010247
3925,jor,2005,1.059919
3925,jor,2006,1.208789
3925,jor,2007,1.621382
3925,jor,2008,1.956497
3925,jor,2009,1.799754
3925,jor,2010,1.557849
3925,jor,2011,1.337138
3925,jor,2012,1.790532
3925,jor,2013,2.87961
3925,jor,2014,3.808053
3925,jor,2015,1.602064
3925,jor,2016,2.193972
3925,jpn,1995,0.162822
3925,jpn,1996,0.14359
3925,jpn,1997,0.152143
3925,jpn,1998,0.131531
3925,jpn,1999,0.132748
3925,jpn,2000,0.109424
3925,jpn,2001,0.104977
3925,jpn,2002,0.084782
3925,jpn,2003,0.089182
3925,jpn,2004,0.098343
3925,jpn,2005,0.085059
3925,jpn,2006,0.104876
3925,jpn,2007,0.105896
3925,jpn,2008,0.104206
3925,jpn,2009,0.117299
3925,jpn,2010,0.118948
3925,jpn,2011,0.141335
3925,jpn,2012,0.142658
3925,jpn,2013,0.147877
3925,jpn,2014,0.11514
3925,jpn,2015,0.114227
3925,jpn,2016,0.115238
3925,kaz,1995,0
3925,kaz,1996,0.516322
3925,kaz,1997,0.375541
3925,kaz,1998,0.326542
3925,kaz,1999,0.005602
3925,kaz,2000,0
3925,kaz,2001,0.008373
3925,kaz,2002,0.00254
3925,kaz,2003,0.005925
3925,kaz,2004,0.002869
3925,kaz,2005,0.004702
3925,kaz,2006,0.000691
3925,kaz,2007,0.009337
3925,kaz,2008,0.024064
3925,kaz,2009,0.014748
3925,kaz,2010,0.00611
3925,kaz,2011,0.005908
3925,kaz,2012,0.471292
3925,kaz,2013,0.038195
3925,kaz,2014,0.090802
3925,kaz,2015,0.044325
3925,kaz,2016,0.096973
3925,ken,1995,0.024972
3925,ken,1996,0.026634
3925,ken,1997,0.149152
3925,ken,1998,0.109465
3925,ken,1999,0.084149
3925,ken,2000,0.223839
3925,ken,2001,0.115089
3925,ken,2002,0.106963
3925,ken,2003,0.24286
3925,ken,2004,0.823908
3925,ken,2005,0.342274
3925,ken,2006,0.395458
3925,ken,2007,0.379317
3925,ken,2008,0.24519
3925,ken,2009,0.215651
3925,ken,2010,0.366787
3925,ken,2011,0.178786
3925,ken,2012,0.130476
3925,ken,2013,0.802379
3925,ken,2014,0.150086
3925,ken,2015,0.082971
3925,ken,2016,0.265093
3925,kgz,1995,0.182785
3925,kgz,1996,0
3925,kgz,1997,0
3925,kgz,1998,0
3925,kgz,1999,1.868267
3925,kgz,2000,0.053328
3925,kgz,2001,0.761985
3925,kgz,2002,0.028599
3925,kgz,2003,0.012842
3925,kgz,2004,0.103604
3925,kgz,2005,0.016563
3925,kgz,2006,0.090834
3925,kgz,2007,0.030937
3925,kgz,2008,0.053204
3925,kgz,2009,0.064668
3925,kgz,2010,0.084561
3925,kgz,2011,0.011295
3925,kgz,2012,0.038233
3925,kgz,2013,0.811998
3925,kgz,2014,1.730962
3925,kgz,2015,1.119412
3925,kgz,2016,0.951273
3925,khm,1995,0
3925,khm,1996,0
3925,khm,1997,0
3925,khm,1998,0
3925,khm,1999,0
3925,khm,2000,0.015775
3925,khm,2001,0
3925,khm,2002,0.000952
3925,khm,2003,0
3925,khm,2004,0.000089
3925,khm,2005,0.014015
3925,khm,2006,0.000411
3925,khm,2007,0.002902
3925,khm,2008,0.005304
3925,khm,2009,0.001774
3925,khm,2010,0.053491
3925,khm,2011,0
3925,khm,2012,0.000437
3925,khm,2013,0
3925,khm,2014,0.492804
3925,khm,2015,4.553634
3925,khm,2016,6.552911
3925,kir,1995,0
3925,kir,1996,0
3925,kir,1997,0
3925,kir,1998,0.481654
3925,kir,1999,0
3925,kir,2000,0
3925,kir,2001,0.027444
3925,kir,2002,0
3925,kir,2003,0
3925,kir,2004,0
3925,kir,2005,0
3925,kir,2006,0
3925,kir,2007,0
3925,kir,2008,0
3925,kir,2009,0
3925,kir,2010,0
3925,kir,2011,0
3925,kir,2012,0
3925,kir,2013,0
3925,kir,2014,0
3925,kir,2015,0
3925,kir,2016,0
3925,kna,1995,0
3925,kna,1996,0
3925,kna,1997,0
3925,kna,1998,0
3925,kna,1999,0
3925,kna,2000,0.155485
3925,kna,2001,0
3925,kna,2002,0.529435
3925,kna,2003,0.092651
3925,kna,2004,0.052342
3925,kna,2005,0.160225
3925,kna,2006,0
3925,kna,2007,3.425992
3925,kna,2008,7.677476
3925,kna,2009,3.035402
3925,kna,2010,10.523439
3925,kna,2011,7.039755
3925,kna,2012,15.82584
3925,kna,2013,10.840877
3925,kna,2014,9.243652
3925,kna,2015,18.269571
3925,kna,2016,8.724213
3925,kor,1995,0.097573
3925,kor,1996,0.103145
3925,kor,1997,0.143349
3925,kor,1998,0.135685
3925,kor,1999,0.154974
3925,kor,2000,0.178739
3925,kor,2001,0.193498
3925,kor,2002,0.23669
3925,kor,2003,0.243044
3925,kor,2004,0.269678
3925,kor,2005,0.255512
3925,kor,2006,0.220508
3925,kor,2007,0.237679
3925,kor,2008,0.229273
3925,kor,2009,0.1859
3925,kor,2010,0.207293
3925,kor,2011,0.232738
3925,kor,2012,0.223352
3925,kor,2013,0.265671
3925,kor,2014,0.251517
3925,kor,2015,0.274517
3925,kor,2016,0.254491
3925,kwt,1995,0
3925,kwt,1996,0.000768
3925,kwt,1997,0.002549
3925,kwt,1998,0.003335
3925,kwt,1999,0.002669
3925,kwt,2000,0.015697
3925,kwt,2001,0.028122
3925,kwt,2002,0.047123
3925,kwt,2003,0.016458
3925,kwt,2004,0.006396
3925,kwt,2005,0.002449
3925,kwt,2006,0.005396
3925,kwt,2007,0.006876
3925,kwt,2008,0.006128
3925,kwt,2009,0.015374
3925,kwt,2010,0.011346
3925,kwt,2011,0.003493
3925,kwt,2012,0.006694
3925,kwt,2013,0.005312
3925,kwt,2014,0.036849
3925,kwt,2015,0.003384
3925,kwt,2016,0.001015
3925,lao,1995,0
3925,lao,1996,0
3925,lao,1997,0.052441
3925,lao,1998,0
3925,lao,1999,0
3925,lao,2000,0
3925,lao,2001,0.00464
3925,lao,2002,0.007783
3925,lao,2003,0.004397
3925,lao,2004,0
3925,lao,2005,0.013783
3925,lao,2006,0
3925,lao,2007,0.004957
3925,lao,2008,0.052952
3925,lao,2009,0.010221
3925,lao,2010,0.0023
3925,lao,2011,0.001825
3925,lao,2012,0.002117
3925,lao,2013,0.034578
3925,lao,2014,0.003396
3925,lao,2015,0.000959
3925,lao,2016,0
3925,lbn,1995,0.1155
3925,lbn,1996,0.036439
3925,lbn,1997,1.424768
3925,lbn,1998,0.271492
3925,lbn,1999,0.290475
3925,lbn,2000,0.490496
3925,lbn,2001,0.554817
3925,lbn,2002,0.485178
3925,lbn,2003,1.021514
3925,lbn,2004,1.095783
3925,lbn,2005,1.754738
3925,lbn,2006,1.199383
3925,lbn,2007,1.59929
3925,lbn,2008,2.109891
3925,lbn,2009,1.467503
3925,lbn,2010,1.173747
3925,lbn,2011,0.903019
3925,lbn,2012,0.798049
3925,lbn,2013,0.463506
3925,lbn,2014,0.498717
3925,lbn,2015,0.535311
3925,lbn,2016,0.515193
3925,lbr,1995,0
3925,lbr,1996,0
3925,lbr,1997,0
3925,lbr,1998,0
3925,lbr,1999,0.157689
3925,lbr,2000,0
3925,lbr,2001,0
3925,lbr,2002,0
3925,lbr,2003,0
3925,lbr,2004,0
3925,lbr,2005,0
3925,lbr,2006,0.001008
3925,lbr,2007,0.018952
3925,lbr,2008,0
3925,lbr,2009,0.103975
3925,lbr,2010,0
3925,lbr,2011,0
3925,lbr,2012,0.001363
3925,lbr,2013,0.009292
3925,lbr,2014,0.003527
3925,lbr,2015,0.073953
3925,lbr,2016,0.002475
3925,lby,1995,0
3925,lby,1996,0
3925,lby,1997,0
3925,lby,1998,0
3925,lby,1999,0
3925,lby,2000,0
3925,lby,2001,0
3925,lby,2002,0.005014
3925,lby,2003,0.00074
3925,lby,2004,0.000699
3925,lby,2005,0.001194
3925,lby,2006,0.002386
3925,lby,2007,0.001309
3925,lby,2008,0.00147
3925,lby,2009,0.001189
3925,lby,2010,0.000757
3925,lby,2011,0.005924
3925,lby,2012,0.000413
3925,lby,2013,0.000045
3925,lby,2014,0.000935
3925,lby,2015,0.028885
3925,lby,2016,0
3925,lca,1995,0.042729
3925,lca,1996,0.0151
3925,lca,1997,0
3925,lca,1998,0
3925,lca,1999,0.009532
3925,lca,2000,0
3925,lca,2001,0.004083
3925,lca,2002,0.050855
3925,lca,2003,0.026245
3925,lca,2004,0.037427
3925,lca,2005,0.0152
3925,lca,2006,0.011827
3925,lca,2007,0.217833
3925,lca,2008,0
3925,lca,2009,0.020832
3925,lca,2010,0.167972
3925,lca,2011,0.003293
3925,lca,2012,0.004649
3925,lca,2013,0
3925,lca,2014,0
3925,lca,2015,0.052026
3925,lca,2016,0
3925,lka,1995,0.005566
3925,lka,1996,0.17992
3925,lka,1997,0.166023
3925,lka,1998,0.203165
3925,lka,1999,0.200337
3925,lka,2000,0.4227
3925,lka,2001,0.167092
3925,lka,2002,0.042616
3925,lka,2003,0.01802
3925,lka,2004,0.047533
3925,lka,2005,0.016276
3925,lka,2006,0.010717
3925,lka,2007,0.020879
3925,lka,2008,0.063587
3925,lka,2009,0.039687
3925,lka,2010,0.133112
3925,lka,2011,0.021168
3925,lka,2012,0.037824
3925,lka,2013,0.040654
3925,lka,2014,0.036881
3925,lka,2015,0.029845
3925,lka,2016,0.034783
3925,ltu,1995,1.035372
3925,ltu,1996,1.593273
3925,ltu,1997,1.57743
3925,ltu,1998,1.321031
3925,ltu,1999,1.085941
3925,ltu,2000,1.113987
3925,ltu,2001,0.975761
3925,ltu,2002,0.990815
3925,ltu,2003,0.913958
3925,ltu,2004,0.945844
3925,ltu,2005,1.113326
3925,ltu,2006,1.628591
3925,ltu,2007,1.999512
3925,ltu,2008,1.481272
3925,ltu,2009,1.447322
3925,ltu,2010,2.387921
3925,ltu,2011,2.353258
3925,ltu,2012,2.251217
3925,ltu,2013,2.382243
3925,ltu,2014,2.258792
3925,ltu,2015,2.282942
3925,ltu,2016,2.261163
3925,lva,1995,0.503208
3925,lva,1996,0.717477
3925,lva,1997,0.524976
3925,lva,1998,0.513662
3925,lva,1999,0.789876
3925,lva,2000,0.745703
3925,lva,2001,1.035026
3925,lva,2002,1.343096
3925,lva,2003,1.662544
3925,lva,2004,1.2758
3925,lva,2005,2.0328
3925,lva,2006,2.147569
3925,lva,2007,2.421186
3925,lva,2008,1.927896
3925,lva,2009,2.04715
3925,lva,2010,2.861752
3925,lva,2011,2.011292
3925,lva,2012,2.475438
3925,lva,2013,2.011486
3925,lva,2014,1.844794
3925,lva,2015,1.68033
3925,lva,2016,1.825468
3925,mac,1995,0.329703
3925,mac,1996,0.015663
3925,mac,1997,0.408841
3925,mac,1998,0.160518
3925,mac,1999,0.001995
3925,mac,2000,0.005392
3925,mac,2001,0
3925,mac,2002,0.001009
3925,mac,2003,0.006233
3925,mac,2004,0.003445
3925,mac,2005,0.139548
3925,mac,2006,0.04049
3925,mac,2007,0.248032
3925,mac,2008,0.066934
3925,mac,2009,0.109166
3925,mac,2010,0.837649
3925,mac,2011,0.044061
3925,mac,2012,0.074459
3925,mac,2013,0.100694
3925,mac,2014,0.207191
3925,mac,2015,0.234217
3925,mac,2016,0.142993
3925,mar,1995,0.001352
3925,mar,1996,0.013125
3925,mar,1997,0.006811
3925,mar,1998,0.039105
3925,mar,1999,0.005098
3925,mar,2000,0.076739
3925,mar,2001,0.17397
3925,mar,2002,0.171284
3925,mar,2003,0.210855
3925,mar,2004,0.290629
3925,mar,2005,0.072923
3925,mar,2006,0.074536
3925,mar,2007,0.070966
3925,mar,2008,0.055801
3925,mar,2009,0.058469
3925,mar,2010,0.107082
3925,mar,2011,0.087039
3925,mar,2012,0.042156
3925,mar,2013,0.04198
3925,mar,2014,0.021137
3925,mar,2015,0.058748
3925,mar,2016,0.044941
3925,mda,1995,0.097365
3925,mda,1996,0.214622
3925,mda,1997,0.842131
3925,mda,1998,0.065634
3925,mda,1999,0.048975
3925,mda,2000,0.075494
3925,mda,2001,0.065528
3925,mda,2002,0.10879
3925,mda,2003,0.135263
3925,mda,2004,1.588067
3925,mda,2005,0.790841
3925,mda,2006,0.459101
3925,mda,2007,1.459065
3925,mda,2008,1.739119
3925,mda,2009,1.496785
3925,mda,2010,1.418788
3925,mda,2011,1.114241
3925,mda,2012,0.426723
3925,mda,2013,0.478306
3925,mda,2014,0.151314
3925,mda,2015,0.573188
3925,mda,2016,0.433798
3925,mdg,1995,0
3925,mdg,1996,0
3925,mdg,1997,0.005145
3925,mdg,1998,0
3925,mdg,1999,0
3925,mdg,2000,0
3925,mdg,2001,0.002068
3925,mdg,2002,0.004954
3925,mdg,2003,0
3925,mdg,2004,0.01945
3925,mdg,2005,0.027305
3925,mdg,2006,0.003379
3925,mdg,2007,0.006028
3925,mdg,2008,0.003391
3925,mdg,2009,0.006632
3925,mdg,2010,0
3925,mdg,2011,0.003318
3925,mdg,2012,0.006774
3925,mdg,2013,0.01564
3925,mdg,2014,0.004786
3925,mdg,2015,0.002316
3925,mdg,2016,0.015416
3925,mdv,1995,0
3925,mdv,1996,0
3925,mdv,1997,0
3925,mdv,1998,0
3925,mdv,1999,0
3925,mdv,2000,0
3925,mdv,2001,0.004132
3925,mdv,2002,0.007151
3925,mdv,2003,0
3925,mdv,2004,0.006945
3925,mdv,2005,0.049292
3925,mdv,2006,0
3925,mdv,2007,0.040529
3925,mdv,2008,0.00173
3925,mdv,2009,0.06716
3925,mdv,2010,0.012103
3925,mdv,2011,0.02401
3925,mdv,2012,0
3925,mdv,2013,0
3925,mdv,2014,0.04698
3925,mdv,2015,0
3925,mdv,2016,0.001344
3925,mex,1995,0.692461
3925,mex,1996,0.684194
3925,mex,1997,0.461233
3925,mex,1998,0.396942
3925,mex,1999,0.288256
3925,mex,2000,0.374322
3925,mex,2001,0.435177
3925,mex,2002,0.453177
3925,mex,2003,0.695372
3925,mex,2004,0.923654
3925,mex,2005,1.118738
3925,mex,2006,1.158681
3925,mex,2007,1.00457
3925,mex,2008,1.066308
3925,mex,2009,1.018837
3925,mex,2010,0.788326
3925,mex,2011,0.77363
3925,mex,2012,0.866451
3925,mex,2013,1.007317
3925,mex,2014,1.02097
3925,mex,2015,1.161946
3925,mex,2016,1.128474
3925,mhl,1995,0
3925,mhl,1996,0
3925,mhl,1997,0
3925,mhl,1998,0
3925,mhl,1999,0
3925,mhl,2000,0
3925,mhl,2001,0.017376
3925,mhl,2002,0
3925,mhl,2003,0.012992
3925,mhl,2004,0
3925,mhl,2005,0
3925,mhl,2006,0
3925,mhl,2007,0
3925,mhl,2008,0
3925,mhl,2009,0.018224
3925,mhl,2010,0.003017
3925,mhl,2011,0.023537
3925,mhl,2012,0.012053
3925,mhl,2013,0.119746
3925,mhl,2014,0
3925,mhl,2015,0
3925,mhl,2016,0.00574
3925,mkd,1995,0.63115
3925,mkd,1996,1.036346
3925,mkd,1997,1.154129
3925,mkd,1998,0.221007
3925,mkd,1999,0.354937
3925,mkd,2000,0.736811
3925,mkd,2001,0.604931
3925,mkd,2002,0.775746
3925,mkd,2003,0.416638
3925,mkd,2004,0.419136
3925,mkd,2005,0.233451
3925,mkd,2006,0.597059
3925,mkd,2007,0.385175
3925,mkd,2008,0.529168
3925,mkd,2009,1.182794
3925,mkd,2010,1.191083
3925,mkd,2011,1.410324
3925,mkd,2012,3.046678
3925,mkd,2013,3.400147
3925,mkd,2014,2.481858
3925,mkd,2015,2.530952
3925,mkd,2016,2.491286
3925,mli,1995,0
3925,mli,1996,0
3925,mli,1997,0
3925,mli,1998,0.030767
3925,mli,1999,0.033062
3925,mli,2000,0.027916
3925,mli,2001,0.026085
3925,mli,2002,0.002101
3925,mli,2003,0.00085
3925,mli,2004,0
3925,mli,2005,0.061742
3925,mli,2006,0
3925,mli,2007,0.070036
3925,mli,2008,0.008098
3925,mli,2009,0.019206
3925,mli,2010,0.029903
3925,mli,2011,0.007955
3925,mli,2012,0.010654
3925,mli,2013,0.005649
3925,mli,2014,0
3925,mli,2015,0.008202
3925,mli,2016,0.007572
3925,mlt,1995,0.066095
3925,mlt,1996,0.085001
3925,mlt,1997,0.101344
3925,mlt,1998,0.073618
3925,mlt,1999,0.120051
3925,mlt,2000,0.187857
3925,mlt,2001,0.163385
3925,mlt,2002,0.117503
3925,mlt,2003,0.386412
3925,mlt,2004,1.382049
3925,mlt,2005,0.135144
3925,mlt,2006,0.148286
3925,mlt,2007,0.063445
3925,mlt,2008,0.06507
3925,mlt,2009,0.018369
3925,mlt,2010,0.003736
3925,mlt,2011,0.034594
3925,mlt,2012,0.006119
3925,mlt,2013,0.050094
3925,mlt,2014,0.021014
3925,mlt,2015,0.46502
3925,mlt,2016,0.470023
3925,mmr,1995,0.000735
3925,mmr,1996,0.005118
3925,mmr,1997,0
3925,mmr,1998,0.004106
3925,mmr,1999,0
3925,mmr,2000,0
3925,mmr,2001,0
3925,mmr,2002,0
3925,mmr,2003,0.010314
3925,mmr,2004,0.001983
3925,mmr,2005,0.000984
3925,mmr,2006,0
3925,mmr,2007,0
3925,mmr,2008,0.002666
3925,mmr,2009,0.000528
3925,mmr,2010,0
3925,mmr,2011,0.012979
3925,mmr,2012,0
3925,mmr,2013,0
3925,mmr,2014,0.00126
3925,mmr,2015,0.012666
3925,mmr,2016,0.073065
3925,mng,1995,0
3925,mng,1996,0
3925,mng,1997,0
3925,mng,1998,0
3925,mng,1999,0
3925,mng,2000,0
3925,mng,2001,0
3925,mng,2002,0
3925,mng,2003,0
3925,mng,2004,0.005229
3925,mng,2005,0.001333
3925,mng,2006,0.000603
3925,mng,2007,0.003073
3925,mng,2008,0
3925,mng,2009,0.010718
3925,mng,2010,0
3925,mng,2011,0
3925,mng,2012,0
3925,mng,2013,0.001231
3925,mng,2014,0.003129
3925,mng,2015,0.003667
3925,mng,2016,0
3925,mnp,1995,0
3925,mnp,1996,0
3925,mnp,1997,0
3925,mnp,1998,0
3925,mnp,1999,0
3925,mnp,2000,0
3925,mnp,2001,0
3925,mnp,2002,0
3925,mnp,2003,0
3925,mnp,2004,0
3925,mnp,2005,0
3925,mnp,2006,0
3925,mnp,2007,0
3925,mnp,2008,0
3925,mnp,2009,0
3925,mnp,2010,0.061028
3925,mnp,2011,0.418429
3925,mnp,2012,0.050953
3925,mnp,2013,7.783759
3925,mnp,2014,0
3925,mnp,2015,0.364726
3925,mnp,2016,2.19458
3925,moz,1995,0
3925,moz,1996,0
3925,moz,1997,0
3925,moz,1998,0.006153
3925,moz,1999,0.198084
3925,moz,2000,0.137718
3925,moz,2001,0.006474
3925,moz,2002,0
3925,moz,2003,0.009914
3925,moz,2004,0.001814
3925,moz,2005,0.140454
3925,moz,2006,0.000309
3925,moz,2007,0.001815
3925,moz,2008,0.001584
3925,moz,2009,0.038949
3925,moz,2010,0.048616
3925,moz,2011,0.020234
3925,moz,2012,0.038654
3925,moz,2013,0.016445
3925,moz,2014,0.032591
3925,moz,2015,0.049069
3925,moz,2016,0.005795
3925,mrt,1995,0
3925,mrt,1996,0
3925,mrt,1997,0
3925,mrt,1998,0
3925,mrt,1999,0
3925,mrt,2000,0
3925,mrt,2001,0
3925,mrt,2002,0
3925,mrt,2003,0
3925,mrt,2004,0
3925,mrt,2005,0
3925,mrt,2006,0
3925,mrt,2007,0.002157
3925,mrt,2008,0.00237
3925,mrt,2009,0.000305
3925,mrt,2010,0
3925,mrt,2011,0.001628
3925,mrt,2012,0
3925,mrt,2013,0
3925,mrt,2014,0
3925,mrt,2015,0.018821
3925,mrt,2016,0.007855
3925,msr,1995,0
3925,msr,1996,0
3925,msr,1997,0
3925,msr,1998,0
3925,msr,1999,0.199743
3925,msr,2000,0
3925,msr,2001,0
3925,msr,2002,0
3925,msr,2003,0
3925,msr,2004,0
3925,msr,2005,0
3925,msr,2006,0
3925,msr,2007,0
3925,msr,2008,0
3925,msr,2009,0
3925,msr,2010,0
3925,msr,2011,0
3925,msr,2012,0
3925,msr,2013,0
3925,msr,2014,0
3925,msr,2015,0
3925,msr,2016,0
3925,mtq,1995,0.039139
3925,mus,1995,0.017682
3925,mus,1996,0.004313
3925,mus,1997,0.069287
3925,mus,1998,0.114792
3925,mus,1999,0.211825
3925,mus,2000,0.110475
3925,mus,2001,0.360055
3925,mus,2002,0.651065
3925,mus,2003,0.603209
3925,mus,2004,1.145027
3925,mus,2005,0.741502
3925,mus,2006,0.619678
3925,mus,2007,0.419762
3925,mus,2008,0.438819
3925,mus,2009,0.336116
3925,mus,2010,0.414675
3925,mus,2011,0.431518
3925,mus,2012,0.701331
3925,mus,2013,0.235693
3925,mus,2014,0.278794
3925,mus,2015,0.157924
3925,mus,2016,0.22754
3925,mwi,1995,0.013706
3925,mwi,1996,0
3925,mwi,1997,0.003274
3925,mwi,1998,0.001882
3925,mwi,1999,0.003186
3925,mwi,2000,0.000948
3925,mwi,2001,0.004609
3925,mwi,2002,0.001871
3925,mwi,2003,0.008306
3925,mwi,2004,0.009604
3925,mwi,2005,0.011691
3925,mwi,2006,0.000907
3925,mwi,2007,0.019091
3925,mwi,2008,0.004034
3925,mwi,2009,0.097385
3925,mwi,2010,0.018789
3925,mwi,2011,0.251856
3925,mwi,2012,0.035439
3925,mwi,2013,0.137312
3925,mwi,2014,0.069296
3925,mwi,2015,5.279427
3925,mwi,2016,0.031451
3925,mys,1995,0.090354
3925,mys,1996,0.12209
3925,mys,1997,0.167965
3925,mys,1998,0.175941
3925,mys,1999,0.151639
3925,mys,2000,0.192443
3925,mys,2001,0.193039
3925,mys,2002,0.220274
3925,mys,2003,0.263887
3925,mys,2004,0.258172
3925,mys,2005,0.28309
3925,mys,2006,0.302925
3925,mys,2007,0.303646
3925,mys,2008,0.384323
3925,mys,2009,0.394929
3925,mys,2010,0.355108
3925,mys,2011,0.339026
3925,mys,2012,0.348816
3925,mys,2013,0.418747
3925,mys,2014,0.411033
3925,mys,2015,0.460759
3925,mys,2016,0.419279
3925,ncl,1995,0.618042
3925,ncl,1996,0.006891
3925,ncl,1997,0
3925,ncl,1998,0
3925,ncl,1999,0
3925,ncl,2000,0.053778
3925,ncl,2001,0.059803
3925,ncl,2002,0.034216
3925,ncl,2003,0.019749
3925,ncl,2004,0.122673
3925,ncl,2005,0.127436
3925,ncl,2006,0.104526
3925,ncl,2007,0.022158
3925,ncl,2008,0.003119
3925,ncl,2009,0.077173
3925,ncl,2010,0.023101
3925,ncl,2011,0.037369
3925,ncl,2012,0.025917
3925,ncl,2013,0.037027
3925,ncl,2014,0
3925,ncl,2015,0.036884
3925,ncl,2016,0
3925,ner,1995,0.274816
3925,ner,1996,0
3925,ner,1997,0
3925,ner,1998,0
3925,ner,1999,0
3925,ner,2000,0
3925,ner,2001,0
3925,ner,2002,0.001846
3925,ner,2003,0.18714
3925,ner,2004,0
3925,ner,2005,0.025929
3925,ner,2006,0
3925,ner,2007,0.20932
3925,ner,2008,0.015435
3925,ner,2009,0.006259
3925,ner,2010,0.0405
3925,ner,2011,0.015958
3925,ner,2012,0.008227
3925,ner,2013,0.000832
3925,ner,2014,0.006204
3925,ner,2015,0.001998
3925,ner,2016,0
3925,nfk,1995,0
3925,nfk,1996,0
3925,nfk,1997,0
3925,nfk,1998,0
3925,nfk,1999,0
3925,nfk,2000,0
3925,nfk,2001,0
3925,nfk,2002,0
3925,nfk,2003,0
3925,nfk,2004,0
3925,nfk,2005,0
3925,nfk,2006,0
3925,nfk,2007,0
3925,nfk,2008,0
3925,nfk,2009,0
3925,nfk,2010,0
3925,nfk,2011,0
3925,nfk,2012,0
3925,nfk,2013,0
3925,nfk,2014,0
3925,nfk,2015,0
3925,nfk,2016,0
3925,nga,1995,0.001468
3925,nga,1996,0.007523
3925,nga,1997,0.000276
3925,nga,1998,0.289865
3925,nga,1999,0.001253
3925,nga,2000,0.000096
3925,nga,2001,0.000532
3925,nga,2002,0.000891
3925,nga,2003,0.00021
3925,nga,2004,0.000222
3925,nga,2005,0.00924
3925,nga,2006,0.000214
3925,nga,2007,0.000411
3925,nga,2008,0.004507
3925,nga,2009,0.000144
3925,nga,2010,0.002634
3925,nga,2011,0.021594
3925,nga,2012,0.001201
3925,nga,2013,0.001746
3925,nga,2014,0.001375
3925,nga,2015,0.007544
3925,nga,2016,0.009226
3925,nic,1995,0
3925,nic,1996,0.00713
3925,nic,1997,0.014339
3925,nic,1998,0.006295
3925,nic,1999,0.067699
3925,nic,2000,0.173225
3925,nic,2001,0.027902
3925,nic,2002,0.105345
3925,nic,2003,0.038341
3925,nic,2004,0.05119
3925,nic,2005,0.053317
3925,nic,2006,0.171025
3925,nic,2007,0.562332
3925,nic,2008,0.137814
3925,nic,2009,0.118688
3925,nic,2010,0.127105
3925,nic,2011,0.062952
3925,nic,2012,0.033145
3925,nic,2013,0.076568
3925,nic,2014,0.02965
3925,nic,2015,0.058288
3925,nic,2016,0.045139
3925,niu,1995,0
3925,niu,1996,0
3925,niu,1997,0
3925,niu,1998,0
3925,niu,1999,0
3925,niu,2000,3.319128
3925,niu,2001,0.834862
3925,niu,2002,0
3925,niu,2003,0
3925,niu,2004,0
3925,niu,2005,0
3925,niu,2006,0
3925,niu,2007,0
3925,niu,2008,0
3925,niu,2009,0
3925,niu,2010,0
3925,niu,2011,0
3925,niu,2012,0
3925,niu,2013,0.139493
3925,niu,2014,0
3925,niu,2015,0.919626
3925,niu,2016,0
3925,nld,1995,0.974254
3925,nld,1996,0.938318
3925,nld,1997,1.019196
3925,nld,1998,0.862374
3925,nld,1999,0.884893
3925,nld,2000,0.847834
3925,nld,2001,0.921999
3925,nld,2002,0.979734
3925,nld,2003,0.88714
3925,nld,2004,0.841658
3925,nld,2005,0.833131
3925,nld,2006,0.737295
3925,nld,2007,0.823331
3925,nld,2008,0.818883
3925,nld,2009,0.817567
3925,nld,2010,0.780392
3925,nld,2011,0.899059
3925,nld,2012,0.755625
3925,nld,2013,0.7694
3925,nld,2014,0.774182
3925,nld,2015,0.758199
3925,nld,2016,0.794816
3925,nor,1995,0.277358
3925,nor,1996,0.232026
3925,nor,1997,0.197614
3925,nor,1998,0.313564
3925,nor,1999,0.279951
3925,nor,2000,0.27686
3925,nor,2001,0.392492
3925,nor,2002,0.507476
3925,nor,2003,0.401494
3925,nor,2004,0.458459
3925,nor,2005,0.399057
3925,nor,2006,0.388833
3925,nor,2007,0.397474
3925,nor,2008,0.33845
3925,nor,2009,0.327408
3925,nor,2010,0.785027
3925,nor,2011,0.414535
3925,nor,2012,0.447984
3925,nor,2013,0.44055
3925,nor,2014,0.485976
3925,nor,2015,0.47453
3925,nor,2016,0.529902
3925,npl,1995,0
3925,npl,1996,0
3925,npl,1997,0.118522
3925,npl,1998,0.153944
3925,npl,1999,0.282324
3925,npl,2000,0.421426
3925,npl,2001,0
3925,npl,2002,0.152677
3925,npl,2003,0.077633
3925,npl,2004,0
3925,npl,2005,0.009767
3925,npl,2006,0.071967
3925,npl,2007,0.054098
3925,npl,2008,0.149151
3925,npl,2009,0.021655
3925,npl,2010,0.021643
3925,npl,2011,0.000386
3925,npl,2012,0.004287
3925,npl,2013,0.020155
3925,npl,2014,0.037163
3925,npl,2015,0.056211
3925,npl,2016,0.003314
3925,nru,1995,0
3925,nru,1996,0
3925,nru,1997,0
3925,nru,1998,0
3925,nru,1999,0
3925,nru,2000,0
3925,nru,2001,1.118004
3925,nru,2002,0
3925,nru,2003,0.130109
3925,nru,2004,0
3925,nru,2005,0
3925,nru,2006,0
3925,nru,2007,0
3925,nru,2008,0
3925,nru,2009,0.308976
3925,nru,2010,0
3925,nru,2011,0
3925,nru,2012,0
3925,nru,2013,0.006252
3925,nru,2014,0.13695
3925,nru,2015,0.048157
3925,nru,2016,0
3925,nzl,1995,0.521997
3925,nzl,1996,0.330645
3925,nzl,1997,0.522878
3925,nzl,1998,0.311065
3925,nzl,1999,0.30003
3925,nzl,2000,0.336272
3925,nzl,2001,0.251993
3925,nzl,2002,0.32952
3925,nzl,2003,0.439342
3925,nzl,2004,0.441302
3925,nzl,2005,0.553211
3925,nzl,2006,0.489659
3925,nzl,2007,0.336674
3925,nzl,2008,0.248293
3925,nzl,2009,0.233302
3925,nzl,2010,0.251137
3925,nzl,2011,0.248212
3925,nzl,2012,0.242013
3925,nzl,2013,0.270982
3925,nzl,2014,0.360644
3925,nzl,2015,0.33443
3925,nzl,2016,0.311074
3925,omn,1995,0.763326
3925,omn,1996,0
3925,omn,1997,0
3925,omn,1998,0.010693
3925,omn,1999,0.025018
3925,omn,2000,0.091374
3925,omn,2001,0.017362
3925,omn,2002,0.002514
3925,omn,2003,0.000341
3925,omn,2004,0.104686
3925,omn,2005,0.065399
3925,omn,2006,0.074059
3925,omn,2007,0.17139
3925,omn,2008,0.132759
3925,omn,2009,0.244619
3925,omn,2010,0.095407
3925,omn,2011,0.15595
3925,omn,2012,0.071403
3925,omn,2013,0.094292
3925,omn,2014,0.020996
3925,omn,2015,0.097593
3925,omn,2016,0.069349
3925,pak,1995,0.01735
3925,pak,1996,0.002659
3925,pak,1997,0.000321
3925,pak,1998,0.003913
3925,pak,1999,0.006025
3925,pak,2000,0.009453
3925,pak,2001,0.003377
3925,pak,2002,0.015896
3925,pak,2003,0.127624
3925,pak,2004,0.148965
3925,pak,2005,0.215749
3925,pak,2006,0.123218
3925,pak,2007,0.038401
3925,pak,2008,0.031838
3925,pak,2009,0.043598
3925,pak,2010,0.0396
3925,pak,2011,0.037952
3925,pak,2012,0.074004
3925,pak,2013,0.079333
3925,pak,2014,0.060426
3925,pak,2015,0.017262
3925,pak,2016,0.01597
3925,pan,1995,0.012339
3925,pan,1996,0.062584
3925,pan,1997,0.055805
3925,pan,1998,0.097236
3925,pan,1999,0.272384
3925,pan,2000,0.41373
3925,pan,2001,0.153441
3925,pan,2002,0.225262
3925,pan,2003,0.208662
3925,pan,2004,0.239326
3925,pan,2005,0.172095
3925,pan,2006,0.318219
3925,pan,2007,0.256182
3925,pan,2008,0.2635
3925,pan,2009,0.174971
3925,pan,2010,0.353948
3925,pan,2011,0.45424
3925,pan,2012,0.148158
3925,pan,2013,1.991978
3925,pan,2014,0.1234
3925,pan,2015,0.152691
3925,pan,2016,0.420602
3925,pcn,1995,0
3925,pcn,1996,0
3925,pcn,1997,0
3925,pcn,1998,0
3925,pcn,1999,0
3925,pcn,2000,0
3925,pcn,2001,0
3925,pcn,2002,0
3925,pcn,2003,0
3925,pcn,2004,0
3925,pcn,2005,0
3925,pcn,2006,0
3925,pcn,2007,0.797174
3925,pcn,2008,0
3925,pcn,2009,0
3925,pcn,2010,0.698374
3925,pcn,2011,0
3925,pcn,2012,0.893631
3925,pcn,2013,2.281327
3925,pcn,2014,0
3925,pcn,2015,0
3925,pcn,2016,0
3925,per,1995,0.015779
3925,per,1996,0.001608
3925,per,1997,0.018588
3925,per,1998,0.048017
3925,per,1999,0.01421
3925,per,2000,0.007634
3925,per,2001,0.01921
3925,per,2002,0.031487
3925,per,2003,0.055831
3925,per,2004,0.066671
3925,per,2005,0.014623
3925,per,2006,0.014282
3925,per,2007,0.008493
3925,per,2008,0.007519
3925,per,2009,0.021686
3925,per,2010,0.02315
3925,per,2011,0.081994
3925,per,2012,0.1058
3925,per,2013,0.073633
3925,per,2014,0.086732
3925,per,2015,0.092397
3925,per,2016,0.075924
3925,phl,1995,0.389604
3925,phl,1996,0.297672
3925,phl,1997,0.236627
3925,phl,1998,0.215828
3925,phl,1999,0.248851
3925,phl,2000,0.253177
3925,phl,2001,0.2295
3925,phl,2002,0.427944
3925,phl,2003,0.620938
3925,phl,2004,0.827021
3925,phl,2005,0.846167
3925,phl,2006,0.630133
3925,phl,2007,0.621054
3925,phl,2008,0.619834
3925,phl,2009,0.80997
3925,phl,2010,0.774967
3925,phl,2011,0.866087
3925,phl,2012,0.85261
3925,phl,2013,0.198567
3925,phl,2014,1.053837
3925,phl,2015,0.818944
3925,phl,2016,2.287642
3925,plw,1995,0
3925,plw,1996,0
3925,plw,1997,0
3925,plw,1998,0
3925,plw,1999,0
3925,plw,2000,0
3925,plw,2001,0
3925,plw,2002,0
3925,plw,2003,0
3925,plw,2004,0
3925,plw,2005,0
3925,plw,2006,0
3925,plw,2007,0.016435
3925,plw,2008,0
3925,plw,2009,0
3925,plw,2010,0
3925,plw,2011,0
3925,plw,2012,0
3925,plw,2013,0
3925,plw,2014,0
3925,plw,2015,0
3925,plw,2016,0
3925,png,1995,0
3925,png,1996,0.004934
3925,png,1997,0
3925,png,1998,0
3925,png,1999,0
3925,png,2000,0
3925,png,2001,0
3925,png,2002,0.01308
3925,png,2003,0.005517
3925,png,2004,0.006964
3925,png,2005,0.027739
3925,png,2006,0
3925,png,2007,0.120539
3925,png,2008,0.017208
3925,png,2009,0
3925,png,2010,0.00567
3925,png,2011,0.01759
3925,png,2012,0.006125
3925,png,2013,0
3925,png,2014,0
3925,png,2015,0.000459
3925,png,2016,0.00069
3925,pol,1995,4.796944
3925,pol,1996,5.34533
3925,pol,1997,4.838464
3925,pol,1998,3.991468
3925,pol,1999,3.872577
3925,pol,2000,3.473073
3925,pol,2001,2.946572
3925,pol,2002,3.091401
3925,pol,2003,3.59496
3925,pol,2004,3.552179
3925,pol,2005,4.541463
3925,pol,2006,5.477753
3925,pol,2007,6.210464
3925,pol,2008,6.771621
3925,pol,2009,6.256796
3925,pol,2010,6.876929
3925,pol,2011,7.645028
3925,pol,2012,7.534114
3925,pol,2013,7.142233
3925,pol,2014,6.842526
3925,pol,2015,6.692661
3925,pol,2016,6.434777
3925,prk,1995,0.027214
3925,prk,1996,0.039993
3925,prk,1997,0.0485
3925,prk,1998,0.016302
3925,prk,1999,0.023967
3925,prk,2000,0.337477
3925,prk,2001,0.071423
3925,prk,2002,0.039034
3925,prk,2003,0.002001
3925,prk,2004,0.06925
3925,prk,2005,0.022587
3925,prk,2006,0.097191
3925,prk,2007,0.009035
3925,prk,2008,0.29524
3925,prk,2009,0.176047
3925,prk,2010,0.051597
3925,prk,2011,0.047898
3925,prk,2012,0.003458
3925,prk,2013,0.08522
3925,prk,2014,0.061136
3925,prk,2015,0.048834
3925,prk,2016,0.012891
3925,prt,1995,0.586466
3925,prt,1996,0.627865
3925,prt,1997,0.541327
3925,prt,1998,0.356645
3925,prt,1999,0.347322
3925,prt,2000,0.334363
3925,prt,2001,0.372003
3925,prt,2002,0.33016
3925,prt,2003,0.378478
3925,prt,2004,0.470283
3925,prt,2005,0.632706
3925,prt,2006,0.874088
3925,prt,2007,0.901913
3925,prt,2008,0.828472
3925,prt,2009,0.898274
3925,prt,2010,1.127232
3925,prt,2011,1.112601
3925,prt,2012,1.394799
3925,prt,2013,1.199778
3925,prt,2014,1.197798
3925,prt,2015,1.091864
3925,prt,2016,1.029738
3925,pry,1995,0
3925,pry,1996,0
3925,pry,1997,0.001495
3925,pry,1998,0.007868
3925,pry,1999,0
3925,pry,2000,0.008382
3925,pry,2001,0.009154
3925,pry,2002,0.008795
3925,pry,2003,0.001257
3925,pry,2004,0.001595
3925,pry,2005,0.109427
3925,pry,2006,0.001867
3925,pry,2007,0.000609
3925,pry,2008,0
3925,pry,2009,0.000284
3925,pry,2010,0.001619
3925,pry,2011,0.008857
3925,pry,2012,0.009404
3925,pry,2013,0.003924
3925,pry,2014,0.022074
3925,pry,2015,0.00808
3925,pry,2016,0.017957
3925,pyf,1995,0
3925,pyf,1996,0
3925,pyf,1997,0
3925,pyf,1998,0
3925,pyf,1999,0.135371
3925,pyf,2000,0.017359
3925,pyf,2001,0
3925,pyf,2002,0.210909
3925,pyf,2003,0.058186
3925,pyf,2004,0
3925,pyf,2005,0.007445
3925,pyf,2006,0
3925,pyf,2007,0.166931
3925,pyf,2008,0
3925,pyf,2009,0
3925,pyf,2010,0
3925,pyf,2011,0
3925,pyf,2012,0
3925,pyf,2013,0.017521
3925,pyf,2014,0.005479
3925,pyf,2015,0.005159
3925,pyf,2016,0.002145
3925,qat,1995,0
3925,qat,1996,0.001822
3925,qat,1997,0
3925,qat,1998,0.017303
3925,qat,1999,0.000179
3925,qat,2000,0.004876
3925,qat,2001,0.008161
3925,qat,2002,0.003586
3925,qat,2003,0.004735
3925,qat,2004,0.008088
3925,qat,2005,0.009282
3925,qat,2006,0.004729
3925,qat,2007,0.020617
3925,qat,2008,0.001337
3925,qat,2009,0.001068
3925,qat,2010,0.003157
3925,qat,2011,0.005063
3925,qat,2012,0.009452
3925,qat,2013,0.003981
3925,qat,2014,0.001023
3925,qat,2015,0.007615
3925,qat,2016,0.002715
3925,reu,1995,0.439057
3925,rou,1995,0.087262
3925,rou,1996,0.205989
3925,rou,1997,0.202771
3925,rou,1998,0.223386
3925,rou,1999,0.163328
3925,rou,2000,0.320028
3925,rou,2001,0.348042
3925,rou,2002,0.323043
3925,rou,2003,0.489726
3925,rou,2004,0.490913
3925,rou,2005,0.545721
3925,rou,2006,0.650379
3925,rou,2007,1.136696
3925,rou,2008,1.391205
3925,rou,2009,1.386782
3925,rou,2010,1.625443
3925,rou,2011,1.833049
3925,rou,2012,2.468146
3925,rou,2013,2.419299
3925,rou,2014,2.305072
3925,rou,2015,2.141071
3925,rou,2016,2.199505
3925,rus,1995,0.008553
3925,rus,1996,0.022042
3925,rus,1997,0.03119
3925,rus,1998,0.040372
3925,rus,1999,0.046047
3925,rus,2000,0.050609
3925,rus,2001,0.077018
3925,rus,2002,0.063222
3925,rus,2003,0.089013
3925,rus,2004,0.101446
3925,rus,2005,0.156147
3925,rus,2006,0.186493
3925,rus,2007,0.205411
3925,rus,2008,0.211883
3925,rus,2009,0.257081
3925,rus,2010,0.135619
3925,rus,2011,0.149011
3925,rus,2012,0.19986
3925,rus,2013,0.271993
3925,rus,2014,0.252428
3925,rus,2015,0.296523
3925,rus,2016,0.407534
3925,rwa,1995,0
3925,rwa,1996,0
3925,rwa,1997,0.328495
3925,rwa,1998,0.102164
3925,rwa,1999,0
3925,rwa,2000,0.093093
3925,rwa,2001,0
3925,rwa,2002,0.219131
3925,rwa,2003,0.03228
3925,rwa,2004,0
3925,rwa,2005,0.011033
3925,rwa,2006,0.354043
3925,rwa,2007,0.258568
3925,rwa,2008,0.817608
3925,rwa,2009,0
3925,rwa,2010,1.609979
3925,rwa,2011,0.774049
3925,rwa,2012,1.157487
3925,rwa,2013,0.363496
3925,rwa,2014,0.045785
3925,rwa,2015,0.157886
3925,rwa,2016,0.091155
3925,sau,1995,0.022367
3925,sau,1996,0.022558
3925,sau,1997,0.012657
3925,sau,1998,0.057478
3925,sau,1999,0.009446
3925,sau,2000,0.035159
3925,sau,2001,0.033307
3925,sau,2002,0.057957
3925,sau,2003,0.048088
3925,sau,2004,0.043499
3925,sau,2005,0.040463
3925,sau,2006,0.051703
3925,sau,2007,0.037839
3925,sau,2008,0.035203
3925,sau,2009,0.018862
3925,sau,2010,0.034779
3925,sau,2011,0.027454
3925,sau,2012,0.017958
3925,sau,2013,0.025281
3925,sau,2014,0.032154
3925,sau,2015,0.043402
3925,sau,2016,0.032725
3925,scg,1995,0.227608
3925,scg,1996,0.275314
3925,scg,1997,0.268406
3925,scg,1998,0.133176
3925,scg,1999,0.660982
3925,scg,2000,0.890894
3925,scg,2001,0.700788
3925,scg,2002,0.636827
3925,scg,2003,0.311845
3925,scg,2004,0.806817
3925,scg,2005,1.106359
3925,sdn,1995,0
3925,sdn,1996,0
3925,sdn,1997,0
3925,sdn,1998,0.011002
3925,sdn,1999,0
3925,sdn,2000,0.03736
3925,sdn,2001,0
3925,sdn,2002,0.000545
3925,sdn,2003,0
3925,sdn,2004,0
3925,sdn,2005,0
3925,sdn,2006,0.000264
3925,sdn,2007,0.000836
3925,sdn,2008,0.000045
3925,sdn,2009,0.036391
3925,sdn,2010,0.00004
3925,sdn,2011,0.000176
3925,sdn,2012,0.001743
3925,sdn,2013,0.000508
3925,sdn,2014,0
3925,sdn,2015,0
3925,sdn,2016,0
3925,sen,1995,0
3925,sen,1996,0
3925,sen,1997,0
3925,sen,1998,0.009842
3925,sen,1999,0
3925,sen,2000,0
3925,sen,2001,0.093404
3925,sen,2002,0.00622
3925,sen,2003,0.022949
3925,sen,2004,0.051759
3925,sen,2005,0.029912
3925,sen,2006,0.028403
3925,sen,2007,0.086794
3925,sen,2008,0.059653
3925,sen,2009,0.031354
3925,sen,2010,0.08386
3925,sen,2011,0.133704
3925,sen,2012,0.044167
3925,sen,2013,0.034887
3925,sen,2014,0.134078
3925,sen,2015,0.016314
3925,sen,2016,0.007937
3925,sgp,1995,0.120852
3925,sgp,1996,0.151382
3925,sgp,1997,0.190572
3925,sgp,1998,0.160378
3925,sgp,1999,0.077073
3925,sgp,2000,0.090095
3925,sgp,2001,0.06753
3925,sgp,2002,0.060048
3925,sgp,2003,0.168882
3925,sgp,2004,0.147081
3925,sgp,2005,0.184318
3925,sgp,2006,0.178022
3925,sgp,2007,0.126786
3925,sgp,2008,0.14326
3925,sgp,2009,0.134481
3925,sgp,2010,0.153765
3925,sgp,2011,0.088785
3925,sgp,2012,0.089118
3925,sgp,2013,0.12571
3925,sgp,2014,0.063535
3925,sgp,2015,0.060785
3925,sgp,2016,0.064935
3925,shn,1995,0
3925,shn,1996,0
3925,shn,1997,0
3925,shn,1998,0
3925,shn,1999,0
3925,shn,2000,0.276011
3925,shn,2001,0
3925,shn,2002,0
3925,shn,2003,2.984026
3925,shn,2004,0.026115
3925,shn,2005,0
3925,shn,2006,0
3925,shn,2007,0
3925,shn,2008,0
3925,shn,2009,0
3925,shn,2010,0
3925,shn,2011,0
3925,shn,2012,0
3925,shn,2013,0
3925,shn,2014,0
3925,shn,2015,0.157879
3925,shn,2016,0
3925,slb,1995,0
3925,slb,1996,0
3925,slb,1997,0
3925,slb,1998,0
3925,slb,1999,0
3925,slb,2000,0.216151
3925,slb,2001,0
3925,slb,2002,0
3925,slb,2003,0.040229
3925,slb,2004,0
3925,slb,2005,0
3925,slb,2006,0
3925,slb,2007,0
3925,slb,2008,0
3925,slb,2009,0
3925,slb,2010,0
3925,slb,2011,0.079437
3925,slb,2012,0
3925,slb,2013,0.001205
3925,slb,2014,0
3925,slb,2015,0
3925,slb,2016,0.002029
3925,sle,1995,1.127144
3925,sle,1996,0
3925,sle,1997,0.066196
3925,sle,1998,0
3925,sle,1999,0
3925,sle,2000,0.144855
3925,sle,2001,0.055795
3925,sle,2002,0.062654
3925,sle,2003,0.052171
3925,sle,2004,0.127144
3925,sle,2005,0.869073
3925,sle,2006,0.49211
3925,sle,2007,0.137143
3925,sle,2008,0.09186
3925,sle,2009,0.00682
3925,sle,2010,0.000676
3925,sle,2011,0.059855
3925,sle,2012,0.039942
3925,sle,2013,0.006126
3925,sle,2014,0.001201
3925,sle,2015,0.080802
3925,sle,2016,0.16027
3925,slv,1995,0.023366
3925,slv,1996,0.096681
3925,slv,1997,0.06105
3925,slv,1998,0.204972
3925,slv,1999,0.192993
3925,slv,2000,0.491343
3925,slv,2001,0.356517
3925,slv,2002,0.426545
3925,slv,2003,0.426535
3925,slv,2004,0.279536
3925,slv,2005,0.371844
3925,slv,2006,0.292492
3925,slv,2007,0.386239
3925,slv,2008,0.461363
3925,slv,2009,0.176906
3925,slv,2010,0.177246
3925,slv,2011,0.098263
3925,slv,2012,0.06789
3925,slv,2013,0.05281
3925,slv,2014,0.072856
3925,slv,2015,0.041768
3925,slv,2016,0.105887
3925,som,1995,0
3925,som,1996,0
3925,som,1997,0
3925,som,1998,0
3925,som,1999,0.072169
3925,som,2000,0
3925,som,2001,0
3925,som,2002,0.156165
3925,som,2003,0
3925,som,2004,0
3925,som,2005,0
3925,som,2006,0
3925,som,2007,0.01907
3925,som,2008,0
3925,som,2009,0.300983
3925,som,2010,0
3925,som,2011,0
3925,som,2012,0
3925,som,2013,0
3925,som,2014,0
3925,som,2015,0
3925,som,2016,0.000383
3925,spm,1995,0
3925,spm,1996,0
3925,spm,1997,0
3925,spm,1998,0
3925,spm,1999,0
3925,spm,2000,0
3925,spm,2001,0
3925,spm,2002,0
3925,spm,2003,0.127501
3925,spm,2004,0
3925,spm,2005,0
3925,spm,2006,0
3925,spm,2007,0
3925,spm,2008,0
3925,spm,2009,0
3925,spm,2010,0
3925,spm,2011,0
3925,spm,2012,0
3925,spm,2013,1.368028
3925,spm,2014,19.286697
3925,spm,2015,0
3925,spm,2016,8.237948
3925,stp,1995,0.504994
3925,stp,1996,0
3925,stp,1997,0
3925,stp,1998,0
3925,stp,1999,0
3925,stp,2000,0
3925,stp,2001,0
3925,stp,2002,0
3925,stp,2003,0
3925,stp,2004,1.236481
3925,stp,2005,0
3925,stp,2006,0
3925,stp,2007,0
3925,stp,2008,0
3925,stp,2009,1.103214
3925,stp,2010,0.753034
3925,stp,2011,0
3925,stp,2012,0
3925,stp,2013,0
3925,stp,2014,0.435508
3925,stp,2015,0.193182
3925,stp,2016,0
3925,sur,1995,0.009474
3925,sur,1996,0.301756
3925,sur,1997,0.472677
3925,sur,1998,0
3925,sur,1999,0
3925,sur,2000,0.018521
3925,sur,2001,0.09022
3925,sur,2002,0
3925,sur,2003,0
3925,sur,2004,0.006247
3925,sur,2005,0.095523
3925,sur,2006,0.038571
3925,sur,2007,0.001818
3925,sur,2008,0.008382
3925,sur,2009,0.153593
3925,sur,2010,0.71445
3925,sur,2011,0.582018
3925,sur,2012,2.746366
3925,sur,2013,2.751195
3925,sur,2014,2.843624
3925,sur,2015,2.950977
3925,sur,2016,2.543441
3925,svk,1995,3.576303
3925,svk,1996,5.340809
3925,svk,1997,3.008503
3925,svk,1998,2.115334
3925,svk,1999,1.944458
3925,svk,2000,2.048427
3925,svk,2001,2.107559
3925,svk,2002,1.755597
3925,svk,2003,1.769541
3925,svk,2004,1.67979
3925,svk,2005,1.803937
3925,svk,2006,2.058871
3925,svk,2007,1.656843
3925,svk,2008,1.924105
3925,svk,2009,2.465423
3925,svk,2010,3.283898
3925,svk,2011,3.773438
3925,svk,2012,3.956081
3925,svk,2013,3.223246
3925,svk,2014,3.161999
3925,svk,2015,3.18338
3925,svk,2016,2.975619
3925,svn,1995,2.077185
3925,svn,1996,2.576113
3925,svn,1997,2.902102
3925,svn,1998,2.988731
3925,svn,1999,3.644426
3925,svn,2000,3.443011
3925,svn,2001,3.650713
3925,svn,2002,3.518871
3925,svn,2003,3.908771
3925,svn,2004,2.915899
3925,svn,2005,2.548992
3925,svn,2006,2.801834
3925,svn,2007,2.96214
3925,svn,2008,3.277035
3925,svn,2009,3.015014
3925,svn,2010,3.192011
3925,svn,2011,3.648987
3925,svn,2012,3.436874
3925,svn,2013,3.548231
3925,svn,2014,3.124405
3925,svn,2015,3.208246
3925,svn,2016,2.967694
3925,swe,1995,0.764728
3925,swe,1996,0.554604
3925,swe,1997,0.587609
3925,swe,1998,0.734691
3925,swe,1999,0.761599
3925,swe,2000,0.926209
3925,swe,2001,1.082345
3925,swe,2002,0.875036
3925,swe,2003,0.810379
3925,swe,2004,0.784623
3925,swe,2005,0.761329
3925,swe,2006,0.892076
3925,swe,2007,1.015692
3925,swe,2008,1.080151
3925,swe,2009,1.078975
3925,swe,2010,1.145563
3925,swe,2011,1.090308
3925,swe,2012,1.179917
3925,swe,2013,1.054505
3925,swe,2014,1.088686
3925,swe,2015,0.928416
3925,swe,2016,0.948317
3925,syc,1995,0
3925,syc,1996,0
3925,syc,1997,0
3925,syc,1998,0
3925,syc,1999,0
3925,syc,2000,0
3925,syc,2001,0
3925,syc,2002,0
3925,syc,2003,0
3925,syc,2004,0.02475
3925,syc,2005,0.013394
3925,syc,2006,0.106615
3925,syc,2007,0.407343
3925,syc,2008,0.169622
3925,syc,2009,0.501851
3925,syc,2010,0.504675
3925,syc,2011,0.339239
3925,syc,2012,0.897933
3925,syc,2013,0.221417
3925,syc,2014,0.208047
3925,syc,2015,0.029416
3925,syc,2016,0
3925,syr,1995,0.003612
3925,syr,1996,0.041848
3925,syr,1997,0.024727
3925,syr,1998,0.072136
3925,syr,1999,0.138684
3925,syr,2000,0.150551
3925,syr,2001,0.085965
3925,syr,2002,0.066629
3925,syr,2003,0.296209
3925,syr,2004,1.896584
3925,syr,2005,0.388091
3925,syr,2006,0.75619
3925,syr,2007,0.768002
3925,syr,2008,0.671608
3925,syr,2009,2.877232
3925,syr,2010,2.724328
3925,syr,2011,1.325842
3925,syr,2012,3.272897
3925,syr,2013,0.563005
3925,syr,2014,4.378071
3925,syr,2015,0.272171
3925,syr,2016,0.18891
3925,tca,1995,0
3925,tca,1996,0
3925,tca,1997,0
3925,tca,1998,0
3925,tca,1999,0
3925,tca,2000,0.066647
3925,tca,2001,0
3925,tca,2002,0.166171
3925,tca,2003,0
3925,tca,2004,0
3925,tca,2005,0.106234
3925,tca,2006,0
3925,tca,2007,0.617883
3925,tca,2008,0.118845
3925,tca,2009,1.485006
3925,tca,2010,0
3925,tca,2011,0.413856
3925,tca,2012,0
3925,tca,2013,0.006176
3925,tca,2014,1.482883
3925,tca,2015,0.152904
3925,tca,2016,1.547954
3925,tcd,1995,0
3925,tcd,1996,0
3925,tcd,1997,0
3925,tcd,1998,0
3925,tcd,1999,0
3925,tcd,2000,0
3925,tcd,2001,0
3925,tcd,2002,0
3925,tcd,2003,0
3925,tcd,2004,0.050544
3925,tcd,2005,0
3925,tcd,2006,0
3925,tcd,2007,0
3925,tcd,2008,0
3925,tcd,2009,0.002276
3925,tcd,2010,0.166631
3925,tcd,2011,0
3925,tcd,2012,0
3925,tcd,2013,0.000532
3925,tcd,2014,0
3925,tcd,2015,0
3925,tcd,2016,0.007727
3925,tgo,1995,0
3925,tgo,1996,0.071883
3925,tgo,1997,0
3925,tgo,1998,0
3925,tgo,1999,0.002748
3925,tgo,2000,0
3925,tgo,2001,0.014259
3925,tgo,2002,0.230452
3925,tgo,2003,0.033998
3925,tgo,2004,0.024938
3925,tgo,2005,0.001711
3925,tgo,2006,0.071169
3925,tgo,2007,0.016177
3925,tgo,2008,0.015169
3925,tgo,2009,0.013321
3925,tgo,2010,0.027855
3925,tgo,2011,0.080285
3925,tgo,2012,0.036078
3925,tgo,2013,0.044486
3925,tgo,2014,0.143788
3925,tgo,2015,0.256039
3925,tgo,2016,0.061483
3925,tha,1995,0.342661
3925,tha,1996,0.225235
3925,tha,1997,0.240256
3925,tha,1998,0.24429
3925,tha,1999,0.233571
3925,tha,2000,0.292869
3925,tha,2001,0.28325
3925,tha,2002,0.289303
3925,tha,2003,0.24608
3925,tha,2004,0.186956
3925,tha,2005,0.178673
3925,tha,2006,0.17155
3925,tha,2007,0.193481
3925,tha,2008,0.191246
3925,tha,2009,0.199853
3925,tha,2010,0.236737
3925,tha,2011,0.223246
3925,tha,2012,0.240379
3925,tha,2013,0.268148
3925,tha,2014,0.262443
3925,tha,2015,0.247391
3925,tha,2016,0.267491
3925,tjk,1995,0
3925,tjk,1996,0
3925,tjk,1997,0
3925,tjk,1998,0
3925,tjk,1999,0
3925,tjk,2000,0
3925,tjk,2001,0
3925,tjk,2002,0.000937
3925,tjk,2003,0
3925,tjk,2004,0
3925,tjk,2005,0
3925,tjk,2006,0
3925,tjk,2007,0.066447
3925,tjk,2008,0.003202
3925,tjk,2009,0.0008
3925,tjk,2010,0.000195
3925,tjk,2011,0
3925,tjk,2012,0.081214
3925,tjk,2013,0.022175
3925,tjk,2014,0
3925,tjk,2015,0.00758
3925,tjk,2016,0.001736
3925,tkl,1995,0
3925,tkl,1996,0
3925,tkl,1997,0
3925,tkl,1998,1.031616
3925,tkl,1999,2.183038
3925,tkl,2000,0.067896
3925,tkl,2001,0.106478
3925,tkl,2002,0
3925,tkl,2003,0
3925,tkl,2004,0
3925,tkl,2005,0
3925,tkl,2006,0
3925,tkl,2007,1.428875
3925,tkl,2008,0
3925,tkl,2009,0
3925,tkl,2010,0
3925,tkl,2011,1.653354
3925,tkl,2012,0
3925,tkl,2013,0
3925,tkl,2014,0
3925,tkl,2015,0.015801
3925,tkl,2016,0.795064
3925,tkm,1995,0
3925,tkm,1996,0
3925,tkm,1997,0
3925,tkm,1998,0.013095
3925,tkm,1999,0
3925,tkm,2000,0.009731
3925,tkm,2001,0.003437
3925,tkm,2002,0
3925,tkm,2003,0
3925,tkm,2004,0
3925,tkm,2005,0.00103
3925,tkm,2006,0
3925,tkm,2007,0.000111
3925,tkm,2008,0
3925,tkm,2009,0
3925,tkm,2010,0
3925,tkm,2011,0
3925,tkm,2012,0.000024
3925,tkm,2013,0
3925,tkm,2014,0
3925,tkm,2015,0
3925,tkm,2016,0
3925,tls,1995,0
3925,tls,1996,0
3925,tls,1997,0
3925,tls,1998,0
3925,tls,1999,0
3925,tls,2000,0
3925,tls,2001,0
3925,tls,2002,0
3925,tls,2003,0
3925,tls,2004,0
3925,tls,2005,0.003627
3925,tls,2006,0
3925,tls,2007,0
3925,tls,2008,0
3925,tls,2009,0
3925,tls,2010,0
3925,tls,2011,0
3925,tls,2012,0
3925,tls,2013,0
3925,tls,2014,0
3925,tls,2015,0
3925,tls,2016,0
3925,ton,1995,0
3925,ton,1996,0
3925,ton,1997,0
3925,ton,1998,0
3925,ton,1999,0
3925,ton,2000,0
3925,ton,2001,0
3925,ton,2002,0
3925,ton,2003,0
3925,ton,2004,0
3925,ton,2005,1.611966
3925,ton,2006,0
3925,ton,2007,0
3925,ton,2008,0
3925,ton,2009,0
3925,ton,2010,0
3925,ton,2011,0
3925,ton,2012,0
3925,ton,2013,0
3925,ton,2014,0
3925,ton,2015,0
3925,ton,2016,0
3925,tto,1995,2.356581
3925,tto,1996,1.903754
3925,tto,1997,2.291601
3925,tto,1998,2.694661
3925,tto,1999,1.661755
3925,tto,2000,0.898667
3925,tto,2001,0.862755
3925,tto,2002,1.074666
3925,tto,2003,0.706813
3925,tto,2004,0.604741
3925,tto,2005,0.572957
3925,tto,2006,0.460318
3925,tto,2007,0.488638
3925,tto,2008,0.394786
3925,tto,2009,0.561496
3925,tto,2010,0.530683
3925,tto,2011,0.438467
3925,tto,2012,0.346591
3925,tto,2013,0.287882
3925,tto,2014,0.329479
3925,tto,2015,0.481322
3925,tto,2016,0.484691
3925,tun,1995,0.043607
3925,tun,1996,0.027556
3925,tun,1997,0.071629
3925,tun,1998,0.103827
3925,tun,1999,0.015112
3925,tun,2000,0.270176
3925,tun,2001,0.407659
3925,tun,2002,0.449559
3925,tun,2003,0.633156
3925,tun,2004,0.391889
3925,tun,2005,0.299082
3925,tun,2006,0.367207
3925,tun,2007,0.282097
3925,tun,2008,0.159503
3925,tun,2009,0.393913
3925,tun,2010,0.412691
3925,tun,2011,0.24367
3925,tun,2012,0.457388
3925,tun,2013,0.510928
3925,tun,2014,0.416446
3925,tun,2015,0.441488
3925,tun,2016,0.393516
3925,tur,1995,0.526342
3925,tur,1996,0.735742
3925,tur,1997,1.207011
3925,tur,1998,1.132827
3925,tur,1999,1.105488
3925,tur,2000,1.436576
3925,tur,2001,1.299204
3925,tur,2002,1.445064
3925,tur,2003,1.71317
3925,tur,2004,2.212233
3925,tur,2005,2.432201
3925,tur,2006,2.626486
3925,tur,2007,2.489562
3925,tur,2008,2.882077
3925,tur,2009,3.35115
3925,tur,2010,3.72578
3925,tur,2011,3.883156
3925,tur,2012,3.722407
3925,tur,2013,3.80575
3925,tur,2014,3.547857
3925,tur,2015,3.025299
3925,tur,2016,2.342847
3925,tuv,1995,0
3925,tuv,1996,0
3925,tuv,1997,0
3925,tuv,1998,0
3925,tuv,1999,0
3925,tuv,2000,0
3925,tuv,2001,0
3925,tuv,2002,0.001553
3925,tuv,2003,0
3925,tuv,2004,0
3925,tuv,2005,0
3925,tuv,2006,0
3925,tuv,2007,0
3925,tuv,2008,0
3925,tuv,2009,0.8169
3925,tuv,2010,0
3925,tuv,2011,0
3925,tuv,2012,0
3925,tuv,2013,0
3925,tuv,2014,0
3925,tuv,2015,0
3925,tuv,2016,0
3925,tza,1995,0
3925,tza,1996,0
3925,tza,1997,0.005675
3925,tza,1998,0.010617
3925,tza,1999,0.059705
3925,tza,2000,0.020082
3925,tza,2001,0.016103
3925,tza,2002,0.031533
3925,tza,2003,0.029519
3925,tza,2004,0.086519
3925,tza,2005,0.3622
3925,tza,2006,0.234821
3925,tza,2007,0.241972
3925,tza,2008,0.603706
3925,tza,2009,0.087283
3925,tza,2010,0.059537
3925,tza,2011,0.428474
3925,tza,2012,0.097963
3925,tza,2013,0.145485
3925,tza,2014,0.025201
3925,tza,2015,0.061229
3925,tza,2016,0.555901
3925,uga,1995,0
3925,uga,1996,0.002325
3925,uga,1997,0.022068
3925,uga,1998,0.04699
3925,uga,1999,0.010164
3925,uga,2000,0
3925,uga,2001,0.095096
3925,uga,2002,0.3535
3925,uga,2003,0.568972
3925,uga,2004,0.700511
3925,uga,2005,0.770111
3925,uga,2006,1.057012
3925,uga,2007,0.720243
3925,uga,2008,4.23138
3925,uga,2009,0.494468
3925,uga,2010,0.438298
3925,uga,2011,0.482524
3925,uga,2012,0.849549
3925,uga,2013,0.72628
3925,uga,2014,0.498931
3925,uga,2015,0.158489
3925,uga,2016,0.424684
3925,ukr,1995,0.028735
3925,ukr,1996,0.091528
3925,ukr,1997,0.099225
3925,ukr,1998,0.026383
3925,ukr,1999,0.070605
3925,ukr,2000,0.072882
3925,ukr,2001,0.171956
3925,ukr,2002,0.163363
3925,ukr,2003,0.27541
3925,ukr,2004,0.292159
3925,ukr,2005,0.33997
3925,ukr,2006,0.459187
3925,ukr,2007,0.540315
3925,ukr,2008,0.53773
3925,ukr,2009,0.592693
3925,ukr,2010,0.689176
3925,ukr,2011,0.933744
3925,ukr,2012,1.170363
3925,ukr,2013,1.398507
3925,ukr,2014,1.312078
3925,ukr,2015,1.099995
3925,ukr,2016,0.862975
3925,ury,1995,1.184859
3925,ury,1996,0.908372
3925,ury,1997,1.0654
3925,ury,1998,1.11006
3925,ury,1999,1.082009
3925,ury,2000,1.074589
3925,ury,2001,1.304325
3925,ury,2002,0.672518
3925,ury,2003,0.750796
3925,ury,2004,0.760608
3925,ury,2005,0.714705
3925,ury,2006,0.756824
3925,ury,2007,0.676839
3925,ury,2008,0.651287
3925,ury,2009,0.253211
3925,ury,2010,0.236301
3925,ury,2011,0.225518
3925,ury,2012,0.170481
3925,ury,2013,0.196214
3925,ury,2014,0.219147
3925,ury,2015,0.174014
3925,ury,2016,0.201163
3925,usa,1995,0.466211
3925,usa,1996,0.502932
3925,usa,1997,0.577068
3925,usa,1998,0.525716
3925,usa,1999,0.514507
3925,usa,2000,0.585186
3925,usa,2001,0.507487
3925,usa,2002,0.518383
3925,usa,2003,0.499838
3925,usa,2004,0.528526
3925,usa,2005,0.56809
3925,usa,2006,0.60091
3925,usa,2007,0.614706
3925,usa,2008,0.668772
3925,usa,2009,0.667695
3925,usa,2010,0.68728
3925,usa,2011,0.677159
3925,usa,2012,0.715057
3925,usa,2013,0.677162
3925,usa,2014,0.694139
3925,usa,2015,0.678114
3925,usa,2016,0.623635
3925,uzb,1995,0
3925,uzb,1996,0.010606
3925,uzb,1997,0.00253
3925,uzb,1998,0.096147
3925,uzb,1999,0.015103
3925,uzb,2000,0
3925,uzb,2001,0.002052
3925,uzb,2002,0.010182
3925,uzb,2003,0.007671
3925,uzb,2004,0.007632
3925,uzb,2005,0.006729
3925,uzb,2006,0.006766
3925,uzb,2007,0.066014
3925,uzb,2008,0.155758
3925,uzb,2009,0.299221
3925,uzb,2010,0.506757
3925,uzb,2011,0.739702
3925,uzb,2012,1.951251
3925,uzb,2013,1.364093
3925,uzb,2014,0.564984
3925,uzb,2015,0.359531
3925,uzb,2016,0.305014
3925,vct,1995,0
3925,vct,1996,0.898529
3925,vct,1997,0
3925,vct,1998,0.026328
3925,vct,1999,0.08543
3925,vct,2000,0.004417
3925,vct,2001,0.083843
3925,vct,2002,0.000989
3925,vct,2003,0.099313
3925,vct,2004,0.006266
3925,vct,2005,0.044737
3925,vct,2006,0.033365
3925,vct,2007,0.140541
3925,vct,2008,0.002371
3925,vct,2009,0.016238
3925,vct,2010,0.479868
3925,vct,2011,1.718927
3925,vct,2012,1.282537
3925,vct,2013,0.305435
3925,vct,2014,0.022046
3925,vct,2015,0.185874
3925,vct,2016,0
3925,ven,1995,0.030123
3925,ven,1996,0.015519
3925,ven,1997,0.033524
3925,ven,1998,0.059936
3925,ven,1999,0.063987
3925,ven,2000,0.115074
3925,ven,2001,0.156184
3925,ven,2002,0.088587
3925,ven,2003,0.084365
3925,ven,2004,0.105894
3925,ven,2005,0.10905
3925,ven,2006,0.047525
3925,ven,2007,0.033922
3925,ven,2008,0.024997
3925,ven,2009,0.006274
3925,ven,2010,0.00342
3925,ven,2011,0.00418
3925,ven,2012,0.000383
3925,ven,2013,0.001709
3925,ven,2014,0.001749
3925,ven,2015,0.013766
3925,ven,2016,0.029045
3925,vgb,1995,1.414486
3925,vgb,1996,2.94949
3925,vgb,1997,1.41844
3925,vgb,1998,0.713766
3925,vgb,1999,0.10189
3925,vgb,2000,0.202543
3925,vgb,2001,0.018632
3925,vgb,2002,0.078442
3925,vgb,2003,0.013815
3925,vgb,2004,0.078675
3925,vgb,2005,0.003363
3925,vgb,2006,0.094689
3925,vgb,2007,1.046528
3925,vgb,2008,0.417472
3925,vgb,2009,0.103829
3925,vgb,2010,0.08541
3925,vgb,2011,0.119537
3925,vgb,2012,0.091134
3925,vgb,2013,0.001955
3925,vgb,2014,0.226046
3925,vgb,2015,0.140628
3925,vgb,2016,0.103522
3925,vnm,1995,0.043693
3925,vnm,1996,0.03343
3925,vnm,1997,0.040567
3925,vnm,1998,0.07486
3925,vnm,1999,0.043838
3925,vnm,2000,0.162439
3925,vnm,2001,0.224513
3925,vnm,2002,0.112975
3925,vnm,2003,0.215709
3925,vnm,2004,0.344216
3925,vnm,2005,0.318432
3925,vnm,2006,0.350876
3925,vnm,2007,0.378546
3925,vnm,2008,0.369825
3925,vnm,2009,0.435336
3925,vnm,2010,0.531728
3925,vnm,2011,0.451431
3925,vnm,2012,0.437049
3925,vnm,2013,0.423505
3925,vnm,2014,0.326876
3925,vnm,2015,0.287241
3925,vnm,2016,0.310331
3925,vut,1995,0
3925,vut,1996,0
3925,vut,1997,0
3925,vut,1998,0
3925,vut,1999,0
3925,vut,2000,0
3925,vut,2001,0
3925,vut,2002,0
3925,vut,2003,0
3925,vut,2004,0
3925,vut,2005,0
3925,vut,2006,0
3925,vut,2007,0.002095
3925,vut,2008,0
3925,vut,2009,0
3925,vut,2010,0.000613
3925,vut,2011,0
3925,vut,2012,0
3925,vut,2013,0
3925,vut,2014,0
3925,vut,2015,0
3925,vut,2016,0.1595
3925,wlf,1995,0
3925,wlf,1996,0
3925,wlf,1997,0
3925,wlf,1998,0
3925,wlf,1999,0
3925,wlf,2000,0
3925,wlf,2001,0
3925,wlf,2002,0
3925,wlf,2003,0
3925,wlf,2004,0
3925,wlf,2005,0
3925,wlf,2006,0
3925,wlf,2007,0
3925,wlf,2008,0
3925,wlf,2009,0
3925,wlf,2010,0
3925,wlf,2011,0
3925,wlf,2012,0
3925,wlf,2013,0
3925,wlf,2014,0
3925,wlf,2015,0
3925,wlf,2016,0
3925,wsm,1995,0
3925,wsm,1996,0
3925,wsm,1997,0
3925,wsm,1998,0
3925,wsm,1999,0
3925,wsm,2000,0.0108
3925,wsm,2001,0
3925,wsm,2002,4.229302
3925,wsm,2003,0.013815
3925,wsm,2004,0
3925,wsm,2005,0.008229
3925,wsm,2006,0.020302
3925,wsm,2007,0
3925,wsm,2008,0
3925,wsm,2009,0
3925,wsm,2010,5.055644
3925,wsm,2011,0.867837
3925,wsm,2012,0.101193
3925,wsm,2013,0
3925,wsm,2014,4.72226
3925,wsm,2015,0
3925,wsm,2016,0.125087
3925,yem,1995,0.009452
3925,yem,1996,0
3925,yem,1997,0.001182
3925,yem,1998,0
3925,yem,1999,0.001151
3925,yem,2000,0
3925,yem,2001,0
3925,yem,2002,0.002653
3925,yem,2003,0.031523
3925,yem,2004,0.000635
3925,yem,2005,0.000323
3925,yem,2006,0.016808
3925,yem,2007,0.002468
3925,yem,2008,0.002568
3925,yem,2009,0.05392
3925,yem,2010,0.01648
3925,yem,2011,0.003051
3925,yem,2012,0.000611
3925,yem,2013,0.001741
3925,yem,2014,0.000107
3925,yem,2015,0
3925,yem,2016,0
3925,zaf,1995,0.213093
3925,zaf,1996,0.193524
3925,zaf,1997,0.210976
3925,zaf,1998,0.330217
3925,zaf,1999,0.409701
3925,zaf,2000,0.523674
3925,zaf,2001,0.472085
3925,zaf,2002,0.640011
3925,zaf,2003,0.673131
3925,zaf,2004,0.512801
3925,zaf,2005,0.456168
3925,zaf,2006,0.405221
3925,zaf,2007,0.341924
3925,zaf,2008,0.31467
3925,zaf,2009,0.310404
3925,zaf,2010,0.406904
3925,zaf,2011,0.313609
3925,zaf,2012,0.34512
3925,zaf,2013,0.301195
3925,zaf,2014,0.31652
3925,zaf,2015,0.338535
3925,zaf,2016,0.322846
3925,zmb,1995,0
3925,zmb,1996,0.001538
3925,zmb,1997,0.002817
3925,zmb,1998,0.006282
3925,zmb,1999,0.001884
3925,zmb,2000,0.002079
3925,zmb,2001,0.005948
3925,zmb,2002,0.876059
3925,zmb,2003,0.024534
3925,zmb,2004,0.026531
3925,zmb,2005,1.558664
3925,zmb,2006,0.052518
3925,zmb,2007,0.510563
3925,zmb,2008,0.424359
3925,zmb,2009,0.263364
3925,zmb,2010,0.03035
3925,zmb,2011,0.049934
3925,zmb,2012,0.026252
3925,zmb,2013,0.02056
3925,zmb,2014,0.024059
3925,zmb,2015,0.019535
3925,zmb,2016,0.002085
3925,zwe,1995,0.054491
3925,zwe,1996,0.045461
3925,zwe,1997,0.027421
3925,zwe,1998,0.043656
3925,zwe,1999,0.082328
3925,zwe,2000,0.12265
3925,zwe,2001,0.128999
3925,zwe,2002,0.285473
3925,zwe,2003,0.146791
3925,zwe,2004,0.120331
3925,zwe,2005,0.129455
3925,zwe,2006,0.065724
3925,zwe,2007,0.069988
3925,zwe,2008,0.055979
3925,zwe,2009,0.059127
3925,zwe,2010,0.034809
3925,zwe,2011,0.016919
3925,zwe,2012,0.035338
3925,zwe,2013,0.005228
3925,zwe,2014,0.00066
3925,zwe,2015,0.016568
3925,zwe,2016,0.00059
3925,twn,1995,2.300137
3925,twn,1996,1.793099
3925,twn,1997,1.723896
3925,twn,1998,1.651933
3925,twn,1999,1.382389
3925,twn,2000,1.260683
3925,twn,2001,1.219274
3925,twn,2002,1.033133
3925,twn,2003,1.212557
3925,twn,2004,1.019544
3925,twn,2005,1.003838
3925,twn,2006,0.847228
3925,twn,2007,0.814317
3925,twn,2008,0.83227
3925,twn,2009,0.727585
3925,twn,2010,0.740262
3925,twn,2011,0.790248
3925,twn,2012,0.819919
3925,twn,2013,0.776791
3925,twn,2014,0.7542
3925,twn,2015,0.764665
3925,twn,2016,0.755633
3925,ans,1995,0.067323
3925,ans,1996,0.056961
3925,ans,1997,0.042778
3925,ans,1998,0.165191
3925,ans,1999,0.134595
3925,ans,2000,0.043594
3925,ans,2001,0.041931
3925,ans,2002,0.082162
3925,ans,2003,0.029318
3925,ans,2004,0.035096
3925,ans,2005,0.034573
3925,ans,2006,0.054929
3925,ans,2007,0.084331
3925,ans,2008,0.161855
3925,ans,2009,0.279169
3925,ans,2010,0.070375
3925,ans,2011,0.114023
3925,ans,2012,0.130777
3925,ans,2013,0.083633
3925,ans,2014,0.145633
3925,ans,2015,0.229582
3925,ans,2016,0.142507
3925,lux,1999,0.260465
3925,lux,2000,0.265957
3925,lux,2001,0.384158
3925,lux,2002,0.422945
3925,lux,2003,0.502918
3925,lux,2004,0.63568
3925,lux,2005,0.88393
3925,lux,2006,0.709952
3925,lux,2007,0.761175
3925,lux,2008,1.011142
3925,lux,2009,1.266413
3925,lux,2010,1.757226
3925,lux,2011,1.621725
3925,lux,2012,1.534245
3925,lux,2013,1.249233
3925,lux,2014,1.287844
3925,lux,2015,0.67008
3925,lux,2016,0.536125
3925,asm,2000,0
3925,asm,2001,0.082351
3925,asm,2002,0.008361
3925,asm,2003,0
3925,asm,2004,0
3925,asm,2005,0
3925,asm,2006,0.136283
3925,asm,2007,0.015917
3925,asm,2008,0
3925,asm,2009,11.353919
3925,asm,2010,0.09152
3925,asm,2011,0.005523
3925,asm,2012,0.102171
3925,asm,2013,0
3925,asm,2014,0.03319
3925,asm,2015,0.015805
3925,asm,2016,0
3925,ata,2000,0
3925,ata,2001,0
3925,ata,2002,0
3925,ata,2003,0
3925,ata,2004,0
3925,ata,2005,0
3925,ata,2006,0
3925,ata,2007,0
3925,ata,2008,0.345013
3925,ata,2009,0
3925,ata,2010,0
3925,ata,2011,0
3925,ata,2012,1.189779
3925,ata,2013,0.016474
3925,ata,2014,0
3925,ata,2015,0
3925,ata,2016,0
3925,bvt,2000,0
3925,bvt,2001,0
3925,bvt,2002,0
3925,bvt,2003,0
3925,bvt,2004,0
3925,bvt,2005,0
3925,bvt,2006,0
3925,bvt,2007,0
3925,bvt,2008,0
3925,bvt,2009,0
3925,bvt,2010,0
3925,bvt,2011,0
3925,bvt,2012,0
3925,bvt,2013,0
3925,bvt,2014,0
3925,bvt,2015,0
3925,bvt,2016,0
3925,bwa,2000,0.051102
3925,bwa,2001,0.015069
3925,bwa,2002,0.011604
3925,bwa,2003,0.00414
3925,bwa,2004,0.028344
3925,bwa,2005,0.097481
3925,bwa,2006,0.186355
3925,bwa,2007,0.389733
3925,bwa,2008,0.448972
3925,bwa,2009,0.211046
3925,bwa,2010,0.474639
3925,bwa,2011,0.184731
3925,bwa,2012,0.277752
3925,bwa,2013,0.118321
3925,bwa,2014,0.269829
3925,bwa,2015,0.243162
3925,bwa,2016,0.090623
3925,gum,2000,0
3925,gum,2001,0
3925,gum,2002,0
3925,gum,2003,0.368945
3925,gum,2004,0.217463
3925,gum,2005,0.126291
3925,gum,2006,0.109736
3925,gum,2007,0.098312
3925,gum,2008,0.211941
3925,gum,2009,0.132619
3925,gum,2010,0.648475
3925,gum,2011,0.125919
3925,gum,2012,0.395723
3925,gum,2013,0.123087
3925,gum,2014,0.227132
3925,gum,2015,3.089129
3925,gum,2016,0.674379
3925,hmd,2000,0
3925,hmd,2001,0
3925,hmd,2002,0
3925,hmd,2003,0
3925,hmd,2004,0
3925,hmd,2005,0
3925,hmd,2006,0
3925,hmd,2007,0
3925,hmd,2008,0
3925,hmd,2009,0
3925,hmd,2010,0
3925,hmd,2011,0
3925,hmd,2012,0
3925,hmd,2013,0
3925,hmd,2014,0
3925,hmd,2015,0
3925,hmd,2016,0
3925,lso,2000,0.091648
3925,lso,2001,0
3925,lso,2002,0
3925,lso,2003,0.036326
3925,lso,2004,0
3925,lso,2005,0
3925,lso,2006,0
3925,lso,2007,0
3925,lso,2008,0
3925,lso,2009,0
3925,lso,2010,0.008
3925,lso,2011,0.019829
3925,lso,2012,0.008468
3925,lso,2013,0.007212
3925,lso,2014,0.03072
3925,lso,2015,0.079003
3925,lso,2016,0.018509
3925,myt,2000,0
3925,myt,2001,0
3925,myt,2002,0
3925,myt,2003,5.249556
3925,myt,2004,0
3925,myt,2005,0
3925,myt,2006,0
3925,myt,2007,0
3925,myt,2008,0.120941
3925,myt,2009,0.12238
3925,myt,2010,0
3925,myt,2011,0
3925,myt,2012,0.442196
3925,myt,2013,0
3925,nam,2000,0.056495
3925,nam,2001,0.096129
3925,nam,2002,0.276313
3925,nam,2003,0.277528
3925,nam,2004,0.408889
3925,nam,2005,0.100819
3925,nam,2006,0.104716
3925,nam,2007,0.225642
3925,nam,2008,0.148719
3925,nam,2009,0.401288
3925,nam,2010,0.314289
3925,nam,2011,0.240336
3925,nam,2012,0.158119
3925,nam,2013,0.157633
3925,nam,2014,0.074844
3925,nam,2015,0.062815
3925,nam,2016,0.050516
3925,pse,2000,0
3925,pse,2001,0
3925,pse,2002,0
3925,pse,2003,0.016928
3925,pse,2004,3.213339
3925,pse,2005,0
3925,pse,2006,0.096278
3925,pse,2007,1.154843
3925,pse,2008,0.951254
3925,pse,2009,0.30539
3925,pse,2010,0.192123
3925,pse,2011,2.747105
3925,pse,2012,2.62249
3925,pse,2013,2.636581
3925,pse,2014,2.711447
3925,pse,2015,2.333489
3925,pse,2016,1.948656
3925,sgs,2000,0
3925,sgs,2001,0
3925,sgs,2002,0
3925,sgs,2003,0
3925,sgs,2004,0
3925,sgs,2005,0
3925,sgs,2006,0
3925,sgs,2007,0
3925,sgs,2008,0
3925,sgs,2009,0
3925,sgs,2010,0
3925,sgs,2011,0
3925,sgs,2012,0
3925,sgs,2013,0
3925,sgs,2014,0
3925,sgs,2015,0
3925,sgs,2016,0
3925,smr,2000,10.056639
3925,smr,2001,4.336313
3925,smr,2002,0.350163
3925,smr,2003,2.917159
3925,smr,2004,0.044957
3925,smr,2005,0.486634
3925,smr,2006,0.097405
3925,smr,2007,0.100486
3925,smr,2008,0.255837
3925,smr,2009,1.459279
3925,smr,2010,0.023182
3925,smr,2011,0.001326
3925,smr,2012,0.402926
3925,smr,2013,0.16832
3925,smr,2014,0.112802
3925,smr,2015,0.105673
3925,smr,2016,0.105218
3925,swz,2000,0.141517
3925,swz,2001,0.047118
3925,swz,2002,0.011483
3925,swz,2003,0.001518
3925,swz,2004,0.00759
3925,swz,2005,0.305106
3925,swz,2006,0.014621
3925,swz,2007,0.008412
3925,swz,2008,0.081153
3925,swz,2009,0.022892
3925,swz,2010,0.030541
3925,swz,2011,0.019058
3925,swz,2012,0.050444
3925,swz,2013,0.037373
3925,swz,2014,0.027213
3925,swz,2015,0.01286
3925,swz,2016,0.009345
3925,umi,2000,0
3925,umi,2001,0
3925,umi,2002,0
3925,umi,2003,0
3925,umi,2004,0
3925,umi,2005,0.048685
3925,umi,2006,0
3925,umi,2007,1.489055
3925,umi,2008,0
3925,umi,2009,4.599552
3925,umi,2010,0
3925,umi,2011,0
3925,umi,2012,0
3925,umi,2013,0
3925,umi,2014,0
3925,umi,2015,0
3925,umi,2016,0
3925,vat,2000,0
3925,vat,2001,0
3925,vat,2002,0
3925,vat,2003,0
3925,vat,2004,0
3925,vat,2005,0
3925,vat,2006,0
3925,vat,2007,0.769085
3925,vat,2008,0
3925,vat,2009,0
3925,vat,2010,0
3925,vat,2011,0
3925,vat,2012,0
3925,vat,2013,0
3925,vat,2014,0
3925,vat,2015,0
3925,vat,2016,0
3925,srb,2006,1.41414
3925,srb,2007,1.964311
3925,srb,2008,2.371164
3925,srb,2009,1.962337
3925,srb,2010,1.982984
3925,srb,2011,2.28793
3925,srb,2012,2.664606
3925,srb,2013,2.934847
3925,srb,2014,2.658373
3925,srb,2015,2.714091
3925,srb,2016,2.627823
3925,mne,2006,0.118785
3925,mne,2007,0.03318
3925,mne,2008,0.049987
3925,mne,2009,0.152365
3925,mne,2010,0.425465
3925,mne,2011,0.346019
3925,mne,2012,0.209865
3925,mne,2013,0.49352
3925,mne,2014,0.36054
3925,mne,2015,0.923777
3925,mne,2016,0.72704
3925,bes,2011,0
3925,bes,2012,0
3925,bes,2013,0
3925,bes,2014,0
3925,bes,2015,0
3925,bes,2016,0
3925,cuw,2011,0.039116
3925,cuw,2012,0.035375
3925,cuw,2013,0.007819
3925,cuw,2014,0.00779
3925,cuw,2015,0.007877
3925,cuw,2016,0.020784
3925,sxm,2011,0.183883
3925,sxm,2012,0
3925,sxm,2013,0
3925,sxm,2014,0
3925,sxm,2015,0.056332
3925,sxm,2016,0
3925,ssd,2012,0
3925,ssd,2013,0
3925,ssd,2014,0
3925,ssd,2015,0
3925,ssd,2016,0
3925,blm,2013,7.916374
3925,blm,2014,0
3925,blm,2015,0.234038
3925,blm,2016,0.694647
