product_code_sitc,location,year,cog
7439,abw,1988,0.624605
7439,abw,1989,0.590972
7439,abw,1990,0.66918
7439,abw,1991,0.697663
7439,abw,1992,0.706558
7439,abw,1993,0.779145
7439,abw,1994,0.696288
7439,abw,1995,0.606064
7439,abw,1996,0.695998
7439,abw,1997,0.631323
7439,abw,1998,0.655315
7439,abw,1999,0.642236
7439,abw,2000,0.579635
7439,abw,2001,0.587107
7439,abw,2002,0.60447
7439,abw,2003,0.578691
7439,abw,2004,0.622737
7439,abw,2005,0.496247
7439,abw,2006,0.692721
7439,abw,2007,0.50763
7439,abw,2008,0.53425
7439,abw,2009,0.505054
7439,abw,2010,0.500619
7439,abw,2011,0.527834
7439,abw,2012,0.528125
7439,abw,2013,0.495088
7439,abw,2014,0.522668
7439,abw,2015,0.483437
7439,abw,2016,0.438801
7439,afg,1988,0.66504
7439,afg,1989,0.638889
7439,afg,1990,0.683561
7439,afg,1991,0.706789
7439,afg,1992,0.718316
7439,afg,1993,0.786883
7439,afg,1994,0.700239
7439,afg,1995,0.611137
7439,afg,1996,0.723666
7439,afg,1997,0.642189
7439,afg,1998,0.670623
7439,afg,1999,0.631213
7439,afg,2000,0.585215
7439,afg,2001,0.578725
7439,afg,2002,0.611573
7439,afg,2003,0.598627
7439,afg,2004,0.649448
7439,afg,2005,0.488376
7439,afg,2006,0.721786
7439,afg,2007,0.546568
7439,afg,2008,0.541139
7439,afg,2009,0.43285
7439,afg,2010,0.542103
7439,afg,2011,0.558743
7439,afg,2012,0.552478
7439,afg,2013,0.528473
7439,afg,2014,0.554955
7439,afg,2015,0.568353
7439,afg,2016,0.518311
7439,afg,1962,0.576382
7439,afg,1963,0.536269
7439,afg,1964,0.453317
7439,afg,1965,0.645065
7439,afg,1966,0.662322
7439,afg,1967,0.694428
7439,afg,1968,0.641764
7439,afg,1969,0.720893
7439,afg,1970,0.721986
7439,afg,1971,0.732917
7439,afg,1972,0.736944
7439,afg,1973,0.736292
7439,afg,1974,0.598144
7439,afg,1975,0.598297
7439,afg,1976,0.68817
7439,afg,1977,0.656434
7439,afg,1978,0.446373
7439,afg,1979,0.457683
7439,afg,1980,0.408848
7439,afg,1981,0.388493
7439,afg,1982,0.547652
7439,afg,1983,0.525499
7439,afg,1984,0.567586
7439,afg,1985,0.5538
7439,afg,1986,0.526665
7439,afg,1987,0.544238
7439,ago,1988,0.651816
7439,ago,1989,0.620078
7439,ago,1990,0.67781
7439,ago,1991,0.69545
7439,ago,1992,0.708569
7439,ago,1993,0.779856
7439,ago,1994,0.699355
7439,ago,1995,0.60377
7439,ago,1996,0.694231
7439,ago,1997,0.629837
7439,ago,1998,0.661385
7439,ago,1999,0.638573
7439,ago,2000,0.581964
7439,ago,2001,0.585568
7439,ago,2002,0.610502
7439,ago,2003,0.572416
7439,ago,2004,0.625374
7439,ago,2005,0.492536
7439,ago,2006,0.695636
7439,ago,2007,0.513391
7439,ago,2008,0.543048
7439,ago,2009,0.517598
7439,ago,2010,0.565036
7439,ago,2011,0.528697
7439,ago,2012,0.532267
7439,ago,2013,0.506895
7439,ago,2014,0.525367
7439,ago,2015,0.530344
7439,ago,2016,0.468586
7439,ago,1962,0.594162
7439,ago,1963,0.548816
7439,ago,1964,0.474867
7439,ago,1965,0.657484
7439,ago,1966,0.679259
7439,ago,1967,0.709003
7439,ago,1968,0.646132
7439,ago,1969,0.731282
7439,ago,1970,0.718342
7439,ago,1971,0.743269
7439,ago,1972,0.74386
7439,ago,1973,0.735126
7439,ago,1974,0.616532
7439,ago,1975,0.596205
7439,ago,1976,0.673383
7439,ago,1977,0.624037
7439,ago,1978,0.414028
7439,ago,1979,0.422611
7439,ago,1980,0.385173
7439,ago,1981,0.361066
7439,ago,1982,0.530066
7439,ago,1983,0.505877
7439,ago,1984,0.546535
7439,ago,1985,0.536346
7439,ago,1986,0.511042
7439,ago,1987,0.538215
7439,aia,1988,0.610074
7439,aia,1989,0.552906
7439,aia,1990,0
7439,aia,1991,0
7439,aia,1992,0.699657
7439,aia,1993,0
7439,aia,1994,0.610248
7439,aia,1995,0.539497
7439,aia,1996,0.671285
7439,aia,1997,0.516405
7439,aia,1998,0.578596
7439,aia,1999,0.609398
7439,aia,2000,0.503321
7439,aia,2001,0.493601
7439,aia,2002,0.516903
7439,aia,2003,0.535259
7439,aia,2004,0.533295
7439,aia,2005,0.442537
7439,aia,2006,0.675598
7439,aia,2007,0.459685
7439,aia,2008,0.477288
7439,aia,2009,0.4361
7439,aia,2010,0
7439,aia,2011,0
7439,aia,2012,0.451616
7439,aia,2013,0
7439,aia,2014,0
7439,aia,2015,0
7439,aia,2016,0.414524
7439,aia,1981,0.358781
7439,aia,1982,0.526098
7439,aia,1983,0.503656
7439,aia,1984,0.545491
7439,aia,1985,0.535455
7439,aia,1986,0.509658
7439,aia,1987,0.529548
7439,alb,1988,0.686666
7439,alb,1989,0.659694
7439,alb,1990,0.696188
7439,alb,1991,0.730539
7439,alb,1992,0.712157
7439,alb,1993,0.782738
7439,alb,1994,0.707406
7439,alb,1995,0.641311
7439,alb,1996,0.735634
7439,alb,1997,0.665687
7439,alb,1998,0.682943
7439,alb,1999,0.660956
7439,alb,2000,0.587697
7439,alb,2001,0.582341
7439,alb,2002,0.612235
7439,alb,2003,0.581288
7439,alb,2004,0.62837
7439,alb,2005,0.532458
7439,alb,2006,0.7302
7439,alb,2007,0.580104
7439,alb,2008,0.579718
7439,alb,2009,0.555114
7439,alb,2010,0.601516
7439,alb,2011,0.573999
7439,alb,2012,0.568768
7439,alb,2013,0.549287
7439,alb,2014,0.57721
7439,alb,2015,0.581061
7439,alb,2016,0.524365
7439,alb,1962,0.566165
7439,alb,1963,0.534423
7439,alb,1964,0.443475
7439,alb,1965,0.642842
7439,alb,1966,0.678782
7439,alb,1967,0.697085
7439,alb,1968,0.644902
7439,alb,1969,0.720036
7439,alb,1970,0.72265
7439,alb,1971,0.735264
7439,alb,1972,0.741108
7439,alb,1973,0.736204
7439,alb,1974,0.60606
7439,alb,1975,0.597696
7439,alb,1976,0.696829
7439,alb,1977,0.652649
7439,alb,1978,0.443649
7439,alb,1979,0.448692
7439,alb,1980,0.383342
7439,alb,1981,0.38664
7439,alb,1982,0.548937
7439,alb,1983,0.521941
7439,alb,1984,0.56707
7439,alb,1985,0.550329
7439,alb,1986,0.520027
7439,alb,1987,0.548662
7439,and,1988,0
7439,and,1989,0
7439,and,1990,0
7439,and,1991,0
7439,and,1992,0
7439,and,1993,0.706
7439,and,1994,0.625828
7439,and,1995,0.558418
7439,and,1996,0.650022
7439,and,1997,0.56859
7439,and,1998,0.545325
7439,and,1999,0.541356
7439,and,2000,0.481911
7439,and,2001,0.480159
7439,and,2002,0.493614
7439,and,2003,0.503196
7439,and,2004,0.517304
7439,and,2005,0.428478
7439,and,2006,0.599845
7439,and,2007,0.400818
7439,and,2008,0.415478
7439,and,2009,0
7439,and,2010,0.496121
7439,and,2011,0.446036
7439,and,2012,0
7439,and,2013,0.433361
7439,and,2014,0.482104
7439,and,2015,0.467003
7439,and,2016,0.41423
7439,and,1962,0.544794
7439,and,1964,0
7439,and,1965,0.596629
7439,and,1966,0.603731
7439,and,1967,0.656097
7439,and,1968,0.613325
7439,and,1969,0.691739
7439,and,1970,0.691177
7439,and,1971,0.696686
7439,and,1972,0.645543
7439,and,1973,0.653019
7439,and,1974,0.531263
7439,and,1975,0.522339
7439,and,1976,0.558568
7439,and,1977,0
7439,and,1978,0.387219
7439,and,1979,0.401144
7439,and,1980,0.352293
7439,and,1981,0
7439,and,1982,0.51598
7439,and,1983,0.478899
7439,and,1984,0.511122
7439,and,1985,0.521523
7439,and,1986,0.49861
7439,and,1987,0.521471
7439,ant,1988,0.633002
7439,ant,1989,0.617961
7439,ant,1990,0.674167
7439,ant,1991,0.690956
7439,ant,1992,0.714584
7439,ant,1993,0.770188
7439,ant,1994,0.684563
7439,ant,1995,0.60687
7439,ant,1996,0.705142
7439,ant,1997,0.634284
7439,ant,1998,0.650011
7439,ant,1999,0.628218
7439,ant,2000,0.572275
7439,ant,2001,0.585116
7439,ant,2002,0.598313
7439,ant,2003,0.580513
7439,ant,2004,0.629109
7439,ant,2005,0.504312
7439,ant,2006,0.689475
7439,ant,2007,0.513798
7439,ant,2008,0.542136
7439,ant,2009,0.514205
7439,ant,2010,0.564719
7439,ant,1962,0.566487
7439,ant,1963,0.516997
7439,ant,1964,0.419162
7439,ant,1965,0.625548
7439,ant,1966,0.655093
7439,ant,1967,0.684535
7439,ant,1968,0.626219
7439,ant,1969,0.699578
7439,ant,1970,0.690238
7439,ant,1971,0.719067
7439,ant,1972,0.72365
7439,ant,1973,0.713537
7439,ant,1974,0.580394
7439,ant,1975,0.576373
7439,ant,1976,0.677624
7439,ant,1977,0.625372
7439,ant,1978,0.416055
7439,ant,1979,0.422303
7439,ant,1980,0.389205
7439,ant,1981,0.360316
7439,ant,1982,0.52779
7439,ant,1983,0.510445
7439,ant,1984,0.545458
7439,ant,1985,0.544025
7439,ant,1986,0.511508
7439,ant,1987,0.530132
7439,are,1988,0.657815
7439,are,1989,0.630013
7439,are,1990,0.686399
7439,are,1991,0.707096
7439,are,1992,0.717308
7439,are,1993,0.788655
7439,are,1994,0.709263
7439,are,1995,0.620639
7439,are,1996,0.723483
7439,are,1997,0.646651
7439,are,1998,0.673512
7439,are,1999,0.657095
7439,are,2000,0.593307
7439,are,2001,0.601719
7439,are,2002,0.622122
7439,are,2003,0.591917
7439,are,2004,0.637999
7439,are,2005,0.512074
7439,are,2006,0.703708
7439,are,2007,0.540157
7439,are,2008,0.554637
7439,are,2009,0.53136
7439,are,2010,0.569057
7439,are,2011,0.546965
7439,are,2012,0.548201
7439,are,2013,0.516471
7439,are,2014,0.536236
7439,are,2015,0.547636
7439,are,2016,0.482133
7439,are,1962,0.554494
7439,are,1963,0.504596
7439,are,1964,0
7439,are,1967,0.674226
7439,are,1968,0
7439,are,1969,0.713353
7439,are,1970,0.703958
7439,are,1971,0.720726
7439,are,1972,0.720757
7439,are,1973,0.710747
7439,are,1974,0.573405
7439,are,1975,0.564239
7439,are,1976,0.66892
7439,are,1977,0.616597
7439,are,1978,0.407219
7439,are,1979,0.416075
7439,are,1980,0.382724
7439,are,1981,0.368356
7439,are,1982,0.529533
7439,are,1983,0.507607
7439,are,1984,0.549231
7439,are,1985,0.535156
7439,are,1986,0.518905
7439,are,1987,0.54036
7439,arg,1988,0.682349
7439,arg,1989,0.654748
7439,arg,1990,0.726446
7439,arg,1991,0.734732
7439,arg,1992,0.731747
7439,arg,1993,0.775589
7439,arg,1994,0.700786
7439,arg,1995,0.621925
7439,arg,1996,0.718718
7439,arg,1997,0.645298
7439,arg,1998,0.686376
7439,arg,1999,0.662185
7439,arg,2000,0.601855
7439,arg,2001,0.606587
7439,arg,2002,0.645406
7439,arg,2003,0.607909
7439,arg,2004,0.645273
7439,arg,2005,0.519054
7439,arg,2006,0.702118
7439,arg,2007,0.556031
7439,arg,2008,0.561166
7439,arg,2009,0.539493
7439,arg,2010,0.584181
7439,arg,2011,0.558638
7439,arg,2012,0.578128
7439,arg,2013,0.540279
7439,arg,2014,0.560035
7439,arg,2015,0.581811
7439,arg,2016,0.536864
7439,arg,1962,0.6233
7439,arg,1963,0.571121
7439,arg,1964,0.467642
7439,arg,1965,0.653527
7439,arg,1966,0.695609
7439,arg,1967,0.702047
7439,arg,1968,0.652111
7439,arg,1969,0.725682
7439,arg,1970,0.724196
7439,arg,1971,0.747705
7439,arg,1972,0.741435
7439,arg,1973,0.739525
7439,arg,1974,0.608938
7439,arg,1975,0.591921
7439,arg,1976,0.691912
7439,arg,1977,0.668167
7439,arg,1978,0.488056
7439,arg,1979,0.498108
7439,arg,1980,0
7439,arg,1981,0
7439,arg,1982,0.549439
7439,arg,1983,0.556168
7439,arg,1984,0.593634
7439,arg,1985,0.570351
7439,arg,1986,0.530817
7439,arg,1987,0.547571
7439,atf,1988,0.619166
7439,atf,1989,0.61731
7439,atf,1990,0.65727
7439,atf,1991,0.666903
7439,atf,1992,0.680532
7439,atf,1993,0.776283
7439,atf,1994,0.674606
7439,atf,1995,0.599902
7439,atf,1996,0.677533
7439,atf,1997,0.617482
7439,atf,1998,0.646996
7439,atf,1999,0.626533
7439,atf,2000,0.56452
7439,atf,2001,0.566538
7439,atf,2002,0.573494
7439,atf,2003,0.532274
7439,atf,2004,0.57525
7439,atf,2005,0.493172
7439,atf,2006,0.654298
7439,atf,2007,0.484816
7439,atf,2008,0.52709
7439,atf,2009,0.501934
7439,atf,2010,0.551759
7439,atf,2011,0.494949
7439,atf,2012,0.504336
7439,atf,2013,0.487145
7439,atf,2014,0.508202
7439,atf,2015,0.516039
7439,atf,2016,0.462485
7439,atf,1972,0
7439,atf,1973,0
7439,atf,1974,0
7439,atf,1975,0
7439,atf,1976,0.665861
7439,atf,1977,0.619187
7439,atf,1979,0
7439,atf,1980,0
7439,atf,1981,0.354664
7439,atf,1982,0.522694
7439,atf,1983,0.499573
7439,atf,1985,0
7439,atf,1986,0.509396
7439,atf,1987,0.535645
7439,atg,1988,0.638382
7439,atg,1989,0.607366
7439,atg,1990,0.647802
7439,atg,1991,0.668226
7439,atg,1992,0.68926
7439,atg,1993,0.76134
7439,atg,1994,0.666791
7439,atg,1995,0.60576
7439,atg,1996,0.671755
7439,atg,1997,0.609658
7439,atg,1998,0.659892
7439,atg,1999,0.624858
7439,atg,2000,0.584836
7439,atg,2001,0.588785
7439,atg,2002,0.607354
7439,atg,2003,0.573955
7439,atg,2004,0.637856
7439,atg,2005,0.50042
7439,atg,2006,0.701574
7439,atg,2007,0.489539
7439,atg,2008,0.550338
7439,atg,2009,0.513113
7439,atg,2010,0.549329
7439,atg,2011,0.523287
7439,atg,2012,0
7439,atg,2013,0.502872
7439,atg,2014,0.517364
7439,atg,2015,0.524918
7439,atg,2016,0.467618
7439,atg,1962,0
7439,atg,1963,0
7439,atg,1964,0
7439,atg,1965,0.623053
7439,atg,1966,0
7439,atg,1967,0
7439,atg,1968,0.614885
7439,atg,1969,0
7439,atg,1970,0.679818
7439,atg,1971,0.719387
7439,atg,1972,0.708183
7439,atg,1973,0.718178
7439,atg,1974,0.570785
7439,atg,1975,0.571882
7439,atg,1976,0.656649
7439,atg,1977,0.601802
7439,atg,1978,0.396339
7439,atg,1979,0.398471
7439,atg,1980,0.38281
7439,atg,1981,0.359692
7439,atg,1982,0.51807
7439,atg,1983,0.497901
7439,atg,1984,0.532772
7439,atg,1985,0.50851
7439,atg,1986,0.501033
7439,atg,1987,0.524211
7439,aus,1988,0.695462
7439,aus,1989,0.662395
7439,aus,1990,0.721728
7439,aus,1991,0.735867
7439,aus,1992,0.734316
7439,aus,1993,0.795916
7439,aus,1994,0.71939
7439,aus,1995,0.63961
7439,aus,1996,0.729902
7439,aus,1997,0.683666
7439,aus,1998,0.702479
7439,aus,1999,0.687574
7439,aus,2000,0.624512
7439,aus,2001,0.64298
7439,aus,2002,0.653928
7439,aus,2003,0.632637
7439,aus,2004,0.693402
7439,aus,2005,0.556145
7439,aus,2006,0.737163
7439,aus,2007,0.569357
7439,aus,2008,0.605552
7439,aus,2009,0.574061
7439,aus,2010,0.623277
7439,aus,2011,0.575704
7439,aus,2012,0.591805
7439,aus,2013,0.560997
7439,aus,2014,0.574488
7439,aus,2015,0.58052
7439,aus,2016,0.539822
7439,aus,1962,0.61538
7439,aus,1963,0.558805
7439,aus,1964,0.469032
7439,aus,1965,0.665553
7439,aus,1966,0.668709
7439,aus,1967,0.714951
7439,aus,1968,0.662579
7439,aus,1969,0.749379
7439,aus,1970,0.745047
7439,aus,1971,0.764692
7439,aus,1972,0.765217
7439,aus,1973,0.759515
7439,aus,1974,0.626343
7439,aus,1975,0.626026
7439,aus,1976,0.715949
7439,aus,1977,0.674955
7439,aus,1978,0.464873
7439,aus,1979,0.457831
7439,aus,1980,0.438913
7439,aus,1981,0.42403
7439,aus,1982,0.55956
7439,aus,1983,0.53387
7439,aus,1984,0.568382
7439,aus,1985,0.566981
7439,aus,1986,0.539538
7439,aus,1987,0.536492
7439,aut,1988,0
7439,aut,1989,0
7439,aut,1990,0
7439,aut,1991,0
7439,aut,1992,0
7439,aut,1993,0
7439,aut,1994,0
7439,aut,1995,0
7439,aut,1996,0
7439,aut,1997,0
7439,aut,1998,0
7439,aut,1999,0
7439,aut,2000,0
7439,aut,2001,0
7439,aut,2002,0
7439,aut,2003,0
7439,aut,2004,0
7439,aut,2005,0
7439,aut,2006,0
7439,aut,2007,0
7439,aut,2008,0
7439,aut,2009,0
7439,aut,2010,0
7439,aut,2011,0
7439,aut,2012,0
7439,aut,2013,0
7439,aut,2014,0
7439,aut,2015,0
7439,aut,2016,0
7439,aut,1962,0
7439,aut,1963,0
7439,aut,1964,0
7439,aut,1965,0
7439,aut,1966,0
7439,aut,1967,0
7439,aut,1968,0
7439,aut,1969,0
7439,aut,1970,0
7439,aut,1971,0
7439,aut,1972,0
7439,aut,1973,0
7439,aut,1974,0
7439,aut,1975,0
7439,aut,1976,0
7439,aut,1977,0
7439,aut,1978,0.145449
7439,aut,1979,0.144645
7439,aut,1980,0.125412
7439,aut,1981,0.094987
7439,aut,1982,0
7439,aut,1983,0.226084
7439,aut,1984,0
7439,aut,1985,0.229055
7439,aut,1986,0.237517
7439,aut,1987,0.290567
7439,bdi,1988,0.662029
7439,bdi,1989,0.634922
7439,bdi,1990,0.68801
7439,bdi,1991,0.705264
7439,bdi,1992,0.711353
7439,bdi,1993,0.788807
7439,bdi,1994,0.705929
7439,bdi,1995,0.611298
7439,bdi,1996,0.699949
7439,bdi,1997,0.635004
7439,bdi,1998,0.656539
7439,bdi,1999,0.641602
7439,bdi,2000,0.589051
7439,bdi,2001,0.576491
7439,bdi,2002,0.604336
7439,bdi,2003,0.582911
7439,bdi,2004,0.634958
7439,bdi,2005,0.514971
7439,bdi,2006,0.684136
7439,bdi,2007,0.522644
7439,bdi,2008,0.537143
7439,bdi,2009,0.526528
7439,bdi,2010,0.569583
7439,bdi,2011,0.552667
7439,bdi,2012,0.533168
7439,bdi,2013,0.51958
7439,bdi,2014,0.533093
7439,bdi,2015,0.547341
7439,bdi,2016,0.488367
7439,bdi,1962,0.563846
7439,bdi,1963,0.515346
7439,bdi,1964,0.428169
7439,bdi,1965,0.627553
7439,bdi,1966,0.650266
7439,bdi,1967,0.68137
7439,bdi,1968,0.630082
7439,bdi,1969,0.711155
7439,bdi,1970,0.705556
7439,bdi,1971,0.72896
7439,bdi,1972,0.726037
7439,bdi,1973,0.725436
7439,bdi,1974,0.590425
7439,bdi,1975,0.577652
7439,bdi,1976,0.674883
7439,bdi,1977,0.62515
7439,bdi,1978,0.423816
7439,bdi,1979,0.440045
7439,bdi,1980,0.402461
7439,bdi,1981,0.37575
7439,bdi,1982,0.530554
7439,bdi,1983,0.5136
7439,bdi,1984,0.554067
7439,bdi,1985,0.54786
7439,bdi,1986,0.520466
7439,bdi,1987,0.546235
7439,bel,1988,0
7439,bel,1989,0
7439,bel,1990,0
7439,bel,1991,0
7439,bel,1992,0
7439,bel,1993,0
7439,bel,1994,0
7439,bel,1995,0
7439,bel,1996,0
7439,bel,1997,0.361674
7439,bel,1998,0.381992
7439,bel,1999,0.378228
7439,bel,2000,0.364521
7439,bel,2001,0.3669
7439,bel,2002,0.35717
7439,bel,2003,0.352276
7439,bel,2004,0.388059
7439,bel,2005,0.314677
7439,bel,2006,0.447637
7439,bel,2007,0.301174
7439,bel,2008,0
7439,bel,2009,0.309794
7439,bel,2010,0.326741
7439,bel,2011,0.322271
7439,bel,2012,0.335162
7439,bel,2013,0.316944
7439,bel,2014,0.316405
7439,bel,2015,0
7439,bel,2016,0
7439,bel,1962,0.433088
7439,bel,1963,0.366398
7439,bel,1964,0.29568
7439,bel,1965,0.456068
7439,bel,1966,0.468278
7439,bel,1967,0.515504
7439,bel,1968,0.438248
7439,bel,1969,0.519479
7439,bel,1970,0.516297
7439,bel,1971,0.50867
7439,bel,1972,0.493225
7439,bel,1973,0.47545
7439,bel,1974,0.35143
7439,bel,1975,0.32988
7439,bel,1976,0.427391
7439,bel,1977,0.398558
7439,bel,1978,0.2142
7439,bel,1979,0.232735
7439,bel,1980,0.215997
7439,bel,1981,0.211062
7439,bel,1982,0.332107
7439,bel,1983,0.336504
7439,bel,1984,0.342422
7439,bel,1985,0.366473
7439,bel,1986,0.362776
7439,bel,1987,0.385207
7439,ben,1988,0.649706
7439,ben,1989,0.620553
7439,ben,1990,0.684167
7439,ben,1991,0.701282
7439,ben,1992,0.716295
7439,ben,1993,0.784148
7439,ben,1994,0.695867
7439,ben,1995,0.617574
7439,ben,1996,0.710344
7439,ben,1997,0.639916
7439,ben,1998,0.670409
7439,ben,1999,0.65469
7439,ben,2000,0.586173
7439,ben,2001,0.597265
7439,ben,2002,0.630801
7439,ben,2003,0.593961
7439,ben,2004,0.635328
7439,ben,2005,0.515829
7439,ben,2006,0.707993
7439,ben,2007,0.552182
7439,ben,2008,0.566121
7439,ben,2009,0.540124
7439,ben,2010,0.584086
7439,ben,2011,0.559279
7439,ben,2012,0.559208
7439,ben,2013,0.534565
7439,ben,2014,0.55263
7439,ben,2015,0.554138
7439,ben,2016,0.498335
7439,ben,1962,0.580282
7439,ben,1963,0.52455
7439,ben,1964,0.442166
7439,ben,1965,0.642715
7439,ben,1966,0.666839
7439,ben,1967,0.702262
7439,ben,1968,0.645182
7439,ben,1969,0.722597
7439,ben,1970,0.711659
7439,ben,1971,0.734245
7439,ben,1972,0.737919
7439,ben,1973,0.722418
7439,ben,1974,0.602015
7439,ben,1975,0.581512
7439,ben,1976,0.689455
7439,ben,1977,0.645138
7439,ben,1978,0.429623
7439,ben,1979,0.432633
7439,ben,1980,0.398058
7439,ben,1981,0.387817
7439,ben,1982,0.516945
7439,ben,1983,0.502626
7439,ben,1984,0.557569
7439,ben,1985,0.545285
7439,ben,1986,0.524858
7439,ben,1987,0.541286
7439,bfa,1988,0.658724
7439,bfa,1989,0.638712
7439,bfa,1990,0.687578
7439,bfa,1991,0.712948
7439,bfa,1992,0.716274
7439,bfa,1993,0.777255
7439,bfa,1994,0.702894
7439,bfa,1995,0.611772
7439,bfa,1996,0.697723
7439,bfa,1997,0.635508
7439,bfa,1998,0.668783
7439,bfa,1999,0.646988
7439,bfa,2000,0.581652
7439,bfa,2001,0.590309
7439,bfa,2002,0.617749
7439,bfa,2003,0.594749
7439,bfa,2004,0.638545
7439,bfa,2005,0.522263
7439,bfa,2006,0.714213
7439,bfa,2007,0.560888
7439,bfa,2008,0.562273
7439,bfa,2009,0.544409
7439,bfa,2010,0.576332
7439,bfa,2011,0.548031
7439,bfa,2012,0.547985
7439,bfa,2013,0.521772
7439,bfa,2014,0.547619
7439,bfa,2015,0.544966
7439,bfa,2016,0.485237
7439,bfa,1962,0.587419
7439,bfa,1963,0.548735
7439,bfa,1964,0.458077
7439,bfa,1965,0.652468
7439,bfa,1966,0.676679
7439,bfa,1967,0.695122
7439,bfa,1968,0.639558
7439,bfa,1969,0.722064
7439,bfa,1970,0.707181
7439,bfa,1971,0.73723
7439,bfa,1972,0.737221
7439,bfa,1973,0.737879
7439,bfa,1974,0.595713
7439,bfa,1975,0.59079
7439,bfa,1976,0.689044
7439,bfa,1977,0.626365
7439,bfa,1978,0.434417
7439,bfa,1979,0.430637
7439,bfa,1980,0.408756
7439,bfa,1981,0.363417
7439,bfa,1982,0.544264
7439,bfa,1983,0.507974
7439,bfa,1984,0.557432
7439,bfa,1985,0.548124
7439,bfa,1986,0.520611
7439,bfa,1987,0.53868
7439,bgd,1988,0.682293
7439,bgd,1989,0.648348
7439,bgd,1990,0.696066
7439,bgd,1991,0.719983
7439,bgd,1992,0.716449
7439,bgd,1993,0.792498
7439,bgd,1994,0.711796
7439,bgd,1995,0.629083
7439,bgd,1996,0.726207
7439,bgd,1997,0.65727
7439,bgd,1998,0.674764
7439,bgd,1999,0.655113
7439,bgd,2000,0.596197
7439,bgd,2001,0.599486
7439,bgd,2002,0.628365
7439,bgd,2003,0.599104
7439,bgd,2004,0.657212
7439,bgd,2005,0.5365
7439,bgd,2006,0.721772
7439,bgd,2007,0.558054
7439,bgd,2008,0.583875
7439,bgd,2009,0.555269
7439,bgd,2010,0.594357
7439,bgd,2011,0.570235
7439,bgd,2012,0.568834
7439,bgd,2013,0.54411
7439,bgd,2014,0.563721
7439,bgd,2015,0.566888
7439,bgd,2016,0.500318
7439,bgd,1972,0.724569
7439,bgd,1973,0.720316
7439,bgd,1974,0.583325
7439,bgd,1975,0.589714
7439,bgd,1976,0.685083
7439,bgd,1977,0.636409
7439,bgd,1978,0.438043
7439,bgd,1979,0.437587
7439,bgd,1980,0.404101
7439,bgd,1981,0.384559
7439,bgd,1982,0.550558
7439,bgd,1983,0.524823
7439,bgd,1984,0.572988
7439,bgd,1985,0.553528
7439,bgd,1986,0.52233
7439,bgd,1987,0.544034
7439,bgr,1988,0.594242
7439,bgr,1989,0.538753
7439,bgr,1990,0.6125
7439,bgr,1991,0.662518
7439,bgr,1992,0.669897
7439,bgr,1993,0.748716
7439,bgr,1994,0.665687
7439,bgr,1995,0.591275
7439,bgr,1996,0.640157
7439,bgr,1997,0.566891
7439,bgr,1998,0.600331
7439,bgr,1999,0.587339
7439,bgr,2000,0.534873
7439,bgr,2001,0.542371
7439,bgr,2002,0.574564
7439,bgr,2003,0.536102
7439,bgr,2004,0.581251
7439,bgr,2005,0.470087
7439,bgr,2006,0.611441
7439,bgr,2007,0.468709
7439,bgr,2008,0.498219
7439,bgr,2009,0.462389
7439,bgr,2010,0.49894
7439,bgr,2011,0.470227
7439,bgr,2012,0.472888
7439,bgr,2013,0.441914
7439,bgr,2014,0.461744
7439,bgr,2015,0.486308
7439,bgr,2016,0.441447
7439,bgr,1962,0.619122
7439,bgr,1963,0.565651
7439,bgr,1964,0.468252
7439,bgr,1965,0.644858
7439,bgr,1966,0.647222
7439,bgr,1967,0.723455
7439,bgr,1968,0.635525
7439,bgr,1969,0.711328
7439,bgr,1970,0.640224
7439,bgr,1971,0.681272
7439,bgr,1972,0.678003
7439,bgr,1973,0.67668
7439,bgr,1974,0.546968
7439,bgr,1975,0.528627
7439,bgr,1976,0.576913
7439,bgr,1977,0
7439,bgr,1978,0.415293
7439,bgr,1979,0.426138
7439,bgr,1980,0.342211
7439,bgr,1981,0.3318
7439,bgr,1982,0.473811
7439,bgr,1983,0.474499
7439,bgr,1984,0.495984
7439,bgr,1985,0.48676
7439,bgr,1986,0.467355
7439,bgr,1987,0.500328
7439,bhr,1988,0.632162
7439,bhr,1989,0.594996
7439,bhr,1990,0.671501
7439,bhr,1991,0.699697
7439,bhr,1992,0.693476
7439,bhr,1993,0.772039
7439,bhr,1994,0.697184
7439,bhr,1995,0.627671
7439,bhr,1996,0.694975
7439,bhr,1997,0.644877
7439,bhr,1998,0.671804
7439,bhr,1999,0.648019
7439,bhr,2000,0.59952
7439,bhr,2001,0.599912
7439,bhr,2002,0.615218
7439,bhr,2003,0.581784
7439,bhr,2004,0.638825
7439,bhr,2005,0.5046
7439,bhr,2006,0.690342
7439,bhr,2007,0.521741
7439,bhr,2008,0.527188
7439,bhr,2009,0.527302
7439,bhr,2010,0.569327
7439,bhr,2011,0.518686
7439,bhr,2012,0.532107
7439,bhr,2013,0.50516
7439,bhr,2014,0.523658
7439,bhr,2015,0.513351
7439,bhr,2016,0.470574
7439,bhr,1962,0.558903
7439,bhr,1963,0.512427
7439,bhr,1964,0.420115
7439,bhr,1965,0.630258
7439,bhr,1966,0.646591
7439,bhr,1967,0.67699
7439,bhr,1968,0.626335
7439,bhr,1969,0.711256
7439,bhr,1970,0.699131
7439,bhr,1971,0.72467
7439,bhr,1972,0.720971
7439,bhr,1973,0.71213
7439,bhr,1974,0.58659
7439,bhr,1975,0.57215
7439,bhr,1976,0.662528
7439,bhr,1977,0.587241
7439,bhr,1978,0.408817
7439,bhr,1979,0.416872
7439,bhr,1980,0.383803
7439,bhr,1981,0.361384
7439,bhr,1982,0.52558
7439,bhr,1983,0.508496
7439,bhr,1984,0.543087
7439,bhr,1985,0.538414
7439,bhr,1986,0.515419
7439,bhr,1987,0.524871
7439,bhs,1988,0.636556
7439,bhs,1989,0.611388
7439,bhs,1990,0.663381
7439,bhs,1991,0.692248
7439,bhs,1992,0.704645
7439,bhs,1993,0.767516
7439,bhs,1994,0.679468
7439,bhs,1995,0.586305
7439,bhs,1996,0.681349
7439,bhs,1997,0.616889
7439,bhs,1998,0.63139
7439,bhs,1999,0.601671
7439,bhs,2000,0.560065
7439,bhs,2001,0.580271
7439,bhs,2002,0.606177
7439,bhs,2003,0.567885
7439,bhs,2004,0.621051
7439,bhs,2005,0.494198
7439,bhs,2006,0.687675
7439,bhs,2007,0.50544
7439,bhs,2008,0.536106
7439,bhs,2009,0.517705
7439,bhs,2010,0.550356
7439,bhs,2011,0.523487
7439,bhs,2012,0.522878
7439,bhs,2013,0.494236
7439,bhs,2014,0.51601
7439,bhs,2015,0.517772
7439,bhs,2016,0.463833
7439,bhs,1962,0.55601
7439,bhs,1963,0.480797
7439,bhs,1964,0.408932
7439,bhs,1965,0.618189
7439,bhs,1966,0.638285
7439,bhs,1967,0.671015
7439,bhs,1968,0.613081
7439,bhs,1969,0.701727
7439,bhs,1970,0.697633
7439,bhs,1971,0.725602
7439,bhs,1972,0.72576
7439,bhs,1973,0.713288
7439,bhs,1974,0.577762
7439,bhs,1975,0.569862
7439,bhs,1976,0.662324
7439,bhs,1977,0.605112
7439,bhs,1978,0.413056
7439,bhs,1979,0.421691
7439,bhs,1980,0.387497
7439,bhs,1981,0.355794
7439,bhs,1982,0.52826
7439,bhs,1983,0.490699
7439,bhs,1984,0.536788
7439,bhs,1985,0.521157
7439,bhs,1986,0.506463
7439,bhs,1987,0.534005
7439,blz,1988,0.65646
7439,blz,1989,0.62928
7439,blz,1990,0.677066
7439,blz,1991,0.701529
7439,blz,1992,0.686797
7439,blz,1993,0.766078
7439,blz,1994,0.696934
7439,blz,1995,0.601128
7439,blz,1996,0.682912
7439,blz,1997,0.634004
7439,blz,1998,0.655298
7439,blz,1999,0.640264
7439,blz,2000,0.591341
7439,blz,2001,0.571664
7439,blz,2002,0.613844
7439,blz,2003,0.575681
7439,blz,2004,0.620467
7439,blz,2005,0.501152
7439,blz,2006,0.680738
7439,blz,2007,0.522905
7439,blz,2008,0.556086
7439,blz,2009,0.532438
7439,blz,2010,0.57813
7439,blz,2011,0.548729
7439,blz,2012,0.548506
7439,blz,2013,0.52344
7439,blz,2014,0.514388
7439,blz,2015,0.543711
7439,blz,2016,0.461706
7439,blz,1962,0.55771
7439,blz,1963,0.50507
7439,blz,1964,0.416871
7439,blz,1965,0
7439,blz,1966,0
7439,blz,1967,0.674204
7439,blz,1968,0.613941
7439,blz,1969,0.700864
7439,blz,1970,0.71129
7439,blz,1971,0.727746
7439,blz,1972,0.720337
7439,blz,1973,0.729079
7439,blz,1974,0.596995
7439,blz,1975,0.576143
7439,blz,1976,0.685208
7439,blz,1977,0.624125
7439,blz,1978,0.424376
7439,blz,1979,0.436858
7439,blz,1980,0.406062
7439,blz,1981,0.374788
7439,blz,1982,0.545682
7439,blz,1983,0.516234
7439,blz,1984,0.553006
7439,blz,1985,0.538299
7439,blz,1986,0.517908
7439,blz,1987,0.538745
7439,bmu,1988,0.638202
7439,bmu,1989,0.609135
7439,bmu,1990,0.67095
7439,bmu,1991,0.688922
7439,bmu,1992,0.703662
7439,bmu,1993,0
7439,bmu,1994,0.687355
7439,bmu,1995,0.587948
7439,bmu,1996,0.680466
7439,bmu,1997,0.611053
7439,bmu,1998,0.625652
7439,bmu,1999,0.617211
7439,bmu,2000,0.565567
7439,bmu,2001,0.567827
7439,bmu,2002,0.579059
7439,bmu,2003,0.565864
7439,bmu,2004,0.607627
7439,bmu,2005,0.491392
7439,bmu,2006,0.680479
7439,bmu,2007,0.49716
7439,bmu,2008,0.53085
7439,bmu,2009,0.504136
7439,bmu,2010,0.566193
7439,bmu,2011,0.52158
7439,bmu,2012,0.513632
7439,bmu,2013,0.488823
7439,bmu,2014,0.495317
7439,bmu,2015,0.509517
7439,bmu,2016,0.459028
7439,bmu,1962,0.439329
7439,bmu,1963,0.468861
7439,bmu,1964,0.367208
7439,bmu,1965,0.596752
7439,bmu,1966,0.630603
7439,bmu,1967,0.667025
7439,bmu,1968,0.605702
7439,bmu,1969,0.701617
7439,bmu,1970,0.691255
7439,bmu,1971,0.714464
7439,bmu,1972,0.698183
7439,bmu,1973,0.688632
7439,bmu,1974,0.574699
7439,bmu,1975,0.553334
7439,bmu,1976,0.651779
7439,bmu,1977,0.548646
7439,bmu,1978,0.401562
7439,bmu,1979,0.399259
7439,bmu,1980,0.368525
7439,bmu,1981,0
7439,bmu,1982,0.503291
7439,bmu,1983,0.482545
7439,bmu,1984,0.526861
7439,bmu,1985,0.515885
7439,bmu,1986,0.502068
7439,bmu,1987,0.535232
7439,bol,1988,0.678063
7439,bol,1989,0.656552
7439,bol,1990,0.716925
7439,bol,1991,0.745982
7439,bol,1992,0.733166
7439,bol,1993,0.811019
7439,bol,1994,0.723535
7439,bol,1995,0.631405
7439,bol,1996,0.735143
7439,bol,1997,0.67427
7439,bol,1998,0.695419
7439,bol,1999,0.669134
7439,bol,2000,0.606719
7439,bol,2001,0.613233
7439,bol,2002,0.653673
7439,bol,2003,0.606687
7439,bol,2004,0.658727
7439,bol,2005,0.539232
7439,bol,2006,0.72836
7439,bol,2007,0.563693
7439,bol,2008,0.589402
7439,bol,2009,0.568797
7439,bol,2010,0.607986
7439,bol,2011,0.569974
7439,bol,2012,0.572351
7439,bol,2013,0.549439
7439,bol,2014,0.562792
7439,bol,2015,0.570917
7439,bol,2016,0.520865
7439,bol,1962,0.576784
7439,bol,1963,0.527081
7439,bol,1964,0.436949
7439,bol,1965,0.638829
7439,bol,1966,0.660353
7439,bol,1967,0.690962
7439,bol,1968,0.632023
7439,bol,1969,0.71483
7439,bol,1970,0.707085
7439,bol,1971,0.730317
7439,bol,1972,0.747404
7439,bol,1973,0.730181
7439,bol,1974,0.592678
7439,bol,1975,0.58352
7439,bol,1976,0.684875
7439,bol,1977,0.634939
7439,bol,1978,0.433773
7439,bol,1979,0.429366
7439,bol,1980,0.407527
7439,bol,1981,0.376101
7439,bol,1982,0.534942
7439,bol,1983,0.523383
7439,bol,1984,0.567884
7439,bol,1985,0.554454
7439,bol,1986,0.534791
7439,bol,1987,0.546174
7439,bra,1988,0.623882
7439,bra,1989,0.601546
7439,bra,1990,0.653172
7439,bra,1991,0.644496
7439,bra,1992,0.648519
7439,bra,1993,0.683126
7439,bra,1994,0.642012
7439,bra,1995,0.537953
7439,bra,1996,0.610168
7439,bra,1997,0.554896
7439,bra,1998,0.605366
7439,bra,1999,0.599377
7439,bra,2000,0.524255
7439,bra,2001,0.553799
7439,bra,2002,0.582113
7439,bra,2003,0.537055
7439,bra,2004,0.591671
7439,bra,2005,0.451194
7439,bra,2006,0.632162
7439,bra,2007,0.487874
7439,bra,2008,0.537784
7439,bra,2009,0.521019
7439,bra,2010,0.537078
7439,bra,2011,0.52511
7439,bra,2012,0.524762
7439,bra,2013,0.513621
7439,bra,2014,0.529855
7439,bra,2015,0.538332
7439,bra,2016,0.471309
7439,bra,1962,0.610116
7439,bra,1963,0.547465
7439,bra,1964,0.487524
7439,bra,1965,0.679873
7439,bra,1966,0.699603
7439,bra,1967,0.703435
7439,bra,1968,0.666154
7439,bra,1969,0.742891
7439,bra,1970,0.740797
7439,bra,1971,0.756717
7439,bra,1972,0.757802
7439,bra,1973,0.760652
7439,bra,1974,0.618333
7439,bra,1975,0.60635
7439,bra,1976,0.705657
7439,bra,1977,0.666393
7439,bra,1978,0.463827
7439,bra,1979,0.467183
7439,bra,1980,0.425857
7439,bra,1981,0.399014
7439,bra,1982,0.537904
7439,bra,1983,0.514255
7439,bra,1984,0.539931
7439,bra,1985,0.529788
7439,bra,1986,0.496198
7439,bra,1987,0.512688
7439,brb,1988,0.591865
7439,brb,1989,0.573481
7439,brb,1990,0.602909
7439,brb,1991,0.655218
7439,brb,1992,0.654471
7439,brb,1993,0.728132
7439,brb,1994,0.625365
7439,brb,1995,0.523728
7439,brb,1996,0.662451
7439,brb,1997,0.563146
7439,brb,1998,0.607037
7439,brb,1999,0.568252
7439,brb,2000,0
7439,brb,2001,0.566082
7439,brb,2002,0.585413
7439,brb,2003,0.551142
7439,brb,2004,0.598922
7439,brb,2005,0.44535
7439,brb,2006,0.615073
7439,brb,2007,0
7439,brb,2008,0.44322
7439,brb,2009,0.384104
7439,brb,2010,0.485226
7439,brb,2011,0.490572
7439,brb,2012,0.45242
7439,brb,2013,0.481928
7439,brb,2014,0.530556
7439,brb,2015,0.51346
7439,brb,2016,0.450679
7439,brb,1962,0.56178
7439,brb,1963,0.50862
7439,brb,1964,0.42045
7439,brb,1965,0.630988
7439,brb,1966,0.641759
7439,brb,1967,0.67941
7439,brb,1968,0.606902
7439,brb,1969,0.686208
7439,brb,1970,0.679454
7439,brb,1971,0.692377
7439,brb,1972,0.670552
7439,brb,1973,0.644817
7439,brb,1974,0.550706
7439,brb,1975,0.556586
7439,brb,1976,0.608394
7439,brb,1977,0.565219
7439,brb,1978,0.404355
7439,brb,1979,0.400083
7439,brb,1980,0.365214
7439,brb,1981,0
7439,brb,1982,0
7439,brb,1983,0
7439,brb,1984,0
7439,brb,1985,0.508062
7439,brb,1986,0.478901
7439,brb,1987,0.51174
7439,brn,1988,0.652555
7439,brn,1989,0.617202
7439,brn,1990,0.674012
7439,brn,1991,0.697104
7439,brn,1992,0.708314
7439,brn,1993,0.773879
7439,brn,1994,0.696787
7439,brn,1995,0.602494
7439,brn,1996,0.694324
7439,brn,1997,0.630025
7439,brn,1998,0.653592
7439,brn,1999,0.636
7439,brn,2000,0.583533
7439,brn,2001,0.583855
7439,brn,2002,0.610561
7439,brn,2003,0.573137
7439,brn,2004,0.623805
7439,brn,2005,0.494757
7439,brn,2006,0.687488
7439,brn,2007,0.510322
7439,brn,2008,0.538767
7439,brn,2009,0.516204
7439,brn,2010,0.563693
7439,brn,2011,0.525296
7439,brn,2012,0.528091
7439,brn,2013,0.502115
7439,brn,2014,0.524943
7439,brn,2015,0.525495
7439,brn,2016,0.46378
7439,brn,1962,0.552928
7439,brn,1963,0.51818
7439,brn,1964,0.42102
7439,brn,1965,0.621765
7439,brn,1966,0.640854
7439,brn,1967,0.676036
7439,brn,1968,0.618268
7439,brn,1969,0.702684
7439,brn,1970,0.698586
7439,brn,1971,0.71554
7439,brn,1972,0.70945
7439,brn,1973,0.708561
7439,brn,1974,0.573841
7439,brn,1975,0.563995
7439,brn,1976,0.667138
7439,brn,1977,0.620546
7439,brn,1978,0.408573
7439,brn,1979,0.413531
7439,brn,1980,0.381345
7439,brn,1981,0.359906
7439,brn,1982,0.526848
7439,brn,1983,0.504433
7439,brn,1984,0.546531
7439,brn,1985,0.536212
7439,brn,1986,0.511445
7439,brn,1987,0.537148
7439,btn,1988,0.635036
7439,btn,1989,0.593765
7439,btn,1990,0.646586
7439,btn,1991,0.659685
7439,btn,1992,0.652813
7439,btn,1993,0.756107
7439,btn,1994,0.690876
7439,btn,1995,0.595243
7439,btn,1996,0.697693
7439,btn,1997,0.603288
7439,btn,1998,0.637134
7439,btn,1999,0.619858
7439,btn,2000,0.532622
7439,btn,2001,0.568078
7439,btn,2002,0.553754
7439,btn,2003,0.513454
7439,btn,2004,0.575499
7439,btn,2005,0.469987
7439,btn,2006,0.682817
7439,btn,2007,0.499908
7439,btn,2008,0.545763
7439,btn,2009,0.523017
7439,btn,2010,0.557698
7439,btn,2011,0.530123
7439,btn,2012,0.528254
7439,btn,2013,0.498965
7439,btn,2014,0.530775
7439,btn,2015,0.538713
7439,btn,2016,0.469019
7439,btn,1965,0.621158
7439,btn,1969,0.700681
7439,btn,1970,0.692535
7439,btn,1971,0.712779
7439,btn,1972,0.714278
7439,btn,1973,0.691802
7439,btn,1974,0.584366
7439,btn,1975,0.55495
7439,btn,1976,0.663612
7439,btn,1977,0.58546
7439,btn,1978,0.401429
7439,btn,1979,0.415454
7439,btn,1980,0.381676
7439,btn,1981,0.364361
7439,btn,1982,0.501896
7439,btn,1983,0.488268
7439,btn,1984,0.543813
7439,btn,1985,0.511764
7439,btn,1986,0.482243
7439,btn,1987,0.526192
7439,caf,1988,0.672048
7439,caf,1989,0.635684
7439,caf,1990,0.682032
7439,caf,1991,0.701735
7439,caf,1992,0.716949
7439,caf,1993,0.786141
7439,caf,1994,0.705337
7439,caf,1995,0.602708
7439,caf,1996,0.699239
7439,caf,1997,0.625764
7439,caf,1998,0.657013
7439,caf,1999,0.639852
7439,caf,2000,0.587373
7439,caf,2001,0.589286
7439,caf,2002,0.61214
7439,caf,2003,0.582797
7439,caf,2004,0.630018
7439,caf,2005,0.502862
7439,caf,2006,0.698661
7439,caf,2007,0.525763
7439,caf,2008,0.543882
7439,caf,2009,0.516315
7439,caf,2010,0.557903
7439,caf,2011,0.529077
7439,caf,2012,0.527385
7439,caf,2013,0.518139
7439,caf,2014,0.520007
7439,caf,2015,0.527541
7439,caf,2016,0.480367
7439,caf,1962,0.583972
7439,caf,1963,0.533378
7439,caf,1964,0.448974
7439,caf,1965,0.638019
7439,caf,1966,0.66333
7439,caf,1967,0.686543
7439,caf,1968,0.628864
7439,caf,1969,0.71052
7439,caf,1970,0.710181
7439,caf,1971,0.728842
7439,caf,1972,0.735433
7439,caf,1973,0.731182
7439,caf,1974,0.592261
7439,caf,1975,0.573604
7439,caf,1976,0.679786
7439,caf,1977,0.633073
7439,caf,1978,0.43049
7439,caf,1979,0.434315
7439,caf,1980,0.39821
7439,caf,1981,0.380663
7439,caf,1982,0.545292
7439,caf,1983,0.515747
7439,caf,1984,0.559155
7439,caf,1985,0.544468
7439,caf,1986,0.518822
7439,caf,1987,0.546347
7439,can,1988,0.611746
7439,can,1989,0.562504
7439,can,1990,0.61542
7439,can,1991,0.644362
7439,can,1992,0.634032
7439,can,1993,0.699106
7439,can,1994,0.628117
7439,can,1995,0
7439,can,1996,0
7439,can,1997,0
7439,can,1998,0
7439,can,1999,0
7439,can,2000,0
7439,can,2001,0
7439,can,2002,0
7439,can,2003,0
7439,can,2004,0
7439,can,2005,0.408781
7439,can,2006,0.582134
7439,can,2007,0.432013
7439,can,2008,0.490011
7439,can,2009,0.440088
7439,can,2010,0.521666
7439,can,2011,0.473734
7439,can,2012,0.466249
7439,can,2013,0.440167
7439,can,2014,0.462296
7439,can,2015,0.450394
7439,can,2016,0.39649
7439,can,1962,0.61629
7439,can,1963,0.548108
7439,can,1964,0.454089
7439,can,1965,0.64374
7439,can,1966,0.652065
7439,can,1967,0.676715
7439,can,1968,0.623615
7439,can,1969,0.702923
7439,can,1970,0.694312
7439,can,1971,0.713977
7439,can,1972,0.706473
7439,can,1973,0.709152
7439,can,1974,0.573815
7439,can,1975,0.567913
7439,can,1976,0.664194
7439,can,1977,0.616247
7439,can,1978,0.381773
7439,can,1979,0.377376
7439,can,1980,0.356316
7439,can,1981,0.338177
7439,can,1982,0.473182
7439,can,1983,0.470513
7439,can,1984,0.504931
7439,can,1985,0.487736
7439,can,1986,0.445902
7439,can,1987,0.474803
7439,cck,1988,0.614648
7439,cck,1989,0.568285
7439,cck,1990,0.604113
7439,cck,1991,0.668779
7439,cck,1992,0.659894
7439,cck,1993,0.747502
7439,cck,1994,0.684758
7439,cck,1995,0.599964
7439,cck,1996,0.677974
7439,cck,1997,0.589968
7439,cck,1998,0.639495
7439,cck,1999,0.623441
7439,cck,2000,0.501616
7439,cck,2001,0
7439,cck,2002,0.58845
7439,cck,2003,0
7439,cck,2004,0.586952
7439,cck,2005,0.428667
7439,cck,2006,0.602424
7439,cck,2007,0.455564
7439,cck,2008,0.474068
7439,cck,2009,0.478813
7439,cck,2010,0
7439,cck,2011,0.503873
7439,cck,2012,0.446767
7439,cck,2013,0.424165
7439,cck,2014,0.484333
7439,cck,2015,0.482866
7439,cck,2016,0.400955
7439,cck,1970,0
7439,cck,1971,0.712915
7439,cck,1972,0.713475
7439,cck,1973,0.702362
7439,cck,1974,0.580074
7439,cck,1975,0
7439,cck,1976,0
7439,cck,1977,0
7439,cck,1978,0.378432
7439,cck,1979,0.382115
7439,cck,1980,0.359221
7439,cck,1981,0.339962
7439,cck,1982,0.527473
7439,cck,1983,0.505098
7439,cck,1984,0.533116
7439,cck,1985,0.533949
7439,cck,1986,0.496748
7439,cck,1987,0.520524
7439,che,1988,0
7439,che,1989,0.207433
7439,che,1990,0.221517
7439,che,1991,0
7439,che,1992,0.262768
7439,che,1993,0.304299
7439,che,1994,0
7439,che,1995,0
7439,che,1996,0
7439,che,1997,0
7439,che,1998,0
7439,che,1999,0
7439,che,2000,0
7439,che,2001,0
7439,che,2002,0
7439,che,2003,0
7439,che,2004,0
7439,che,2005,0
7439,che,2006,0
7439,che,2007,0
7439,che,2008,0
7439,che,2009,0
7439,che,2010,0
7439,che,2011,0
7439,che,2012,0
7439,che,2013,0.259196
7439,che,2014,0.237754
7439,che,2015,0.268993
7439,che,2016,0.234526
7439,che,1962,0
7439,che,1963,0
7439,che,1964,0
7439,che,1965,0
7439,che,1966,0
7439,che,1967,0
7439,che,1968,0
7439,che,1969,0
7439,che,1970,0
7439,che,1971,0
7439,che,1972,0
7439,che,1973,0
7439,che,1974,0
7439,che,1975,0
7439,che,1976,0
7439,che,1977,0
7439,che,1978,0.129166
7439,che,1979,0.103594
7439,che,1980,0.095372
7439,che,1981,0.085047
7439,che,1982,0.178206
7439,che,1983,0.177939
7439,che,1984,0.195981
7439,che,1985,0
7439,che,1986,0.195297
7439,che,1987,0.244196
7439,chl,1988,0.699198
7439,chl,1989,0.677603
7439,chl,1990,0.722675
7439,chl,1991,0.737812
7439,chl,1992,0.730194
7439,chl,1993,0.801789
7439,chl,1994,0.723255
7439,chl,1995,0.63913
7439,chl,1996,0.712345
7439,chl,1997,0.668774
7439,chl,1998,0.697655
7439,chl,1999,0.67091
7439,chl,2000,0.614439
7439,chl,2001,0.633745
7439,chl,2002,0.6402
7439,chl,2003,0.609098
7439,chl,2004,0.660726
7439,chl,2005,0.531341
7439,chl,2006,0.713826
7439,chl,2007,0.544683
7439,chl,2008,0.586943
7439,chl,2009,0.56316
7439,chl,2010,0.605631
7439,chl,2011,0.563062
7439,chl,2012,0.568658
7439,chl,2013,0.541628
7439,chl,2014,0.568795
7439,chl,2015,0.566351
7439,chl,2016,0.507951
7439,chl,1962,0.575664
7439,chl,1963,0.522476
7439,chl,1964,0.438623
7439,chl,1965,0.637623
7439,chl,1966,0.646343
7439,chl,1967,0.689752
7439,chl,1968,0.630642
7439,chl,1969,0.721227
7439,chl,1970,0.710055
7439,chl,1971,0.740854
7439,chl,1972,0.740017
7439,chl,1973,0.728639
7439,chl,1974,0.601801
7439,chl,1975,0.593936
7439,chl,1976,0.693195
7439,chl,1977,0.660268
7439,chl,1978,0.461613
7439,chl,1979,0.45944
7439,chl,1980,0.418252
7439,chl,1981,0.408126
7439,chl,1982,0.553993
7439,chl,1983,0.541305
7439,chl,1984,0.575573
7439,chl,1985,0.566006
7439,chl,1986,0.547444
7439,chl,1987,0.559598
7439,chn,1988,0.655844
7439,chn,1989,0.647626
7439,chn,1990,0.681163
7439,chn,1991,0.717344
7439,chn,1992,0.714186
7439,chn,1993,0.761304
7439,chn,1994,0.687352
7439,chn,1995,0.602358
7439,chn,1996,0.666725
7439,chn,1997,0.598906
7439,chn,1998,0.617148
7439,chn,1999,0.594071
7439,chn,2000,0.525501
7439,chn,2001,0.527686
7439,chn,2002,0.569536
7439,chn,2003,0.51338
7439,chn,2004,0.539979
7439,chn,2005,0.414527
7439,chn,2006,0.573415
7439,chn,2007,0.409074
7439,chn,2008,0.388386
7439,chn,2009,0.37204
7439,chn,2010,0.38642
7439,chn,2011,0.315173
7439,chn,2012,0.297639
7439,chn,2013,0.263662
7439,chn,2014,0.278362
7439,chn,2015,0.309635
7439,chn,2016,0.258545
7439,chn,1962,0.593848
7439,chn,1963,0.558378
7439,chn,1964,0.483847
7439,chn,1965,0.658486
7439,chn,1966,0.664297
7439,chn,1967,0.693267
7439,chn,1968,0.66015
7439,chn,1969,0.728745
7439,chn,1970,0.721301
7439,chn,1971,0.730036
7439,chn,1972,0.731819
7439,chn,1973,0.744292
7439,chn,1974,0.620928
7439,chn,1975,0.616573
7439,chn,1976,0.688691
7439,chn,1977,0.657909
7439,chn,1978,0.467342
7439,chn,1979,0.465813
7439,chn,1980,0.415155
7439,chn,1981,0.400279
7439,chn,1982,0.547946
7439,chn,1983,0.51665
7439,chn,1984,0.555273
7439,chn,1985,0.560592
7439,chn,1986,0.524441
7439,chn,1987,0.53347
7439,civ,1988,0.676149
7439,civ,1989,0.657823
7439,civ,1990,0.701961
7439,civ,1991,0.73314
7439,civ,1992,0.72799
7439,civ,1993,0.792145
7439,civ,1994,0.714256
7439,civ,1995,0.625989
7439,civ,1996,0.721843
7439,civ,1997,0.652739
7439,civ,1998,0.682611
7439,civ,1999,0.635973
7439,civ,2000,0.61176
7439,civ,2001,0.617155
7439,civ,2002,0.645167
7439,civ,2003,0.604928
7439,civ,2004,0.652143
7439,civ,2005,0.538529
7439,civ,2006,0.719333
7439,civ,2007,0.577217
7439,civ,2008,0.591849
7439,civ,2009,0.55691
7439,civ,2010,0.600814
7439,civ,2011,0.567908
7439,civ,2012,0.572776
7439,civ,2013,0.54762
7439,civ,2014,0.573946
7439,civ,2015,0.569267
7439,civ,2016,0.508525
7439,civ,1962,0.579681
7439,civ,1963,0.522831
7439,civ,1964,0.449593
7439,civ,1965,0.640283
7439,civ,1966,0.665764
7439,civ,1967,0.702403
7439,civ,1968,0.645029
7439,civ,1969,0.718588
7439,civ,1970,0.720669
7439,civ,1971,0.740101
7439,civ,1972,0.744971
7439,civ,1973,0.744006
7439,civ,1974,0.613836
7439,civ,1975,0.605483
7439,civ,1976,0.694662
7439,civ,1977,0.646125
7439,civ,1978,0.456636
7439,civ,1979,0.449649
7439,civ,1980,0.419069
7439,civ,1981,0.399758
7439,civ,1982,0.571902
7439,civ,1983,0.529589
7439,civ,1984,0.573155
7439,civ,1985,0.560053
7439,civ,1986,0.532806
7439,civ,1987,0.55199
7439,cmr,1988,0.670967
7439,cmr,1989,0.654163
7439,cmr,1990,0.697271
7439,cmr,1991,0.713305
7439,cmr,1992,0.716307
7439,cmr,1993,0.787015
7439,cmr,1994,0.703953
7439,cmr,1995,0.620447
7439,cmr,1996,0.708112
7439,cmr,1997,0.645707
7439,cmr,1998,0.673792
7439,cmr,1999,0.647326
7439,cmr,2000,0.592223
7439,cmr,2001,0.604648
7439,cmr,2002,0.638199
7439,cmr,2003,0.602345
7439,cmr,2004,0.639896
7439,cmr,2005,0.523302
7439,cmr,2006,0.707347
7439,cmr,2007,0.543695
7439,cmr,2008,0.569543
7439,cmr,2009,0.549402
7439,cmr,2010,0.595768
7439,cmr,2011,0.555499
7439,cmr,2012,0.561207
7439,cmr,2013,0.534027
7439,cmr,2014,0.547959
7439,cmr,2015,0.55556
7439,cmr,2016,0.506496
7439,cmr,1962,0.58603
7439,cmr,1963,0.540654
7439,cmr,1964,0.463044
7439,cmr,1965,0.647945
7439,cmr,1966,0.664634
7439,cmr,1967,0.698887
7439,cmr,1968,0.638765
7439,cmr,1969,0.718692
7439,cmr,1970,0.71911
7439,cmr,1971,0.740011
7439,cmr,1972,0.73674
7439,cmr,1973,0.729132
7439,cmr,1974,0.607288
7439,cmr,1975,0.5964
7439,cmr,1976,0.695937
7439,cmr,1977,0.64327
7439,cmr,1978,0.44926
7439,cmr,1979,0.447613
7439,cmr,1980,0.415663
7439,cmr,1981,0.394703
7439,cmr,1982,0.558284
7439,cmr,1983,0.522056
7439,cmr,1984,0.565153
7439,cmr,1985,0.549356
7439,cmr,1986,0.523585
7439,cmr,1987,0.545328
7439,cod,1988,0.655473
7439,cod,1989,0.635135
7439,cod,1990,0.682198
7439,cod,1991,0.706974
7439,cod,1992,0.713052
7439,cod,1993,0.781762
7439,cod,1994,0.704521
7439,cod,1995,0.614056
7439,cod,1996,0.702321
7439,cod,1997,0.639287
7439,cod,1998,0.670965
7439,cod,1999,0.644069
7439,cod,2000,0.587038
7439,cod,2001,0.602705
7439,cod,2002,0.618395
7439,cod,2003,0.584983
7439,cod,2004,0.640219
7439,cod,2005,0.518488
7439,cod,2006,0.705495
7439,cod,2007,0.545033
7439,cod,2008,0.562457
7439,cod,2009,0.53816
7439,cod,2010,0.579083
7439,cod,2011,0.539316
7439,cod,2012,0.549311
7439,cod,2013,0.518302
7439,cod,2014,0.538548
7439,cod,2015,0.543211
7439,cod,2016,0.483089
7439,cod,1962,0.572021
7439,cod,1963,0.528197
7439,cod,1964,0.453133
7439,cod,1965,0.638412
7439,cod,1966,0.657875
7439,cod,1967,0.693409
7439,cod,1968,0.631698
7439,cod,1969,0.710143
7439,cod,1970,0.707018
7439,cod,1971,0.728988
7439,cod,1972,0.732487
7439,cod,1973,0.721642
7439,cod,1974,0.595769
7439,cod,1975,0.582261
7439,cod,1976,0.676055
7439,cod,1977,0.629344
7439,cod,1978,0.432693
7439,cod,1979,0.436559
7439,cod,1980,0.404428
7439,cod,1981,0.387575
7439,cod,1982,0.546465
7439,cod,1983,0.518086
7439,cod,1984,0.560947
7439,cod,1985,0.54813
7439,cod,1986,0.523459
7439,cod,1987,0.545735
7439,cog,1988,0.659524
7439,cog,1989,0.62788
7439,cog,1990,0.687853
7439,cog,1991,0.703153
7439,cog,1992,0.710479
7439,cog,1993,0.780898
7439,cog,1994,0.700063
7439,cog,1995,0.605011
7439,cog,1996,0.696256
7439,cog,1997,0.634992
7439,cog,1998,0.674777
7439,cog,1999,0.650497
7439,cog,2000,0.591245
7439,cog,2001,0.599345
7439,cog,2002,0.62022
7439,cog,2003,0.586524
7439,cog,2004,0.641045
7439,cog,2005,0.509857
7439,cog,2006,0.702828
7439,cog,2007,0.529346
7439,cog,2008,0.554957
7439,cog,2009,0.531718
7439,cog,2010,0.576267
7439,cog,2011,0.540563
7439,cog,2012,0.54339
7439,cog,2013,0.513546
7439,cog,2014,0.535767
7439,cog,2015,0.545775
7439,cog,2016,0.485786
7439,cog,1962,0.580558
7439,cog,1963,0.530629
7439,cog,1964,0.46917
7439,cog,1965,0.642728
7439,cog,1966,0.66213
7439,cog,1967,0.700736
7439,cog,1968,0.638855
7439,cog,1969,0.717022
7439,cog,1970,0.712883
7439,cog,1971,0.731597
7439,cog,1972,0.733047
7439,cog,1973,0.722267
7439,cog,1974,0.592532
7439,cog,1975,0.579652
7439,cog,1976,0.680672
7439,cog,1977,0.634274
7439,cog,1978,0.421597
7439,cog,1979,0.429614
7439,cog,1980,0.396061
7439,cog,1981,0.37338
7439,cog,1982,0.537609
7439,cog,1983,0.51195
7439,cog,1984,0.554644
7439,cog,1985,0.543379
7439,cog,1986,0.521368
7439,cog,1987,0.542428
7439,cok,1988,0.651208
7439,cok,1989,0.606487
7439,cok,1990,0.665703
7439,cok,1991,0.692866
7439,cok,1992,0.714057
7439,cok,1993,0.76828
7439,cok,1994,0
7439,cok,1995,0.580591
7439,cok,1996,0.686119
7439,cok,1997,0.598827
7439,cok,1998,0.632881
7439,cok,1999,0.59216
7439,cok,2000,0.575175
7439,cok,2001,0.561928
7439,cok,2002,0.564657
7439,cok,2003,0.546032
7439,cok,2004,0.605055
7439,cok,2005,0
7439,cok,2006,0.633259
7439,cok,2007,0.482914
7439,cok,2008,0.507048
7439,cok,2009,0.476407
7439,cok,2010,0.526814
7439,cok,2011,0.520684
7439,cok,2012,0.53063
7439,cok,2013,0.48417
7439,cok,2014,0.519585
7439,cok,2015,0.51477
7439,cok,2016,0.460781
7439,cok,1962,0.554494
7439,cok,1963,0
7439,cok,1964,0
7439,cok,1966,0.638024
7439,cok,1970,0.695378
7439,cok,1971,0.715001
7439,cok,1972,0.717166
7439,cok,1973,0.700362
7439,cok,1974,0.531779
7439,cok,1975,0.524629
7439,cok,1976,0
7439,cok,1977,0
7439,cok,1978,0.397276
7439,cok,1979,0.417326
7439,cok,1980,0.387356
7439,cok,1981,0.369916
7439,cok,1982,0.532918
7439,cok,1983,0.509733
7439,cok,1984,0.549104
7439,cok,1985,0
7439,cok,1986,0
7439,cok,1987,0.533835
7439,col,1988,0.668432
7439,col,1989,0.644522
7439,col,1990,0.694559
7439,col,1991,0.713678
7439,col,1992,0.712449
7439,col,1993,0.777079
7439,col,1994,0.696274
7439,col,1995,0.611595
7439,col,1996,0.710647
7439,col,1997,0.642628
7439,col,1998,0.660011
7439,col,1999,0.638448
7439,col,2000,0.578125
7439,col,2001,0.577204
7439,col,2002,0.618425
7439,col,2003,0.593232
7439,col,2004,0.631158
7439,col,2005,0.528885
7439,col,2006,0.703532
7439,col,2007,0.554396
7439,col,2008,0.546187
7439,col,2009,0.513909
7439,col,2010,0.578254
7439,col,2011,0.549405
7439,col,2012,0.552628
7439,col,2013,0.515809
7439,col,2014,0.536758
7439,col,2015,0.5433
7439,col,2016,0.489412
7439,col,1962,0.583569
7439,col,1963,0.539522
7439,col,1964,0.441955
7439,col,1965,0.644322
7439,col,1966,0.664075
7439,col,1967,0.691752
7439,col,1968,0.635318
7439,col,1969,0.722882
7439,col,1970,0.719131
7439,col,1971,0.74224
7439,col,1972,0.745066
7439,col,1973,0.738676
7439,col,1974,0.598214
7439,col,1975,0.594028
7439,col,1976,0.690434
7439,col,1977,0.638506
7439,col,1978,0.433716
7439,col,1979,0.444342
7439,col,1980,0.403939
7439,col,1981,0.362561
7439,col,1982,0.53462
7439,col,1983,0.508696
7439,col,1984,0.5501
7439,col,1985,0.543711
7439,col,1986,0.519223
7439,col,1987,0.53219
7439,com,1988,0.642126
7439,com,1989,0.618226
7439,com,1990,0.676859
7439,com,1991,0.690939
7439,com,1992,0.695302
7439,com,1993,0.772533
7439,com,1994,0.685264
7439,com,1995,0.592605
7439,com,1996,0.688567
7439,com,1997,0.604943
7439,com,1998,0.636648
7439,com,1999,0.614369
7439,com,2000,0.582469
7439,com,2001,0.580378
7439,com,2002,0.611176
7439,com,2003,0.571661
7439,com,2004,0.62785
7439,com,2005,0.495158
7439,com,2006,0.68878
7439,com,2007,0.512113
7439,com,2008,0.535039
7439,com,2009,0.509114
7439,com,2010,0.543483
7439,com,2011,0.527489
7439,com,2012,0.533145
7439,com,2013,0.514451
7439,com,2014,0.529235
7439,com,2015,0.535055
7439,com,2016,0.464087
7439,com,1962,0.536003
7439,com,1963,0.507505
7439,com,1964,0.426676
7439,com,1965,0.625119
7439,com,1966,0.64768
7439,com,1967,0.676034
7439,com,1968,0.62166
7439,com,1969,0.704
7439,com,1970,0
7439,com,1971,0.720977
7439,com,1972,0.722094
7439,com,1973,0.70532
7439,com,1974,0.575317
7439,com,1975,0.561407
7439,com,1976,0.672479
7439,com,1977,0.619381
7439,com,1978,0.410126
7439,com,1979,0.410081
7439,com,1980,0.388267
7439,com,1981,0.369224
7439,com,1982,0.527037
7439,com,1983,0.498662
7439,com,1984,0.547725
7439,com,1985,0.535309
7439,com,1986,0.508096
7439,com,1987,0.539036
7439,cpv,1988,0.624088
7439,cpv,1989,0.619745
7439,cpv,1990,0.67193
7439,cpv,1991,0.699207
7439,cpv,1992,0.692832
7439,cpv,1993,0.731416
7439,cpv,1994,0.655139
7439,cpv,1995,0.592065
7439,cpv,1996,0.689788
7439,cpv,1997,0.588889
7439,cpv,1998,0.640491
7439,cpv,1999,0.624719
7439,cpv,2000,0.544465
7439,cpv,2001,0.568492
7439,cpv,2002,0.593476
7439,cpv,2003,0.539604
7439,cpv,2004,0.615355
7439,cpv,2005,0.476901
7439,cpv,2006,0.666512
7439,cpv,2007,0.475219
7439,cpv,2008,0.532565
7439,cpv,2009,0
7439,cpv,2010,0.549829
7439,cpv,2011,0.518556
7439,cpv,2012,0.529361
7439,cpv,2013,0.499865
7439,cpv,2014,0.528645
7439,cpv,2015,0.52911
7439,cpv,2016,0.45694
7439,cpv,1962,0.557383
7439,cpv,1964,0
7439,cpv,1965,0
7439,cpv,1967,0
7439,cpv,1968,0.617658
7439,cpv,1969,0.700075
7439,cpv,1970,0.704476
7439,cpv,1971,0.736195
7439,cpv,1972,0
7439,cpv,1973,0.724578
7439,cpv,1974,0
7439,cpv,1975,0.512539
7439,cpv,1976,0.631088
7439,cpv,1977,0.5736
7439,cpv,1978,0.389498
7439,cpv,1979,0.416774
7439,cpv,1980,0.384268
7439,cpv,1981,0.358174
7439,cpv,1982,0.525
7439,cpv,1983,0.505258
7439,cpv,1984,0.530996
7439,cpv,1985,0.531919
7439,cpv,1986,0.508815
7439,cpv,1987,0.524573
7439,cri,1988,0.667447
7439,cri,1989,0.648311
7439,cri,1990,0.69768
7439,cri,1991,0.721276
7439,cri,1992,0.709015
7439,cri,1993,0.764486
7439,cri,1994,0.712591
7439,cri,1995,0.620017
7439,cri,1996,0.715991
7439,cri,1997,0.650871
7439,cri,1998,0.67157
7439,cri,1999,0.647012
7439,cri,2000,0.588773
7439,cri,2001,0.577327
7439,cri,2002,0.608164
7439,cri,2003,0.580984
7439,cri,2004,0.62387
7439,cri,2005,0.505126
7439,cri,2006,0.697319
7439,cri,2007,0.54032
7439,cri,2008,0.542947
7439,cri,2009,0.523194
7439,cri,2010,0.555912
7439,cri,2011,0.530614
7439,cri,2012,0.532963
7439,cri,2013,0.49923
7439,cri,2014,0.524237
7439,cri,2015,0.533712
7439,cri,2016,0.470725
7439,cri,1962,0.571862
7439,cri,1963,0.523133
7439,cri,1964,0.433033
7439,cri,1965,0.615695
7439,cri,1966,0.631163
7439,cri,1967,0.66247
7439,cri,1968,0.618561
7439,cri,1969,0.693544
7439,cri,1970,0.689404
7439,cri,1971,0.691218
7439,cri,1972,0.697954
7439,cri,1973,0.701804
7439,cri,1974,0.569903
7439,cri,1975,0.551777
7439,cri,1976,0.64735
7439,cri,1977,0.60002
7439,cri,1978,0.429392
7439,cri,1979,0.438848
7439,cri,1980,0.403672
7439,cri,1981,0.381598
7439,cri,1982,0.554928
7439,cri,1983,0.523281
7439,cri,1984,0.566236
7439,cri,1985,0.558984
7439,cri,1986,0.521477
7439,cri,1987,0.536443
7439,csk,1988,0.377516
7439,csk,1989,0.384843
7439,csk,1990,0.449978
7439,csk,1991,0.482888
7439,csk,1992,0.517903
7439,csk,1962,0.369869
7439,csk,1963,0.326729
7439,csk,1964,0.261872
7439,csk,1965,0.41991
7439,csk,1966,0.420044
7439,csk,1967,0.474971
7439,csk,1968,0.393952
7439,csk,1969,0.430081
7439,csk,1970,0
7439,csk,1971,0
7439,csk,1972,0
7439,csk,1973,0
7439,csk,1974,0
7439,csk,1975,0
7439,csk,1976,0.395238
7439,csk,1977,0.233268
7439,csk,1978,0.330663
7439,csk,1979,0.328838
7439,csk,1980,0.26082
7439,csk,1981,0.224505
7439,csk,1982,0.307068
7439,csk,1983,0.295095
7439,csk,1984,0
7439,csk,1985,0
7439,csk,1986,0.324563
7439,csk,1987,0.356716
7439,cub,1988,0.673307
7439,cub,1989,0.650436
7439,cub,1990,0.6882
7439,cub,1991,0.718515
7439,cub,1992,0.720657
7439,cub,1993,0.787548
7439,cub,1994,0.700365
7439,cub,1995,0.605039
7439,cub,1996,0.709215
7439,cub,1997,0.63326
7439,cub,1998,0.664998
7439,cub,1999,0.646934
7439,cub,2000,0.597955
7439,cub,2001,0.603729
7439,cub,2002,0.630554
7439,cub,2003,0.595609
7439,cub,2004,0.606585
7439,cub,2005,0.485577
7439,cub,2006,0.706604
7439,cub,2007,0.532397
7439,cub,2008,0.54618
7439,cub,2009,0.518675
7439,cub,2010,0.574147
7439,cub,2011,0.544496
7439,cub,2012,0.528626
7439,cub,2013,0.517195
7439,cub,2014,0.544597
7439,cub,2015,0.554873
7439,cub,2016,0.484907
7439,cub,1962,0.567371
7439,cub,1963,0.516466
7439,cub,1964,0.42851
7439,cub,1965,0.631086
7439,cub,1966,0.653827
7439,cub,1967,0.686466
7439,cub,1968,0.637387
7439,cub,1969,0.716031
7439,cub,1970,0.703628
7439,cub,1971,0.725678
7439,cub,1972,0.731596
7439,cub,1973,0.728812
7439,cub,1974,0.590444
7439,cub,1975,0.580344
7439,cub,1976,0.68154
7439,cub,1977,0.636621
7439,cub,1978,0.428458
7439,cub,1979,0.431683
7439,cub,1980,0.394129
7439,cub,1981,0.371801
7439,cub,1982,0.54388
7439,cub,1983,0.519691
7439,cub,1984,0.561751
7439,cub,1985,0.54835
7439,cub,1986,0.518499
7439,cub,1987,0.549527
7439,cxr,1988,0.646689
7439,cxr,1989,0.621552
7439,cxr,1990,0.668464
7439,cxr,1991,0.688733
7439,cxr,1992,0.707572
7439,cxr,1993,0.76472
7439,cxr,1994,0.671322
7439,cxr,1995,0.571317
7439,cxr,1996,0.677877
7439,cxr,1997,0.607016
7439,cxr,1998,0.648941
7439,cxr,1999,0.632828
7439,cxr,2000,0.567563
7439,cxr,2001,0.579536
7439,cxr,2002,0.593619
7439,cxr,2003,0.547515
7439,cxr,2004,0.617472
7439,cxr,2005,0.472628
7439,cxr,2006,0.666344
7439,cxr,2007,0.459264
7439,cxr,2008,0.522854
7439,cxr,2009,0.485345
7439,cxr,2010,0.523037
7439,cxr,2011,0.497727
7439,cxr,2012,0.518909
7439,cxr,2013,0.486805
7439,cxr,2014,0.504766
7439,cxr,2015,0.505958
7439,cxr,2016,0.4439
7439,cxr,1969,0.703524
7439,cxr,1970,0.6977
7439,cxr,1971,0.715895
7439,cxr,1972,0.716795
7439,cxr,1973,0.711003
7439,cxr,1974,0.574149
7439,cxr,1975,0.562702
7439,cxr,1976,0.668084
7439,cxr,1977,0.615989
7439,cxr,1978,0.411891
7439,cxr,1979,0.419738
7439,cxr,1980,0.382981
7439,cxr,1981,0.360505
7439,cxr,1982,0.527603
7439,cxr,1983,0.503823
7439,cxr,1984,0.545331
7439,cxr,1985,0.535126
7439,cxr,1986,0.510189
7439,cxr,1987,0.536708
7439,cym,1988,0.613855
7439,cym,1989,0.58791
7439,cym,1990,0.671305
7439,cym,1991,0.692237
7439,cym,1992,0.704314
7439,cym,1993,0.766125
7439,cym,1994,0.686132
7439,cym,1995,0.557868
7439,cym,1996,0.683642
7439,cym,1997,0.630922
7439,cym,1998,0.640709
7439,cym,1999,0.628085
7439,cym,2000,0.57498
7439,cym,2001,0.583572
7439,cym,2002,0.595918
7439,cym,2003,0.572697
7439,cym,2004,0.623251
7439,cym,2005,0.490493
7439,cym,2006,0.688215
7439,cym,2007,0.488384
7439,cym,2008,0.533155
7439,cym,2009,0.509965
7439,cym,2010,0.558776
7439,cym,2011,0.521157
7439,cym,2012,0.518446
7439,cym,2013,0.499018
7439,cym,2014,0.513306
7439,cym,2015,0.516899
7439,cym,2016,0.457768
7439,cym,1967,0.674825
7439,cym,1969,0
7439,cym,1970,0.684972
7439,cym,1971,0.718315
7439,cym,1972,0.669683
7439,cym,1973,0.715301
7439,cym,1974,0.564027
7439,cym,1975,0.521308
7439,cym,1976,0.661166
7439,cym,1977,0.617307
7439,cym,1978,0.407033
7439,cym,1979,0.41281
7439,cym,1980,0.38257
7439,cym,1981,0.365948
7439,cym,1982,0.528907
7439,cym,1983,0.502269
7439,cym,1984,0.536816
7439,cym,1985,0.519094
7439,cym,1986,0.511705
7439,cym,1987,0.532617
7439,cyp,1988,0.628181
7439,cyp,1989,0.614544
7439,cyp,1990,0.661903
7439,cyp,1991,0.6776
7439,cyp,1992,0.66699
7439,cyp,1993,0.729682
7439,cyp,1994,0.674528
7439,cyp,1995,0.592301
7439,cyp,1996,0.690859
7439,cyp,1997,0.601366
7439,cyp,1998,0.638831
7439,cyp,1999,0.602743
7439,cyp,2000,0.557667
7439,cyp,2001,0.556844
7439,cyp,2002,0.595444
7439,cyp,2003,0.561089
7439,cyp,2004,0.561353
7439,cyp,2005,0.455901
7439,cyp,2006,0.628795
7439,cyp,2007,0.418728
7439,cyp,2008,0.386117
7439,cyp,2009,0.382445
7439,cyp,2010,0.463812
7439,cyp,2011,0.459426
7439,cyp,2012,0.441
7439,cyp,2013,0.457092
7439,cyp,2014,0
7439,cyp,2015,0.500673
7439,cyp,2016,0.433542
7439,cyp,1962,0.583166
7439,cyp,1963,0.544163
7439,cyp,1964,0.459108
7439,cyp,1965,0.650772
7439,cyp,1966,0.668415
7439,cyp,1967,0.698507
7439,cyp,1968,0.645806
7439,cyp,1969,0.727795
7439,cyp,1970,0.714955
7439,cyp,1971,0.747987
7439,cyp,1972,0.733213
7439,cyp,1973,0.727619
7439,cyp,1974,0.605432
7439,cyp,1975,0.601445
7439,cyp,1976,0.671095
7439,cyp,1977,0.601131
7439,cyp,1978,0.429231
7439,cyp,1979,0.440044
7439,cyp,1980,0.388928
7439,cyp,1981,0.363577
7439,cyp,1982,0.520169
7439,cyp,1983,0.48789
7439,cyp,1984,0.528341
7439,cyp,1985,0.525044
7439,cyp,1986,0.50111
7439,cyp,1987,0.525411
7439,deu,1988,0
7439,deu,1989,0
7439,deu,1990,0
7439,deu,1991,0
7439,deu,1992,0
7439,deu,1993,0
7439,deu,1994,0
7439,deu,1995,0
7439,deu,1996,0
7439,deu,1997,0
7439,deu,1998,0
7439,deu,1999,0
7439,deu,2000,0
7439,deu,2001,0
7439,deu,2002,0
7439,deu,2003,0
7439,deu,2004,0
7439,deu,2005,0
7439,deu,2006,0
7439,deu,2007,0
7439,deu,2008,0
7439,deu,2009,0
7439,deu,2010,0
7439,deu,2011,0
7439,deu,2012,0
7439,deu,2013,0
7439,deu,2014,0
7439,deu,2015,0
7439,deu,2016,0
7439,deu,1962,0
7439,deu,1963,0
7439,deu,1964,0
7439,deu,1965,0
7439,deu,1966,0
7439,deu,1967,0
7439,deu,1968,0
7439,deu,1969,0
7439,deu,1970,0
7439,deu,1971,0
7439,deu,1972,0
7439,deu,1973,0
7439,deu,1974,0
7439,deu,1975,0
7439,deu,1976,0
7439,deu,1977,0
7439,deu,1978,0
7439,deu,1979,0
7439,deu,1980,0
7439,deu,1981,0
7439,deu,1982,0
7439,deu,1983,0
7439,deu,1984,0
7439,deu,1985,0
7439,deu,1986,0
7439,deu,1987,0
7439,dji,1988,0.602706
7439,dji,1989,0
7439,dji,1990,0
7439,dji,1991,0.652617
7439,dji,1992,0.632897
7439,dji,1993,0
7439,dji,1994,0.677255
7439,dji,1995,0.56169
7439,dji,1996,0.698694
7439,dji,1997,0.591915
7439,dji,1998,0.612493
7439,dji,1999,0.578147
7439,dji,2000,0.488879
7439,dji,2001,0.542455
7439,dji,2002,0
7439,dji,2003,0.599047
7439,dji,2004,0.633366
7439,dji,2005,0.48512
7439,dji,2006,0.704804
7439,dji,2007,0.540535
7439,dji,2008,0.551161
7439,dji,2009,0.520134
7439,dji,2010,0.572589
7439,dji,2011,0.544268
7439,dji,2012,0.537995
7439,dji,2013,0.515396
7439,dji,2014,0.532842
7439,dji,2015,0.543415
7439,dji,2016,0.46589
7439,dji,1962,0.543782
7439,dji,1963,0.492018
7439,dji,1964,0.429088
7439,dji,1965,0.643449
7439,dji,1966,0.65956
7439,dji,1967,0.641059
7439,dji,1968,0
7439,dji,1969,0.700331
7439,dji,1970,0.690499
7439,dji,1971,0.706327
7439,dji,1972,0.721696
7439,dji,1973,0.715192
7439,dji,1974,0.591683
7439,dji,1975,0.548739
7439,dji,1976,0.663088
7439,dji,1977,0.640128
7439,dji,1978,0.412271
7439,dji,1979,0.421964
7439,dji,1980,0.390524
7439,dji,1981,0.364424
7439,dji,1982,0.520771
7439,dji,1983,0.494493
7439,dji,1984,0.5477
7439,dji,1985,0.506875
7439,dji,1986,0.479528
7439,dji,1987,0.526823
7439,dma,1988,0
7439,dma,1989,0.626045
7439,dma,1990,0.643415
7439,dma,1991,0.66467
7439,dma,1992,0
7439,dma,1993,0.752792
7439,dma,1994,0
7439,dma,1995,0
7439,dma,1996,0.64307
7439,dma,1997,0.556198
7439,dma,1998,0.594603
7439,dma,1999,0.559686
7439,dma,2000,0.483216
7439,dma,2001,0.52624
7439,dma,2002,0.585687
7439,dma,2003,0
7439,dma,2004,0.553326
7439,dma,2005,0.449212
7439,dma,2006,0.649545
7439,dma,2007,0.449302
7439,dma,2008,0.475327
7439,dma,2009,0.488272
7439,dma,2010,0
7439,dma,2011,0.501526
7439,dma,2012,0
7439,dma,2013,0
7439,dma,2014,0.48238
7439,dma,2015,0.518899
7439,dma,2016,0.453923
7439,dma,1962,0.554494
7439,dma,1963,0
7439,dma,1964,0
7439,dma,1965,0
7439,dma,1966,0.642449
7439,dma,1967,0
7439,dma,1968,0
7439,dma,1970,0.702295
7439,dma,1971,0.720812
7439,dma,1972,0.722758
7439,dma,1973,0.717961
7439,dma,1974,0.583517
7439,dma,1975,0.571365
7439,dma,1976,0.664198
7439,dma,1977,0.625731
7439,dma,1978,0.418693
7439,dma,1979,0.407766
7439,dma,1980,0
7439,dma,1981,0.354718
7439,dma,1982,0.510432
7439,dma,1983,0.500319
7439,dma,1984,0.543669
7439,dma,1985,0.526321
7439,dma,1986,0.504645
7439,dma,1987,0.515247
7439,dnk,1988,0
7439,dnk,1989,0
7439,dnk,1990,0
7439,dnk,1991,0
7439,dnk,1992,0
7439,dnk,1993,0
7439,dnk,1994,0
7439,dnk,1995,0
7439,dnk,1996,0
7439,dnk,1997,0
7439,dnk,1998,0
7439,dnk,1999,0
7439,dnk,2000,0
7439,dnk,2001,0
7439,dnk,2002,0
7439,dnk,2003,0
7439,dnk,2004,0
7439,dnk,2005,0
7439,dnk,2006,0
7439,dnk,2007,0
7439,dnk,2008,0
7439,dnk,2009,0
7439,dnk,2010,0
7439,dnk,2011,0
7439,dnk,2012,0
7439,dnk,2013,0
7439,dnk,2014,0
7439,dnk,2015,0
7439,dnk,2016,0
7439,dnk,1962,0
7439,dnk,1963,0
7439,dnk,1964,0
7439,dnk,1965,0
7439,dnk,1966,0
7439,dnk,1967,0
7439,dnk,1968,0
7439,dnk,1969,0
7439,dnk,1970,0
7439,dnk,1971,0
7439,dnk,1972,0
7439,dnk,1973,0
7439,dnk,1974,0
7439,dnk,1975,0
7439,dnk,1976,0
7439,dnk,1977,0
7439,dnk,1978,0
7439,dnk,1979,0
7439,dnk,1980,0
7439,dnk,1981,0
7439,dnk,1982,0
7439,dnk,1983,0
7439,dnk,1984,0
7439,dnk,1985,0
7439,dnk,1986,0
7439,dnk,1987,0
7439,dom,1988,0.679486
7439,dom,1989,0.647459
7439,dom,1990,0.68913
7439,dom,1991,0.71458
7439,dom,1992,0.718916
7439,dom,1993,0.778104
7439,dom,1994,0.694393
7439,dom,1995,0.61369
7439,dom,1996,0.703183
7439,dom,1997,0.642754
7439,dom,1998,0.657347
7439,dom,1999,0.631498
7439,dom,2000,0.583935
7439,dom,2001,0.592606
7439,dom,2002,0
7439,dom,2003,0
7439,dom,2004,0.62358
7439,dom,2005,0.508235
7439,dom,2006,0.698617
7439,dom,2007,0.528018
7439,dom,2008,0.570515
7439,dom,2009,0
7439,dom,2010,0.57301
7439,dom,2011,0.559868
7439,dom,2012,0.553619
7439,dom,2013,0.539622
7439,dom,2014,0.555487
7439,dom,2015,0.562651
7439,dom,2016,0.504294
7439,dom,1962,0.567573
7439,dom,1963,0.511402
7439,dom,1964,0.438566
7439,dom,1965,0.637723
7439,dom,1966,0.653589
7439,dom,1967,0.691384
7439,dom,1968,0.63272
7439,dom,1969,0.708615
7439,dom,1970,0.701332
7439,dom,1971,0.729127
7439,dom,1972,0.732945
7439,dom,1973,0.719961
7439,dom,1974,0.59516
7439,dom,1975,0.580761
7439,dom,1976,0.6819
7439,dom,1977,0.632678
7439,dom,1978,0.42937
7439,dom,1979,0.446205
7439,dom,1980,0.41267
7439,dom,1981,0.391848
7439,dom,1982,0.554582
7439,dom,1983,0.529337
7439,dom,1984,0.564118
7439,dom,1985,0.554475
7439,dom,1986,0.527237
7439,dom,1987,0.544511
7439,dza,1988,0.648878
7439,dza,1989,0.625236
7439,dza,1990,0.681894
7439,dza,1991,0.70172
7439,dza,1992,0.711199
7439,dza,1993,0.781718
7439,dza,1994,0.700661
7439,dza,1995,0.614152
7439,dza,1996,0.699426
7439,dza,1997,0.636377
7439,dza,1998,0.664336
7439,dza,1999,0.644047
7439,dza,2000,0.584891
7439,dza,2001,0.588555
7439,dza,2002,0.617531
7439,dza,2003,0.578864
7439,dza,2004,0.631565
7439,dza,2005,0.498754
7439,dza,2006,0.69744
7439,dza,2007,0.514707
7439,dza,2008,0.544744
7439,dza,2009,0.524382
7439,dza,2010,0.569979
7439,dza,2011,0.53296
7439,dza,2012,0.533646
7439,dza,2013,0.509702
7439,dza,2014,0.528425
7439,dza,2015,0.535366
7439,dza,2016,0.472682
7439,dza,1962,0.598489
7439,dza,1963,0.557687
7439,dza,1964,0.453359
7439,dza,1965,0.653354
7439,dza,1966,0.668227
7439,dza,1967,0.692711
7439,dza,1968,0.637044
7439,dza,1969,0.719254
7439,dza,1970,0.71735
7439,dza,1971,0.73704
7439,dza,1972,0.732411
7439,dza,1973,0.730034
7439,dza,1974,0.592363
7439,dza,1975,0.575362
7439,dza,1976,0.677289
7439,dza,1977,0.626464
7439,dza,1978,0.417399
7439,dza,1979,0.422235
7439,dza,1980,0.388285
7439,dza,1981,0.372764
7439,dza,1982,0.530445
7439,dza,1983,0.509544
7439,dza,1984,0.55182
7439,dza,1985,0.538114
7439,dza,1986,0.511733
7439,dza,1987,0.54016
7439,ecu,1988,0.6751
7439,ecu,1989,0.650327
7439,ecu,1990,0.696194
7439,ecu,1991,0.719937
7439,ecu,1992,0.725403
7439,ecu,1993,0.799365
7439,ecu,1994,0.718783
7439,ecu,1995,0.629416
7439,ecu,1996,0.730056
7439,ecu,1997,0.662376
7439,ecu,1998,0.685708
7439,ecu,1999,0.661147
7439,ecu,2000,0.609912
7439,ecu,2001,0.620031
7439,ecu,2002,0.654642
7439,ecu,2003,0.609867
7439,ecu,2004,0.648449
7439,ecu,2005,0.536617
7439,ecu,2006,0.721326
7439,ecu,2007,0.565864
7439,ecu,2008,0.573633
7439,ecu,2009,0.552953
7439,ecu,2010,0.589145
7439,ecu,2011,0.559297
7439,ecu,2012,0.562477
7439,ecu,2013,0.537642
7439,ecu,2014,0.569793
7439,ecu,2015,0.570753
7439,ecu,2016,0.508082
7439,ecu,1962,0.573024
7439,ecu,1963,0.523513
7439,ecu,1964,0.441814
7439,ecu,1965,0.636085
7439,ecu,1966,0.656933
7439,ecu,1967,0.690925
7439,ecu,1968,0.631666
7439,ecu,1969,0.715397
7439,ecu,1970,0.713031
7439,ecu,1971,0.732983
7439,ecu,1972,0.733497
7439,ecu,1973,0.726999
7439,ecu,1974,0.592153
7439,ecu,1975,0.584474
7439,ecu,1976,0.684715
7439,ecu,1977,0.639746
7439,ecu,1978,0.429393
7439,ecu,1979,0.451323
7439,ecu,1980,0.413238
7439,ecu,1981,0.382904
7439,ecu,1982,0.548164
7439,ecu,1983,0.521499
7439,ecu,1984,0.568186
7439,ecu,1985,0.555434
7439,ecu,1986,0.527125
7439,ecu,1987,0.548632
7439,egy,1988,0.673493
7439,egy,1989,0.653719
7439,egy,1990,0.699206
7439,egy,1991,0.734416
7439,egy,1992,0.727057
7439,egy,1993,0.798919
7439,egy,1994,0.713459
7439,egy,1995,0.636885
7439,egy,1996,0.741741
7439,egy,1997,0.67133
7439,egy,1998,0.693727
7439,egy,1999,0.673104
7439,egy,2000,0.602793
7439,egy,2001,0.61764
7439,egy,2002,0.657794
7439,egy,2003,0.623089
7439,egy,2004,0.670634
7439,egy,2005,0.551555
7439,egy,2006,0.727095
7439,egy,2007,0.589721
7439,egy,2008,0.604632
7439,egy,2009,0.574543
7439,egy,2010,0.614152
7439,egy,2011,0.578174
7439,egy,2012,0.590033
7439,egy,2013,0.549854
7439,egy,2014,0.560133
7439,egy,2015,0.582926
7439,egy,2016,0.534628
7439,egy,1962,0.596459
7439,egy,1963,0.539697
7439,egy,1964,0.463221
7439,egy,1965,0.645358
7439,egy,1966,0.671487
7439,egy,1967,0.705793
7439,egy,1968,0.648635
7439,egy,1969,0.726506
7439,egy,1970,0.708978
7439,egy,1971,0.730185
7439,egy,1972,0.738094
7439,egy,1973,0.732936
7439,egy,1974,0.605947
7439,egy,1975,0.596076
7439,egy,1976,0.702713
7439,egy,1977,0.65412
7439,egy,1978,0.44139
7439,egy,1979,0.435748
7439,egy,1980,0.400781
7439,egy,1981,0.383127
7439,egy,1982,0.543447
7439,egy,1983,0.518687
7439,egy,1984,0.554038
7439,egy,1985,0.548157
7439,egy,1986,0.523601
7439,egy,1987,0.545061
7439,esh,1988,0.635396
7439,esh,1989,0.604859
7439,esh,1990,0.672716
7439,esh,1991,0.692761
7439,esh,1992,0.704867
7439,esh,1993,0.777347
7439,esh,1994,0.689377
7439,esh,1995,0.573605
7439,esh,1996,0.687542
7439,esh,1997,0.60706
7439,esh,1998,0.646665
7439,esh,1999,0.613021
7439,esh,2000,0.540327
7439,esh,2001,0.577287
7439,esh,2002,0.597815
7439,esh,2003,0.542938
7439,esh,2004,0.604562
7439,esh,2005,0.467072
7439,esh,2006,0.678353
7439,esh,2007,0.469174
7439,esh,2008,0.521348
7439,esh,2009,0.496422
7439,esh,2010,0.532931
7439,esh,2011,0.484547
7439,esh,2012,0
7439,esh,2013,0.445948
7439,esh,2014,0.488089
7439,esh,2015,0.493785
7439,esh,2016,0.454554
7439,esh,1963,0.503705
7439,esh,1968,0
7439,esh,1970,0.701383
7439,esh,1971,0.717732
7439,esh,1972,0.721471
7439,esh,1973,0.71365
7439,esh,1974,0.574939
7439,esh,1975,0.564143
7439,esh,1976,0.668736
7439,esh,1977,0.613275
7439,esh,1978,0.41609
7439,esh,1979,0.420336
7439,esh,1980,0.375621
7439,esh,1981,0.358277
7439,esh,1982,0.514917
7439,esh,1983,0.500154
7439,esh,1984,0.541119
7439,esh,1985,0.531835
7439,esh,1986,0.512333
7439,esh,1987,0.539458
7439,esp,1988,0.486039
7439,esp,1989,0.458824
7439,esp,1990,0.493417
7439,esp,1991,0.534098
7439,esp,1992,0.497555
7439,esp,1993,0.559586
7439,esp,1994,0.52498
7439,esp,1995,0.426441
7439,esp,1996,0.46204
7439,esp,1997,0.442784
7439,esp,1998,0.481767
7439,esp,1999,0.450308
7439,esp,2000,0.389938
7439,esp,2001,0.415298
7439,esp,2002,0.428368
7439,esp,2003,0.400034
7439,esp,2004,0.435911
7439,esp,2005,0.322479
7439,esp,2006,0.480457
7439,esp,2007,0.321615
7439,esp,2008,0.343436
7439,esp,2009,0.321343
7439,esp,2010,0.369383
7439,esp,2011,0.356506
7439,esp,2012,0.340354
7439,esp,2013,0.332381
7439,esp,2014,0.378902
7439,esp,2015,0.377839
7439,esp,2016,0.346918
7439,esp,1962,0.603512
7439,esp,1963,0.563231
7439,esp,1964,0.467314
7439,esp,1965,0.636583
7439,esp,1966,0.640397
7439,esp,1967,0.685939
7439,esp,1968,0.628522
7439,esp,1969,0.637554
7439,esp,1970,0.642281
7439,esp,1971,0.64519
7439,esp,1972,0.652425
7439,esp,1973,0.648806
7439,esp,1974,0.520881
7439,esp,1975,0.519101
7439,esp,1976,0.587147
7439,esp,1977,0.551692
7439,esp,1978,0.349911
7439,esp,1979,0.307769
7439,esp,1980,0.260324
7439,esp,1981,0.245743
7439,esp,1982,0.349498
7439,esp,1983,0.410812
7439,esp,1984,0.442843
7439,esp,1985,0.402377
7439,esp,1986,0.406107
7439,esp,1987,0.426753
7439,eth,1988,0.689035
7439,eth,1989,0.6555
7439,eth,1990,0.708892
7439,eth,1991,0.730906
7439,eth,1992,0.716586
7439,eth,1993,0.784727
7439,eth,1994,0.701705
7439,eth,1995,0.615433
7439,eth,1996,0.705482
7439,eth,1997,0.648398
7439,eth,1998,0.680901
7439,eth,1999,0.657705
7439,eth,2000,0.603323
7439,eth,2001,0.608986
7439,eth,2002,0.659626
7439,eth,2003,0.615718
7439,eth,2004,0.671275
7439,eth,2005,0.543272
7439,eth,2006,0.730477
7439,eth,2007,0.58009
7439,eth,2008,0.593644
7439,eth,2009,0.556152
7439,eth,2010,0.592415
7439,eth,2011,0.57626
7439,eth,2012,0.569017
7439,eth,2013,0.545063
7439,eth,2014,0.566297
7439,eth,2015,0.566309
7439,eth,2016,0.509052
7439,eth,1962,0.594272
7439,eth,1963,0.545235
7439,eth,1964,0.465588
7439,eth,1965,0.648302
7439,eth,1966,0.672088
7439,eth,1967,0.70672
7439,eth,1968,0.644106
7439,eth,1969,0.731364
7439,eth,1970,0.728494
7439,eth,1971,0.744952
7439,eth,1972,0.749804
7439,eth,1973,0.743267
7439,eth,1974,0.61421
7439,eth,1975,0.607994
7439,eth,1976,0.692165
7439,eth,1977,0.64044
7439,eth,1978,0.441964
7439,eth,1979,0.451887
7439,eth,1980,0.433195
7439,eth,1981,0.400645
7439,eth,1982,0.564251
7439,eth,1983,0.537548
7439,eth,1984,0.570717
7439,eth,1985,0.561931
7439,eth,1986,0.535058
7439,eth,1987,0.550626
7439,fin,1988,0.418988
7439,fin,1989,0.396331
7439,fin,1990,0.444645
7439,fin,1991,0.442656
7439,fin,1992,0.477097
7439,fin,1993,0.556673
7439,fin,1994,0.489499
7439,fin,1995,0.369401
7439,fin,1996,0.447413
7439,fin,1997,0.389047
7439,fin,1998,0.408785
7439,fin,1999,0.411212
7439,fin,2000,0.380099
7439,fin,2001,0.355937
7439,fin,2002,0.36329
7439,fin,2003,0.32155
7439,fin,2004,0
7439,fin,2005,0
7439,fin,2006,0
7439,fin,2007,0
7439,fin,2008,0
7439,fin,2009,0
7439,fin,2010,0
7439,fin,2011,0
7439,fin,2012,0
7439,fin,2013,0
7439,fin,2014,0
7439,fin,2015,0
7439,fin,2016,0
7439,fin,1962,0.56321
7439,fin,1963,0.476621
7439,fin,1964,0.410233
7439,fin,1965,0.588883
7439,fin,1966,0.584017
7439,fin,1967,0.611396
7439,fin,1968,0.54027
7439,fin,1969,0.605814
7439,fin,1970,0.609453
7439,fin,1971,0.64914
7439,fin,1972,0.632908
7439,fin,1973,0.628747
7439,fin,1974,0.461116
7439,fin,1975,0.446541
7439,fin,1976,0.527747
7439,fin,1977,0.45672
7439,fin,1978,0.332259
7439,fin,1979,0.320891
7439,fin,1980,0.293869
7439,fin,1981,0.265107
7439,fin,1982,0
7439,fin,1983,0.356004
7439,fin,1984,0.400325
7439,fin,1985,0.383653
7439,fin,1986,0.349701
7439,fin,1987,0.385619
7439,fji,1988,0.686745
7439,fji,1989,0.651278
7439,fji,1990,0.700923
7439,fji,1991,0.723299
7439,fji,1992,0.721387
7439,fji,1993,0.790499
7439,fji,1994,0.71219
7439,fji,1995,0.625181
7439,fji,1996,0.707365
7439,fji,1997,0.65808
7439,fji,1998,0.663437
7439,fji,1999,0.658236
7439,fji,2000,0.607736
7439,fji,2001,0.6178
7439,fji,2002,0.642183
7439,fji,2003,0.607695
7439,fji,2004,0.6558
7439,fji,2005,0.544145
7439,fji,2006,0.732145
7439,fji,2007,0.565983
7439,fji,2008,0.590155
7439,fji,2009,0.55601
7439,fji,2010,0.59799
7439,fji,2011,0.57002
7439,fji,2012,0.566525
7439,fji,2013,0.530585
7439,fji,2014,0.566719
7439,fji,2015,0.574152
7439,fji,2016,0.505888
7439,fji,1962,0.558876
7439,fji,1963,0.51068
7439,fji,1964,0.426183
7439,fji,1965,0.627262
7439,fji,1966,0.654686
7439,fji,1967,0.690872
7439,fji,1968,0.637933
7439,fji,1969,0.717461
7439,fji,1970,0.705709
7439,fji,1971,0.726907
7439,fji,1972,0.728641
7439,fji,1973,0.723834
7439,fji,1974,0.597002
7439,fji,1975,0.582505
7439,fji,1976,0.678129
7439,fji,1977,0.630431
7439,fji,1978,0.418209
7439,fji,1979,0.433511
7439,fji,1980,0.395545
7439,fji,1981,0.376973
7439,fji,1982,0.532549
7439,fji,1983,0.511302
7439,fji,1984,0.536659
7439,fji,1985,0.536257
7439,fji,1986,0.516856
7439,fji,1987,0.544723
7439,flk,1988,0.649292
7439,flk,1989,0.565309
7439,flk,1990,0.656506
7439,flk,1991,0.674178
7439,flk,1992,0.631585
7439,flk,1993,0.706384
7439,flk,1994,0.658906
7439,flk,1995,0.57389
7439,flk,1996,0.681242
7439,flk,1997,0.589082
7439,flk,1998,0.634055
7439,flk,1999,0.596789
7439,flk,2000,0.569998
7439,flk,2001,0.577248
7439,flk,2002,0.609155
7439,flk,2003,0.569231
7439,flk,2004,0.624719
7439,flk,2005,0.49631
7439,flk,2006,0.69039
7439,flk,2007,0.516849
7439,flk,2008,0.54485
7439,flk,2009,0.51686
7439,flk,2010,0.567277
7439,flk,2011,0.529266
7439,flk,2012,0.535171
7439,flk,2013,0.509405
7439,flk,2014,0.527147
7439,flk,2015,0.524925
7439,flk,2016,0.466274
7439,flk,1970,0.65785
7439,flk,1971,0.717018
7439,flk,1972,0.718816
7439,flk,1973,0.715574
7439,flk,1974,0
7439,flk,1975,0.541179
7439,flk,1976,0.662395
7439,flk,1977,0.614985
7439,flk,1978,0.416221
7439,flk,1979,0.423712
7439,flk,1980,0.394938
7439,flk,1981,0.364849
7439,flk,1982,0.520565
7439,flk,1983,0.494463
7439,flk,1984,0.515135
7439,flk,1985,0.505182
7439,flk,1986,0.455438
7439,flk,1987,0.47746
7439,fra,1988,0
7439,fra,1989,0
7439,fra,1990,0
7439,fra,1991,0
7439,fra,1992,0
7439,fra,1993,0
7439,fra,1994,0.355084
7439,fra,1995,0.249289
7439,fra,1996,0
7439,fra,1997,0
7439,fra,1998,0
7439,fra,1999,0.281075
7439,fra,2000,0.261384
7439,fra,2001,0.273837
7439,fra,2002,0
7439,fra,2003,0
7439,fra,2004,0
7439,fra,2005,0
7439,fra,2006,0
7439,fra,2007,0
7439,fra,2008,0
7439,fra,2009,0
7439,fra,2010,0
7439,fra,2011,0
7439,fra,2012,0
7439,fra,2013,0
7439,fra,2014,0
7439,fra,2015,0
7439,fra,2016,0
7439,fra,1962,0
7439,fra,1963,0
7439,fra,1964,0
7439,fra,1965,0
7439,fra,1966,0
7439,fra,1967,0
7439,fra,1968,0
7439,fra,1969,0
7439,fra,1970,0
7439,fra,1971,0
7439,fra,1972,0
7439,fra,1973,0
7439,fra,1974,0
7439,fra,1975,0
7439,fra,1976,0
7439,fra,1977,0
7439,fra,1978,0
7439,fra,1979,0
7439,fra,1980,0
7439,fra,1981,0.067428
7439,fra,1982,0
7439,fra,1983,0
7439,fra,1984,0
7439,fra,1985,0
7439,fra,1986,0
7439,fra,1987,0
7439,fro,1988,0.656247
7439,fro,1989,0.629487
7439,fro,1990,0.682353
7439,fro,1991,0.702816
7439,fro,1992,0.711081
7439,fro,1993,0.781028
7439,fro,1994,0.686613
7439,fro,1995,0.606336
7439,fro,1996,0.701522
7439,fro,1997,0.626842
7439,fro,1998,0.668263
7439,fro,1999,0.641683
7439,fro,2000,0.580047
7439,fro,2001,0.593885
7439,fro,2002,0.608321
7439,fro,2003,0.56892
7439,fro,2004,0.633677
7439,fro,2005,0.5026
7439,fro,2006,0.680146
7439,fro,2007,0.516109
7439,fro,2008,0.542064
7439,fro,2009,0.521488
7439,fro,2010,0.570203
7439,fro,2011,0.534744
7439,fro,2012,0.540976
7439,fro,2013,0.512214
7439,fro,2014,0.536287
7439,fro,2015,0.533297
7439,fro,2016,0.472009
7439,fro,1962,0.536961
7439,fro,1965,0.606159
7439,fro,1966,0.609778
7439,fro,1967,0.639109
7439,fro,1968,0.597269
7439,fro,1970,0.698826
7439,fro,1971,0.721364
7439,fro,1972,0.709429
7439,fro,1973,0.71376
7439,fro,1974,0.587772
7439,fro,1975,0.571351
7439,fro,1976,0.672723
7439,fro,1977,0.622201
7439,fro,1978,0.417634
7439,fro,1979,0.425814
7439,fro,1980,0.394309
7439,fro,1981,0.369364
7439,fro,1982,0.532936
7439,fro,1983,0.507681
7439,fro,1984,0.547368
7439,fro,1985,0.545227
7439,fro,1986,0.517114
7439,fro,1987,0.543256
7439,gab,1988,0.657838
7439,gab,1989,0.624222
7439,gab,1990,0.680568
7439,gab,1991,0.69435
7439,gab,1992,0.711272
7439,gab,1993,0.779452
7439,gab,1994,0.69694
7439,gab,1995,0.602733
7439,gab,1996,0.694794
7439,gab,1997,0.629628
7439,gab,1998,0.664151
7439,gab,1999,0.643433
7439,gab,2000,0.583409
7439,gab,2001,0.592745
7439,gab,2002,0.614045
7439,gab,2003,0.577176
7439,gab,2004,0.629983
7439,gab,2005,0.503049
7439,gab,2006,0.699728
7439,gab,2007,0.519474
7439,gab,2008,0.546112
7439,gab,2009,0.524139
7439,gab,2010,0.569603
7439,gab,2011,0.533274
7439,gab,2012,0.538374
7439,gab,2013,0.513353
7439,gab,2014,0.535816
7439,gab,2015,0.535674
7439,gab,2016,0.477788
7439,gab,1962,0.562902
7439,gab,1963,0.521385
7439,gab,1964,0.439094
7439,gab,1965,0.627508
7439,gab,1966,0.648518
7439,gab,1967,0.681637
7439,gab,1968,0.623948
7439,gab,1969,0.706326
7439,gab,1970,0.702755
7439,gab,1971,0.722626
7439,gab,1972,0.728128
7439,gab,1973,0.721543
7439,gab,1974,0.587641
7439,gab,1975,0.573022
7439,gab,1976,0.678308
7439,gab,1977,0.630036
7439,gab,1978,0.415274
7439,gab,1979,0.425481
7439,gab,1980,0.388119
7439,gab,1981,0.377659
7439,gab,1982,0.540255
7439,gab,1983,0.512132
7439,gab,1984,0.554243
7439,gab,1985,0.543521
7439,gab,1986,0.518852
7439,gab,1987,0.542756
7439,gbr,1988,0
7439,gbr,1989,0
7439,gbr,1990,0
7439,gbr,1991,0
7439,gbr,1992,0
7439,gbr,1993,0
7439,gbr,1994,0
7439,gbr,1995,0
7439,gbr,1996,0
7439,gbr,1997,0
7439,gbr,1998,0
7439,gbr,1999,0
7439,gbr,2000,0
7439,gbr,2001,0
7439,gbr,2002,0
7439,gbr,2003,0
7439,gbr,2004,0
7439,gbr,2005,0
7439,gbr,2006,0
7439,gbr,2007,0
7439,gbr,2008,0
7439,gbr,2009,0
7439,gbr,2010,0
7439,gbr,2011,0
7439,gbr,2012,0
7439,gbr,2013,0
7439,gbr,2014,0
7439,gbr,2015,0
7439,gbr,2016,0
7439,gbr,1962,0
7439,gbr,1963,0
7439,gbr,1964,0
7439,gbr,1965,0
7439,gbr,1966,0
7439,gbr,1967,0
7439,gbr,1968,0
7439,gbr,1969,0
7439,gbr,1970,0
7439,gbr,1971,0
7439,gbr,1972,0
7439,gbr,1973,0
7439,gbr,1974,0
7439,gbr,1975,0
7439,gbr,1976,0
7439,gbr,1977,0
7439,gbr,1978,0
7439,gbr,1979,0
7439,gbr,1980,0
7439,gbr,1981,0
7439,gbr,1982,0
7439,gbr,1983,0
7439,gbr,1984,0
7439,gbr,1985,0
7439,gbr,1986,0
7439,gbr,1987,0
7439,gha,1988,0.666754
7439,gha,1989,0.643595
7439,gha,1990,0.696483
7439,gha,1991,0.720788
7439,gha,1992,0.719219
7439,gha,1993,0.791669
7439,gha,1994,0.710816
7439,gha,1995,0.623802
7439,gha,1996,0.716866
7439,gha,1997,0.658291
7439,gha,1998,0.695847
7439,gha,1999,0.669416
7439,gha,2000,0.611211
7439,gha,2001,0.619578
7439,gha,2002,0.647823
7439,gha,2003,0.618382
7439,gha,2004,0.653986
7439,gha,2005,0.536521
7439,gha,2006,0.730732
7439,gha,2007,0.570928
7439,gha,2008,0.596599
7439,gha,2009,0.574446
7439,gha,2010,0.609861
7439,gha,2011,0.558771
7439,gha,2012,0.576536
7439,gha,2013,0.54199
7439,gha,2014,0.562257
7439,gha,2015,0.56081
7439,gha,2016,0.510087
7439,gha,1962,0.569646
7439,gha,1963,0.516616
7439,gha,1964,0.443746
7439,gha,1965,0.635145
7439,gha,1966,0.656409
7439,gha,1967,0.696314
7439,gha,1968,0.634317
7439,gha,1969,0.716889
7439,gha,1970,0.706275
7439,gha,1971,0.734105
7439,gha,1972,0.734366
7439,gha,1973,0.714697
7439,gha,1974,0.59335
7439,gha,1975,0.585359
7439,gha,1976,0.686949
7439,gha,1977,0.63085
7439,gha,1978,0.42312
7439,gha,1979,0.42329
7439,gha,1980,0.399246
7439,gha,1981,0.379417
7439,gha,1982,0.542724
7439,gha,1983,0.522233
7439,gha,1984,0.559933
7439,gha,1985,0.550516
7439,gha,1986,0.51994
7439,gha,1987,0.546283
7439,gib,1988,0.551404
7439,gib,1989,0.558691
7439,gib,1990,0.602255
7439,gib,1991,0.640544
7439,gib,1992,0.626684
7439,gib,1993,0.723537
7439,gib,1994,0.669427
7439,gib,1995,0.596184
7439,gib,1996,0.671226
7439,gib,1997,0.607655
7439,gib,1998,0.63594
7439,gib,1999,0.615671
7439,gib,2000,0
7439,gib,2001,0.566085
7439,gib,2002,0.597511
7439,gib,2003,0.554816
7439,gib,2004,0.608298
7439,gib,2005,0.487602
7439,gib,2006,0.674767
7439,gib,2007,0.483203
7439,gib,2008,0.535537
7439,gib,2009,0.481944
7439,gib,2010,0.551839
7439,gib,2011,0.488131
7439,gib,2012,0.525197
7439,gib,2013,0.493443
7439,gib,2014,0.524081
7439,gib,2015,0.52097
7439,gib,2016,0.457929
7439,gib,1962,0.543332
7439,gib,1963,0.476639
7439,gib,1964,0.409014
7439,gib,1965,0.607503
7439,gib,1966,0.640973
7439,gib,1967,0.6696
7439,gib,1968,0.613435
7439,gib,1969,0.691687
7439,gib,1970,0
7439,gib,1971,0.695883
7439,gib,1972,0.632267
7439,gib,1973,0
7439,gib,1974,0.482234
7439,gib,1975,0.417154
7439,gib,1976,0.5803
7439,gib,1977,0.521698
7439,gib,1978,0.337864
7439,gib,1979,0.330718
7439,gib,1980,0.331214
7439,gib,1981,0.256436
7439,gib,1982,0
7439,gib,1983,0.457757
7439,gib,1984,0
7439,gib,1985,0.496761
7439,gib,1986,0
7439,gib,1987,0.440328
7439,gin,1988,0.657068
7439,gin,1989,0.632318
7439,gin,1990,0.687103
7439,gin,1991,0.704026
7439,gin,1992,0.708693
7439,gin,1993,0.787202
7439,gin,1994,0.699712
7439,gin,1995,0.611788
7439,gin,1996,0.702253
7439,gin,1997,0.642324
7439,gin,1998,0.67954
7439,gin,1999,0.654364
7439,gin,2000,0.59249
7439,gin,2001,0.606116
7439,gin,2002,0.63082
7439,gin,2003,0.600941
7439,gin,2004,0.642222
7439,gin,2005,0.51258
7439,gin,2006,0.71459
7439,gin,2007,0.540205
7439,gin,2008,0.567387
7439,gin,2009,0.541731
7439,gin,2010,0.580536
7439,gin,2011,0.550913
7439,gin,2012,0.555234
7439,gin,2013,0.531426
7439,gin,2014,0.550321
7439,gin,2015,0.550868
7439,gin,2016,0.49859
7439,gin,1962,0.578543
7439,gin,1963,0.529131
7439,gin,1964,0.447919
7439,gin,1965,0.632291
7439,gin,1966,0.659502
7439,gin,1967,0.686622
7439,gin,1968,0.628189
7439,gin,1969,0.710555
7439,gin,1970,0.701877
7439,gin,1971,0.719599
7439,gin,1972,0.718887
7439,gin,1973,0.720222
7439,gin,1974,0.582897
7439,gin,1975,0.566712
7439,gin,1976,0.669125
7439,gin,1977,0.618624
7439,gin,1978,0.408818
7439,gin,1979,0.41671
7439,gin,1980,0.382619
7439,gin,1981,0.367835
7439,gin,1982,0.533581
7439,gin,1983,0.504626
7439,gin,1984,0.549071
7439,gin,1985,0.537924
7439,gin,1986,0.503918
7439,gin,1987,0.541043
7439,glp,1988,0.629886
7439,glp,1989,0.597416
7439,glp,1990,0.655633
7439,glp,1991,0.683195
7439,glp,1992,0.695406
7439,glp,1993,0.759224
7439,glp,1994,0.662779
7439,glp,1995,0.578665
7439,glp,1962,0.556151
7439,glp,1963,0.509424
7439,glp,1964,0.420589
7439,glp,1965,0.625315
7439,glp,1966,0.648273
7439,glp,1967,0.682553
7439,glp,1968,0.616634
7439,glp,1969,0.703105
7439,glp,1970,0.670441
7439,glp,1971,0.717068
7439,glp,1972,0.720716
7439,glp,1973,0.71051
7439,glp,1974,0.578027
7439,glp,1975,0.56654
7439,glp,1976,0.667156
7439,glp,1977,0.619744
7439,glp,1978,0.419652
7439,glp,1979,0.421148
7439,glp,1980,0.374082
7439,glp,1981,0.367423
7439,glp,1982,0.521445
7439,glp,1983,0.503002
7439,glp,1984,0.535786
7439,glp,1985,0.5208
7439,glp,1986,0.505795
7439,glp,1987,0.524919
7439,gmb,1988,0.65851
7439,gmb,1989,0.625375
7439,gmb,1990,0.683439
7439,gmb,1991,0.704795
7439,gmb,1992,0.717597
7439,gmb,1993,0.773459
7439,gmb,1994,0.696558
7439,gmb,1995,0.603247
7439,gmb,1996,0.704148
7439,gmb,1997,0.619419
7439,gmb,1998,0.669461
7439,gmb,1999,0.650655
7439,gmb,2000,0.573769
7439,gmb,2001,0.536366
7439,gmb,2002,0.569034
7439,gmb,2003,0
7439,gmb,2004,0.597734
7439,gmb,2005,0.478802
7439,gmb,2006,0.667469
7439,gmb,2007,0.535621
7439,gmb,2008,0.544038
7439,gmb,2009,0.537496
7439,gmb,2010,0.576488
7439,gmb,2011,0.54298
7439,gmb,2012,0.531855
7439,gmb,2013,0.519399
7439,gmb,2014,0.539186
7439,gmb,2015,0.542854
7439,gmb,2016,0.482419
7439,gmb,1962,0.563837
7439,gmb,1963,0.517102
7439,gmb,1964,0.428017
7439,gmb,1965,0.635097
7439,gmb,1966,0.648558
7439,gmb,1967,0.681604
7439,gmb,1968,0.625171
7439,gmb,1969,0.704953
7439,gmb,1970,0.702562
7439,gmb,1971,0.723935
7439,gmb,1972,0.723677
7439,gmb,1973,0.723995
7439,gmb,1974,0.577453
7439,gmb,1975,0.575126
7439,gmb,1976,0.673676
7439,gmb,1977,0.624182
7439,gmb,1978,0.419735
7439,gmb,1979,0.431615
7439,gmb,1980,0.401411
7439,gmb,1981,0.372396
7439,gmb,1982,0.539105
7439,gmb,1983,0.516378
7439,gmb,1984,0.546972
7439,gmb,1985,0.547737
7439,gmb,1986,0.519348
7439,gmb,1987,0.542185
7439,gnb,1988,0.65352
7439,gnb,1989,0.634068
7439,gnb,1990,0.683101
7439,gnb,1991,0.699505
7439,gnb,1992,0.702364
7439,gnb,1993,0.785363
7439,gnb,1994,0.697245
7439,gnb,1995,0.602566
7439,gnb,1996,0.698721
7439,gnb,1997,0.63429
7439,gnb,1998,0.65514
7439,gnb,1999,0.641984
7439,gnb,2000,0.584164
7439,gnb,2001,0.58829
7439,gnb,2002,0.600742
7439,gnb,2003,0.541552
7439,gnb,2004,0.631858
7439,gnb,2005,0.508633
7439,gnb,2006,0.692266
7439,gnb,2007,0.528406
7439,gnb,2008,0.550247
7439,gnb,2009,0.51938
7439,gnb,2010,0.565432
7439,gnb,2011,0.526322
7439,gnb,2012,0.538654
7439,gnb,2013,0.514557
7439,gnb,2014,0.527492
7439,gnb,2015,0.533459
7439,gnb,2016,0.472042
7439,gnb,1962,0.576444
7439,gnb,1963,0.535314
7439,gnb,1964,0.474063
7439,gnb,1965,0.643372
7439,gnb,1966,0.662685
7439,gnb,1967,0.689789
7439,gnb,1968,0.633582
7439,gnb,1969,0.721365
7439,gnb,1970,0.712536
7439,gnb,1971,0.737888
7439,gnb,1972,0.734918
7439,gnb,1973,0.726764
7439,gnb,1974,0.591928
7439,gnb,1975,0.583192
7439,gnb,1976,0.677396
7439,gnb,1977,0.626789
7439,gnb,1978,0.409841
7439,gnb,1979,0.42799
7439,gnb,1980,0.398323
7439,gnb,1981,0.377896
7439,gnb,1982,0.533609
7439,gnb,1983,0.513472
7439,gnb,1984,0.546243
7439,gnb,1985,0.530953
7439,gnb,1986,0.506362
7439,gnb,1987,0.53783
7439,gnq,1988,0.655816
7439,gnq,1989,0.624629
7439,gnq,1990,0.678192
7439,gnq,1991,0.695629
7439,gnq,1992,0.711061
7439,gnq,1993,0.768043
7439,gnq,1994,0.698727
7439,gnq,1995,0.603825
7439,gnq,1996,0.696482
7439,gnq,1997,0.628436
7439,gnq,1998,0.657979
7439,gnq,1999,0.636218
7439,gnq,2000,0.579892
7439,gnq,2001,0.5897
7439,gnq,2002,0.61163
7439,gnq,2003,0.57437
7439,gnq,2004,0.624293
7439,gnq,2005,0.492877
7439,gnq,2006,0.694257
7439,gnq,2007,0.51628
7439,gnq,2008,0.539674
7439,gnq,2009,0.516693
7439,gnq,2010,0.565909
7439,gnq,2011,0.529162
7439,gnq,2012,0.529034
7439,gnq,2013,0.503954
7439,gnq,2014,0.525373
7439,gnq,2015,0.52797
7439,gnq,2016,0.465093
7439,gnq,1962,0.554748
7439,gnq,1963,0.508603
7439,gnq,1964,0.426739
7439,gnq,1965,0.619979
7439,gnq,1966,0.619179
7439,gnq,1967,0.677954
7439,gnq,1968,0.582592
7439,gnq,1969,0.708377
7439,gnq,1970,0.709936
7439,gnq,1971,0.718681
7439,gnq,1972,0.723193
7439,gnq,1973,0.714873
7439,gnq,1974,0.574211
7439,gnq,1975,0.566244
7439,gnq,1976,0.673259
7439,gnq,1977,0.619952
7439,gnq,1978,0.410753
7439,gnq,1979,0.414302
7439,gnq,1980,0.379775
7439,gnq,1981,0.365714
7439,gnq,1982,0.536463
7439,gnq,1983,0.503188
7439,gnq,1984,0.548262
7439,gnq,1985,0.538144
7439,gnq,1986,0.512966
7439,gnq,1987,0.535402
7439,grc,1988,0.682021
7439,grc,1989,0.658175
7439,grc,1990,0.706247
7439,grc,1991,0.723627
7439,grc,1992,0.719219
7439,grc,1993,0.790213
7439,grc,1994,0.714366
7439,grc,1995,0.62259
7439,grc,1996,0.686473
7439,grc,1997,0.647296
7439,grc,1998,0.664739
7439,grc,1999,0.644252
7439,grc,2000,0.583354
7439,grc,2001,0.572193
7439,grc,2002,0.601474
7439,grc,2003,0.5644
7439,grc,2004,0.611598
7439,grc,2005,0.501609
7439,grc,2006,0.689628
7439,grc,2007,0.533514
7439,grc,2008,0.544441
7439,grc,2009,0.537415
7439,grc,2010,0.57785
7439,grc,2011,0.538814
7439,grc,2012,0.553165
7439,grc,2013,0.535236
7439,grc,2014,0.551699
7439,grc,2015,0.562063
7439,grc,2016,0.502632
7439,grc,1962,0.612143
7439,grc,1963,0.556633
7439,grc,1964,0.47051
7439,grc,1965,0.668885
7439,grc,1966,0.685874
7439,grc,1967,0.717821
7439,grc,1968,0.65866
7439,grc,1969,0.726271
7439,grc,1970,0.72813
7439,grc,1971,0.74597
7439,grc,1972,0.750222
7439,grc,1973,0.747779
7439,grc,1974,0.60871
7439,grc,1975,0.610563
7439,grc,1976,0.697053
7439,grc,1977,0.670216
7439,grc,1978,0.451636
7439,grc,1979,0.461556
7439,grc,1980,0.404526
7439,grc,1981,0.372598
7439,grc,1982,0.534836
7439,grc,1983,0.508966
7439,grc,1984,0.543229
7439,grc,1985,0.548202
7439,grc,1986,0.522381
7439,grc,1987,0.534618
7439,grd,1988,0.643451
7439,grd,1989,0.62524
7439,grd,1990,0.675373
7439,grd,1991,0.667426
7439,grd,1992,0.695779
7439,grd,1993,0.750534
7439,grd,1994,0.669356
7439,grd,1995,0.586616
7439,grd,1996,0.661046
7439,grd,1997,0.593266
7439,grd,1998,0.658217
7439,grd,1999,0.624117
7439,grd,2000,0.557086
7439,grd,2001,0.546182
7439,grd,2002,0.564177
7439,grd,2003,0.538647
7439,grd,2004,0.598478
7439,grd,2005,0.497609
7439,grd,2006,0.675193
7439,grd,2007,0.515274
7439,grd,2008,0.494778
7439,grd,2009,0.509928
7439,grd,2010,0.556844
7439,grd,2011,0
7439,grd,2012,0.507256
7439,grd,2013,0.501208
7439,grd,2014,0.512146
7439,grd,2015,0.520374
7439,grd,2016,0.452547
7439,grd,1965,0.621089
7439,grd,1969,0.700012
7439,grd,1970,0.699593
7439,grd,1971,0.722115
7439,grd,1972,0.724488
7439,grd,1973,0.728275
7439,grd,1974,0.582783
7439,grd,1975,0.567887
7439,grd,1976,0.668361
7439,grd,1977,0.605915
7439,grd,1978,0.378762
7439,grd,1979,0.42174
7439,grd,1980,0.387862
7439,grd,1981,0.36262
7439,grd,1982,0.536007
7439,grd,1983,0.512224
7439,grd,1984,0.548855
7439,grd,1985,0.537293
7439,grd,1986,0.510585
7439,grd,1987,0.53774
7439,grl,1988,0.659029
7439,grl,1989,0.627409
7439,grl,1990,0.682522
7439,grl,1991,0.702132
7439,grl,1992,0.712307
7439,grl,1993,0.780029
7439,grl,1994,0.695634
7439,grl,1995,0.601881
7439,grl,1996,0.701095
7439,grl,1997,0.636995
7439,grl,1998,0.664903
7439,grl,1999,0.643902
7439,grl,2000,0.581049
7439,grl,2001,0.587785
7439,grl,2002,0.613958
7439,grl,2003,0.57726
7439,grl,2004,0.63374
7439,grl,2005,0.501431
7439,grl,2006,0.700269
7439,grl,2007,0.522375
7439,grl,2008,0.551146
7439,grl,2009,0.533116
7439,grl,2010,0.57045
7439,grl,2011,0.537923
7439,grl,2012,0.538
7439,grl,2013,0.516782
7439,grl,2014,0.541019
7439,grl,2015,0.535083
7439,grl,2016,0.475271
7439,grl,1962,0
7439,grl,1964,0
7439,grl,1965,0
7439,grl,1966,0.639397
7439,grl,1967,0
7439,grl,1968,0
7439,grl,1969,0.682562
7439,grl,1970,0.655416
7439,grl,1971,0.701332
7439,grl,1972,0.706133
7439,grl,1973,0.672581
7439,grl,1974,0.586062
7439,grl,1975,0.574788
7439,grl,1976,0.674985
7439,grl,1977,0.614278
7439,grl,1978,0.42515
7439,grl,1979,0.428358
7439,grl,1980,0.402528
7439,grl,1981,0.37874
7439,grl,1982,0.527067
7439,grl,1983,0.517314
7439,grl,1984,0.545612
7439,grl,1985,0.544017
7439,grl,1986,0.51595
7439,grl,1987,0.541203
7439,gtm,1988,0.677634
7439,gtm,1989,0.662633
7439,gtm,1990,0.712646
7439,gtm,1991,0.733304
7439,gtm,1992,0.722688
7439,gtm,1993,0.78962
7439,gtm,1994,0.716183
7439,gtm,1995,0.627815
7439,gtm,1996,0.719898
7439,gtm,1997,0.659523
7439,gtm,1998,0.680357
7439,gtm,1999,0.661093
7439,gtm,2000,0.604175
7439,gtm,2001,0.614375
7439,gtm,2002,0.648642
7439,gtm,2003,0.614913
7439,gtm,2004,0.653055
7439,gtm,2005,0.557303
7439,gtm,2006,0.731479
7439,gtm,2007,0.587492
7439,gtm,2008,0.603244
7439,gtm,2009,0.572827
7439,gtm,2010,0.608194
7439,gtm,2011,0.583865
7439,gtm,2012,0.577785
7439,gtm,2013,0.55602
7439,gtm,2014,0.581984
7439,gtm,2015,0.584446
7439,gtm,2016,0.536765
7439,gtm,1962,0.577492
7439,gtm,1963,0.537308
7439,gtm,1964,0.453185
7439,gtm,1965,0.643375
7439,gtm,1966,0.657038
7439,gtm,1967,0.700541
7439,gtm,1968,0.643426
7439,gtm,1969,0.720924
7439,gtm,1970,0.714792
7439,gtm,1971,0.72826
7439,gtm,1972,0.734431
7439,gtm,1973,0.731563
7439,gtm,1974,0.605911
7439,gtm,1975,0.588139
7439,gtm,1976,0.685717
7439,gtm,1977,0.63801
7439,gtm,1978,0.444802
7439,gtm,1979,0.444295
7439,gtm,1980,0.414407
7439,gtm,1981,0.386483
7439,gtm,1982,0.54959
7439,gtm,1983,0.524294
7439,gtm,1984,0.56482
7439,gtm,1985,0.558706
7439,gtm,1986,0.529299
7439,gtm,1987,0.544816
7439,guf,1988,0.634502
7439,guf,1989,0.613576
7439,guf,1990,0.674204
7439,guf,1991,0.670869
7439,guf,1992,0.679943
7439,guf,1993,0.735981
7439,guf,1994,0.665852
7439,guf,1995,0.579959
7439,guf,1962,0.551345
7439,guf,1963,0.505002
7439,guf,1964,0.422191
7439,guf,1965,0.629426
7439,guf,1966,0.653123
7439,guf,1967,0.689401
7439,guf,1968,0.633414
7439,guf,1969,0.704696
7439,guf,1970,0.708914
7439,guf,1971,0.709041
7439,guf,1972,0.714626
7439,guf,1973,0.728307
7439,guf,1974,0.582453
7439,guf,1975,0.566706
7439,guf,1976,0.676173
7439,guf,1977,0.631565
7439,guf,1978,0.417375
7439,guf,1979,0.412505
7439,guf,1980,0.389555
7439,guf,1981,0.36041
7439,guf,1982,0.538442
7439,guf,1983,0.512695
7439,guf,1984,0.52404
7439,guf,1985,0.518759
7439,guf,1986,0.503976
7439,guf,1987,0.534951
7439,guy,1988,0.652731
7439,guy,1989,0.634026
7439,guy,1990,0.693537
7439,guy,1991,0.713277
7439,guy,1992,0.718044
7439,guy,1993,0.780008
7439,guy,1994,0.70146
7439,guy,1995,0.611037
7439,guy,1996,0.695454
7439,guy,1997,0.632088
7439,guy,1998,0.665443
7439,guy,1999,0.641158
7439,guy,2000,0.589928
7439,guy,2001,0.615868
7439,guy,2002,0.635589
7439,guy,2003,0.599218
7439,guy,2004,0.650287
7439,guy,2005,0.518331
7439,guy,2006,0.715233
7439,guy,2007,0.54406
7439,guy,2008,0.570618
7439,guy,2009,0.55368
7439,guy,2010,0.590011
7439,guy,2011,0.556571
7439,guy,2012,0.555043
7439,guy,2013,0.537117
7439,guy,2014,0.561963
7439,guy,2015,0.55859
7439,guy,2016,0.487165
7439,guy,1962,0.566857
7439,guy,1963,0.510915
7439,guy,1964,0.427129
7439,guy,1965,0.636263
7439,guy,1966,0.654054
7439,guy,1967,0.685116
7439,guy,1968,0.626561
7439,guy,1969,0.709785
7439,guy,1970,0.70474
7439,guy,1971,0.72734
7439,guy,1972,0.723302
7439,guy,1973,0.714667
7439,guy,1974,0.579002
7439,guy,1975,0.5727
7439,guy,1976,0.679606
7439,guy,1977,0.625541
7439,guy,1978,0.420807
7439,guy,1979,0.425963
7439,guy,1980,0.392372
7439,guy,1981,0.370486
7439,guy,1982,0.541926
7439,guy,1983,0.514447
7439,guy,1984,0.55311
7439,guy,1985,0.54241
7439,guy,1986,0.515744
7439,guy,1987,0.540123
7439,hkg,1988,0.561299
7439,hkg,1989,0.547216
7439,hkg,1990,0.591168
7439,hkg,1991,0.599532
7439,hkg,1992,0.591609
7439,hkg,1993,0.634004
7439,hkg,1994,0.584605
7439,hkg,1995,0.526495
7439,hkg,1996,0.575162
7439,hkg,1997,0.525694
7439,hkg,1998,0.55373
7439,hkg,1999,0.506976
7439,hkg,2000,0.477241
7439,hkg,2001,0.475322
7439,hkg,2002,0.520101
7439,hkg,2003,0.511713
7439,hkg,2004,0.501821
7439,hkg,2005,0.41262
7439,hkg,2006,0.628139
7439,hkg,2007,0.398424
7439,hkg,2008,0.45592
7439,hkg,2009,0.43986
7439,hkg,2010,0.441163
7439,hkg,2011,0.378885
7439,hkg,2012,0.362111
7439,hkg,2013,0.402925
7439,hkg,2014,0.373573
7439,hkg,2015,0.433147
7439,hkg,2016,0.404677
7439,hkg,1962,0.502427
7439,hkg,1963,0.474747
7439,hkg,1964,0.39884
7439,hkg,1965,0.585113
7439,hkg,1966,0.581963
7439,hkg,1967,0.612775
7439,hkg,1968,0.567134
7439,hkg,1969,0.645903
7439,hkg,1970,0.641252
7439,hkg,1971,0.645615
7439,hkg,1972,0.652581
7439,hkg,1973,0.643963
7439,hkg,1974,0.505593
7439,hkg,1975,0.497822
7439,hkg,1976,0.58952
7439,hkg,1977,0.556865
7439,hkg,1978,0.360255
7439,hkg,1979,0.365267
7439,hkg,1980,0.32838
7439,hkg,1981,0.315941
7439,hkg,1982,0.470581
7439,hkg,1983,0.441613
7439,hkg,1984,0.461876
7439,hkg,1985,0.468459
7439,hkg,1986,0.455401
7439,hkg,1987,0.466339
7439,hnd,1988,0.678984
7439,hnd,1989,0.662837
7439,hnd,1990,0.70329
7439,hnd,1991,0.723416
7439,hnd,1992,0.727244
7439,hnd,1993,0.800303
7439,hnd,1994,0.718963
7439,hnd,1995,0.63548
7439,hnd,1996,0.719296
7439,hnd,1997,0.665557
7439,hnd,1998,0.684714
7439,hnd,1999,0.661482
7439,hnd,2000,0.608
7439,hnd,2001,0.616389
7439,hnd,2002,0.643824
7439,hnd,2003,0.60743
7439,hnd,2004,0.653912
7439,hnd,2005,0.540678
7439,hnd,2006,0.730489
7439,hnd,2007,0.590105
7439,hnd,2008,0.605114
7439,hnd,2009,0.562126
7439,hnd,2010,0.605565
7439,hnd,2011,0.577881
7439,hnd,2012,0.579413
7439,hnd,2013,0.56001
7439,hnd,2014,0.56896
7439,hnd,2015,0.584349
7439,hnd,2016,0.518366
7439,hnd,1962,0.573419
7439,hnd,1963,0.543337
7439,hnd,1964,0.468333
7439,hnd,1965,0.652056
7439,hnd,1966,0.674633
7439,hnd,1967,0.708951
7439,hnd,1968,0.649631
7439,hnd,1969,0.730472
7439,hnd,1970,0.721604
7439,hnd,1971,0.739749
7439,hnd,1972,0.743437
7439,hnd,1973,0.734924
7439,hnd,1974,0.60944
7439,hnd,1975,0.594047
7439,hnd,1976,0.705945
7439,hnd,1977,0.651351
7439,hnd,1978,0.440235
7439,hnd,1979,0.44652
7439,hnd,1980,0.4157
7439,hnd,1981,0.386549
7439,hnd,1982,0.559872
7439,hnd,1983,0.531858
7439,hnd,1984,0.570861
7439,hnd,1985,0.558237
7439,hnd,1986,0.531737
7439,hnd,1987,0.551161
7439,hti,1988,0.650191
7439,hti,1989,0.62378
7439,hti,1990,0.655942
7439,hti,1991,0.679455
7439,hti,1992,0.70495
7439,hti,1993,0.758867
7439,hti,1994,0.698043
7439,hti,1995,0.620373
7439,hti,1996,0.715224
7439,hti,1997,0.652298
7439,hti,1998,0.671921
7439,hti,1999,0.649513
7439,hti,2000,0.58996
7439,hti,2001,0.599587
7439,hti,2002,0.625236
7439,hti,2003,0.595769
7439,hti,2004,0.636412
7439,hti,2005,0.516456
7439,hti,2006,0.712476
7439,hti,2007,0.540437
7439,hti,2008,0.568196
7439,hti,2009,0.538041
7439,hti,2010,0.572945
7439,hti,2011,0.546715
7439,hti,2012,0.543847
7439,hti,2013,0.514449
7439,hti,2014,0.551443
7439,hti,2015,0.553999
7439,hti,2016,0.486021
7439,hti,1962,0.563257
7439,hti,1963,0.519684
7439,hti,1964,0.439893
7439,hti,1965,0.628976
7439,hti,1966,0.653124
7439,hti,1967,0.693702
7439,hti,1968,0.625756
7439,hti,1969,0.710867
7439,hti,1970,0.706866
7439,hti,1971,0.709051
7439,hti,1972,0.72189
7439,hti,1973,0.700159
7439,hti,1974,0.558506
7439,hti,1975,0.546421
7439,hti,1976,0.65051
7439,hti,1977,0.602491
7439,hti,1978,0.417439
7439,hti,1979,0.425126
7439,hti,1980,0.377753
7439,hti,1981,0.369017
7439,hti,1982,0.5361
7439,hti,1983,0.503785
7439,hti,1984,0.530308
7439,hti,1985,0.539462
7439,hti,1986,0.499994
7439,hti,1987,0.526143
7439,hun,1988,0.537897
7439,hun,1989,0.500352
7439,hun,1990,0.549251
7439,hun,1991,0.582539
7439,hun,1992,0.586442
7439,hun,1993,0.625337
7439,hun,1994,0.56402
7439,hun,1995,0.480661
7439,hun,1996,0.548641
7439,hun,1997,0.516487
7439,hun,1998,0.557429
7439,hun,1999,0.550842
7439,hun,2000,0.459693
7439,hun,2001,0.463768
7439,hun,2002,0.474427
7439,hun,2003,0.398574
7439,hun,2004,0.460091
7439,hun,2005,0.339543
7439,hun,2006,0.470709
7439,hun,2007,0.300666
7439,hun,2008,0.339539
7439,hun,2009,0
7439,hun,2010,0.344241
7439,hun,2011,0
7439,hun,2012,0
7439,hun,2013,0
7439,hun,2014,0
7439,hun,2015,0
7439,hun,2016,0.258355
7439,hun,1962,0.523115
7439,hun,1963,0.516621
7439,hun,1964,0.452679
7439,hun,1965,0.643015
7439,hun,1966,0.613303
7439,hun,1967,0.693703
7439,hun,1968,0.633495
7439,hun,1969,0.702464
7439,hun,1970,0.685255
7439,hun,1971,0.712329
7439,hun,1972,0.731773
7439,hun,1973,0.700315
7439,hun,1974,0.58445
7439,hun,1975,0.587903
7439,hun,1976,0.611546
7439,hun,1977,0.562743
7439,hun,1978,0.437238
7439,hun,1979,0.424779
7439,hun,1980,0.370554
7439,hun,1981,0.362472
7439,hun,1982,0.516227
7439,hun,1983,0.481014
7439,hun,1984,0.504587
7439,hun,1985,0.503634
7439,hun,1986,0.485174
7439,hun,1987,0.503729
7439,idn,1988,0.698673
7439,idn,1989,0.68356
7439,idn,1990,0.717238
7439,idn,1991,0.760211
7439,idn,1992,0.748214
7439,idn,1993,0.812133
7439,idn,1994,0.7215
7439,idn,1995,0.653087
7439,idn,1996,0.737377
7439,idn,1997,0.654842
7439,idn,1998,0.68721
7439,idn,1999,0.646319
7439,idn,2000,0.577611
7439,idn,2001,0.596442
7439,idn,2002,0.620051
7439,idn,2003,0.585794
7439,idn,2004,0.629151
7439,idn,2005,0.523821
7439,idn,2006,0.6889
7439,idn,2007,0
7439,idn,2008,0.56021
7439,idn,2009,0.566527
7439,idn,2010,0.586756
7439,idn,2011,0.56081
7439,idn,2012,0.549361
7439,idn,2013,0.522319
7439,idn,2014,0.529192
7439,idn,2015,0.543273
7439,idn,2016,0.491929
7439,idn,1962,0.58709
7439,idn,1963,0.553637
7439,idn,1964,0.479419
7439,idn,1965,0.64892
7439,idn,1966,0.675191
7439,idn,1967,0.709446
7439,idn,1968,0.653183
7439,idn,1969,0.738643
7439,idn,1970,0.736595
7439,idn,1971,0.751785
7439,idn,1972,0.753691
7439,idn,1973,0.747256
7439,idn,1974,0.605051
7439,idn,1975,0.596285
7439,idn,1976,0.689161
7439,idn,1977,0.637077
7439,idn,1978,0.454551
7439,idn,1979,0.442178
7439,idn,1980,0.430234
7439,idn,1981,0.404976
7439,idn,1982,0.565117
7439,idn,1983,0.531483
7439,idn,1984,0.579595
7439,idn,1985,0.561297
7439,idn,1986,0.536841
7439,idn,1987,0.560128
7439,ind,1988,0.667255
7439,ind,1989,0.633084
7439,ind,1990,0.674879
7439,ind,1991,0.696989
7439,ind,1992,0.715102
7439,ind,1993,0.789569
7439,ind,1994,0.702392
7439,ind,1995,0.628887
7439,ind,1996,0.689839
7439,ind,1997,0.630826
7439,ind,1998,0.635514
7439,ind,1999,0.596878
7439,ind,2000,0.54509
7439,ind,2001,0.551709
7439,ind,2002,0.578351
7439,ind,2003,0.538431
7439,ind,2004,0.597224
7439,ind,2005,0.483629
7439,ind,2006,0.644231
7439,ind,2007,0.536628
7439,ind,2008,0.520315
7439,ind,2009,0.482433
7439,ind,2010,0.540363
7439,ind,2011,0.514863
7439,ind,2012,0.513228
7439,ind,2013,0.500408
7439,ind,2014,0.506183
7439,ind,2015,0.497142
7439,ind,2016,0.470976
7439,ind,1962,0.612837
7439,ind,1963,0.561847
7439,ind,1964,0.495909
7439,ind,1965,0.664399
7439,ind,1966,0.68065
7439,ind,1967,0.713177
7439,ind,1968,0.661029
7439,ind,1969,0.737246
7439,ind,1970,0.727219
7439,ind,1971,0.735051
7439,ind,1972,0.741764
7439,ind,1973,0.739144
7439,ind,1974,0.602742
7439,ind,1975,0.610437
7439,ind,1976,0.696155
7439,ind,1977,0.644287
7439,ind,1978,0.421477
7439,ind,1979,0.437612
7439,ind,1980,0.399595
7439,ind,1981,0.371954
7439,ind,1982,0.538319
7439,ind,1983,0.527035
7439,ind,1984,0.554763
7439,ind,1985,0.541782
7439,ind,1986,0.514306
7439,ind,1987,0.525826
7439,iot,1988,0.639137
7439,iot,1989,0.614517
7439,iot,1990,0.622083
7439,iot,1991,0.694519
7439,iot,1992,0.689136
7439,iot,1993,0.758085
7439,iot,1994,0.674067
7439,iot,1995,0.589429
7439,iot,1996,0.664079
7439,iot,1997,0.620746
7439,iot,1998,0.633342
7439,iot,1999,0.634296
7439,iot,2000,0.573145
7439,iot,2001,0.586664
7439,iot,2002,0.613786
7439,iot,2003,0.511927
7439,iot,2004,0.527448
7439,iot,2005,0.436854
7439,iot,2006,0.602624
7439,iot,2007,0.437092
7439,iot,2008,0.492052
7439,iot,2009,0.480151
7439,iot,2010,0
7439,iot,2011,0.465503
7439,iot,2012,0.467991
7439,iot,2013,0.467222
7439,iot,2014,0.491392
7439,iot,2015,0.500676
7439,iot,2016,0.439438
7439,iot,1969,0
7439,iot,1970,0
7439,iot,1971,0.71393
7439,iot,1972,0.715117
7439,iot,1973,0.711437
7439,iot,1974,0.581184
7439,iot,1975,0.566134
7439,iot,1976,0.641273
7439,iot,1977,0.580371
7439,iot,1978,0.41036
7439,iot,1979,0.412887
7439,iot,1980,0.386795
7439,iot,1981,0.352259
7439,iot,1982,0.510457
7439,iot,1983,0.49027
7439,iot,1984,0.525533
7439,iot,1985,0.53057
7439,iot,1986,0.512433
7439,iot,1987,0.536961
7439,irl,1988,0
7439,irl,1989,0
7439,irl,1990,0
7439,irl,1991,0
7439,irl,1992,0.556689
7439,irl,1993,0.629914
7439,irl,1994,0.545941
7439,irl,1995,0.494815
7439,irl,1996,0
7439,irl,1997,0
7439,irl,1998,0
7439,irl,1999,0
7439,irl,2000,0
7439,irl,2001,0
7439,irl,2002,0
7439,irl,2003,0
7439,irl,2004,0
7439,irl,2005,0.407359
7439,irl,2006,0.594301
7439,irl,2007,0.417835
7439,irl,2008,0
7439,irl,2009,0
7439,irl,2010,0
7439,irl,2011,0
7439,irl,2012,0
7439,irl,2013,0
7439,irl,2014,0
7439,irl,2015,0.435986
7439,irl,2016,0.391784
7439,irl,1962,0.552653
7439,irl,1963,0.511381
7439,irl,1964,0.411437
7439,irl,1965,0.577064
7439,irl,1966,0.573068
7439,irl,1967,0.656147
7439,irl,1968,0.591756
7439,irl,1969,0.679173
7439,irl,1970,0.669694
7439,irl,1971,0.637683
7439,irl,1972,0.662493
7439,irl,1973,0.651416
7439,irl,1974,0.492729
7439,irl,1975,0.473216
7439,irl,1976,0.529193
7439,irl,1977,0.478212
7439,irl,1978,0.314675
7439,irl,1979,0.311126
7439,irl,1980,0.289176
7439,irl,1981,0.276339
7439,irl,1982,0.414435
7439,irl,1983,0.408561
7439,irl,1984,0.432237
7439,irl,1985,0.415474
7439,irl,1986,0.397934
7439,irl,1987,0.417688
7439,irn,1988,0.663557
7439,irn,1989,0.630641
7439,irn,1990,0.687405
7439,irn,1991,0.706426
7439,irn,1992,0.717872
7439,irn,1993,0.789111
7439,irn,1994,0.711251
7439,irn,1995,0.62333
7439,irn,1996,0.71316
7439,irn,1997,0.656758
7439,irn,1998,0.682478
7439,irn,1999,0.664445
7439,irn,2000,0.608435
7439,irn,2001,0.615879
7439,irn,2002,0.645891
7439,irn,2003,0.604534
7439,irn,2004,0.657599
7439,irn,2005,0.525734
7439,irn,2006,0.717916
7439,irn,2007,0.547901
7439,irn,2008,0.574348
7439,irn,2009,0.551315
7439,irn,2010,0.59845
7439,irn,2011,0.561554
7439,irn,2012,0.566688
7439,irn,2013,0.54472
7439,irn,2014,0.553879
7439,irn,2015,0.570439
7439,irn,2016,0.509194
7439,irn,1962,0.572032
7439,irn,1963,0.53661
7439,irn,1964,0.441409
7439,irn,1965,0.637617
7439,irn,1966,0.656461
7439,irn,1967,0.68759
7439,irn,1968,0.632393
7439,irn,1969,0.713511
7439,irn,1970,0.711682
7439,irn,1971,0.727497
7439,irn,1972,0.725535
7439,irn,1973,0.722476
7439,irn,1974,0.580235
7439,irn,1975,0.572887
7439,irn,1976,0.669905
7439,irn,1977,0.623051
7439,irn,1978,0.428799
7439,irn,1979,0.432144
7439,irn,1980,0.394914
7439,irn,1981,0.376619
7439,irn,1982,0.534665
7439,irn,1983,0.511614
7439,irn,1984,0.556684
7439,irn,1985,0.544472
7439,irn,1986,0.520751
7439,irn,1987,0.546372
7439,irq,1988,0.658503
7439,irq,1989,0.628869
7439,irq,1990,0.679474
7439,irq,1991,0.703306
7439,irq,1992,0.710936
7439,irq,1993,0.779127
7439,irq,1994,0.693452
7439,irq,1995,0.60086
7439,irq,1996,0.664445
7439,irq,1997,0.62495
7439,irq,1998,0.654518
7439,irq,1999,0.633491
7439,irq,2000,0.577091
7439,irq,2001,0.583733
7439,irq,2002,0.608943
7439,irq,2003,0.573647
7439,irq,2004,0.633574
7439,irq,2005,0.493312
7439,irq,2006,0.695951
7439,irq,2007,0.514219
7439,irq,2008,0.540831
7439,irq,2009,0.516207
7439,irq,2010,0.564054
7439,irq,2011,0.526482
7439,irq,2012,0.530498
7439,irq,2013,0.505823
7439,irq,2014,0.526033
7439,irq,2015,0.529956
7439,irq,2016,0.468327
7439,irq,1962,0.563124
7439,irq,1963,0.525148
7439,irq,1964,0.424252
7439,irq,1965,0.625683
7439,irq,1966,0.64605
7439,irq,1967,0.68468
7439,irq,1968,0.624698
7439,irq,1969,0.708455
7439,irq,1970,0.701515
7439,irq,1971,0.717333
7439,irq,1972,0.724332
7439,irq,1973,0.717097
7439,irq,1974,0.574784
7439,irq,1975,0.563496
7439,irq,1976,0.66734
7439,irq,1977,0.612587
7439,irq,1978,0.41565
7439,irq,1979,0.42028
7439,irq,1980,0.383643
7439,irq,1981,0.36341
7439,irq,1982,0.529231
7439,irq,1983,0.509748
7439,irq,1984,0.5518
7439,irq,1985,0.545744
7439,irq,1986,0.518728
7439,irq,1987,0.541362
7439,isl,1988,0.657298
7439,isl,1989,0.631443
7439,isl,1990,0.684032
7439,isl,1991,0.69753
7439,isl,1992,0.702566
7439,isl,1993,0.773873
7439,isl,1994,0.690958
7439,isl,1995,0.592891
7439,isl,1996,0.69633
7439,isl,1997,0.614029
7439,isl,1998,0.65704
7439,isl,1999,0.613946
7439,isl,2000,0.574338
7439,isl,2001,0.568199
7439,isl,2002,0.594252
7439,isl,2003,0.556978
7439,isl,2004,0.614657
7439,isl,2005,0.475346
7439,isl,2006,0.682531
7439,isl,2007,0.501072
7439,isl,2008,0.532213
7439,isl,2009,0.513756
7439,isl,2010,0.563528
7439,isl,2011,0.528509
7439,isl,2012,0.523472
7439,isl,2013,0.497852
7439,isl,2014,0.521523
7439,isl,2015,0.514991
7439,isl,2016,0.459242
7439,isl,1962,0.577122
7439,isl,1963,0.5262
7439,isl,1964,0.437801
7439,isl,1965,0.636295
7439,isl,1966,0.655938
7439,isl,1967,0.688361
7439,isl,1968,0.632795
7439,isl,1969,0.717652
7439,isl,1970,0.701653
7439,isl,1971,0.738362
7439,isl,1972,0.729237
7439,isl,1973,0.720752
7439,isl,1974,0.590327
7439,isl,1975,0.57404
7439,isl,1976,0.677942
7439,isl,1977,0.633538
7439,isl,1978,0.428095
7439,isl,1979,0.435584
7439,isl,1980,0.409288
7439,isl,1981,0.391239
7439,isl,1982,0.541173
7439,isl,1983,0.523821
7439,isl,1984,0.563234
7439,isl,1985,0.546637
7439,isl,1986,0.523235
7439,isl,1987,0.543131
7439,isr,1988,0.510713
7439,isr,1989,0.467231
7439,isr,1990,0.541262
7439,isr,1991,0.529848
7439,isr,1992,0.549781
7439,isr,1993,0.59629
7439,isr,1994,0.519202
7439,isr,1995,0.455429
7439,isr,1996,0.508082
7439,isr,1997,0
7439,isr,1998,0
7439,isr,1999,0
7439,isr,2000,0.434333
7439,isr,2001,0.448074
7439,isr,2002,0.481553
7439,isr,2003,0
7439,isr,2004,0
7439,isr,2005,0
7439,isr,2006,0
7439,isr,2007,0
7439,isr,2008,0
7439,isr,2009,0.376757
7439,isr,2010,0.422835
7439,isr,2011,0.394048
7439,isr,2012,0.384539
7439,isr,2013,0.3885
7439,isr,2014,0.413649
7439,isr,2015,0.440818
7439,isr,2016,0.388347
7439,isr,1962,0.546666
7439,isr,1963,0.494313
7439,isr,1964,0.411215
7439,isr,1965,0.606665
7439,isr,1966,0.62101
7439,isr,1967,0.656898
7439,isr,1968,0.601871
7439,isr,1969,0.696655
7439,isr,1970,0.678629
7439,isr,1971,0.714414
7439,isr,1972,0.70708
7439,isr,1973,0.706964
7439,isr,1974,0.553855
7439,isr,1975,0.520698
7439,isr,1976,0.628553
7439,isr,1977,0.597106
7439,isr,1978,0.385396
7439,isr,1979,0.399494
7439,isr,1980,0.362629
7439,isr,1981,0.325084
7439,isr,1982,0.455934
7439,isr,1983,0.425438
7439,isr,1984,0.440187
7439,isr,1985,0.447986
7439,isr,1986,0.436326
7439,isr,1987,0.449147
7439,ita,1988,0
7439,ita,1989,0
7439,ita,1990,0
7439,ita,1991,0
7439,ita,1992,0
7439,ita,1993,0
7439,ita,1994,0.335434
7439,ita,1995,0.271585
7439,ita,1996,0
7439,ita,1997,0.246863
7439,ita,1998,0.285766
7439,ita,1999,0.259582
7439,ita,2000,0.22255
7439,ita,2001,0.238221
7439,ita,2002,0.27671
7439,ita,2003,0.201236
7439,ita,2004,0.238059
7439,ita,2005,0.135634
7439,ita,2006,0
7439,ita,2007,0
7439,ita,2008,0
7439,ita,2009,0.180339
7439,ita,2010,0.203504
7439,ita,2011,0
7439,ita,2012,0
7439,ita,2013,0
7439,ita,2014,0
7439,ita,2015,0
7439,ita,2016,0
7439,ita,1962,0
7439,ita,1963,0
7439,ita,1964,0
7439,ita,1965,0
7439,ita,1966,0
7439,ita,1967,0
7439,ita,1968,0
7439,ita,1969,0
7439,ita,1970,0
7439,ita,1971,0
7439,ita,1972,0
7439,ita,1973,0
7439,ita,1974,0
7439,ita,1975,0
7439,ita,1976,0
7439,ita,1977,0
7439,ita,1978,0.175253
7439,ita,1979,0.143512
7439,ita,1980,0.111601
7439,ita,1981,0.084558
7439,ita,1982,0.192741
7439,ita,1983,0.1895
7439,ita,1984,0.225905
7439,ita,1985,0.231024
7439,ita,1986,0.250845
7439,ita,1987,0.312081
7439,jam,1988,0.672808
7439,jam,1989,0.637918
7439,jam,1990,0.695809
7439,jam,1991,0.710763
7439,jam,1992,0.716288
7439,jam,1993,0.787517
7439,jam,1994,0.71356
7439,jam,1995,0.621253
7439,jam,1996,0.705965
7439,jam,1997,0.648423
7439,jam,1998,0.667821
7439,jam,1999,0.652917
7439,jam,2000,0.59074
7439,jam,2001,0.600301
7439,jam,2002,0.627696
7439,jam,2003,0.597595
7439,jam,2004,0.634231
7439,jam,2005,0.515158
7439,jam,2006,0.703242
7439,jam,2007,0.546014
7439,jam,2008,0.566313
7439,jam,2009,0.546881
7439,jam,2010,0.588243
7439,jam,2011,0.528714
7439,jam,2012,0.556161
7439,jam,2013,0.529721
7439,jam,2014,0.557803
7439,jam,2015,0.55617
7439,jam,2016,0.499983
7439,jam,1962,0.562652
7439,jam,1963,0.528675
7439,jam,1964,0.438844
7439,jam,1965,0.63852
7439,jam,1966,0.653841
7439,jam,1967,0.689889
7439,jam,1968,0.636724
7439,jam,1969,0.718171
7439,jam,1970,0.708726
7439,jam,1971,0.727752
7439,jam,1972,0.73228
7439,jam,1973,0.718185
7439,jam,1974,0.588292
7439,jam,1975,0.57284
7439,jam,1976,0.670522
7439,jam,1977,0.626453
7439,jam,1978,0.423824
7439,jam,1979,0.423372
7439,jam,1980,0.390055
7439,jam,1981,0.370476
7439,jam,1982,0.538516
7439,jam,1983,0.51064
7439,jam,1984,0.552222
7439,jam,1985,0.549314
7439,jam,1986,0.531227
7439,jam,1987,0.545747
7439,jor,1988,0.613326
7439,jor,1989,0.596953
7439,jor,1990,0.650728
7439,jor,1991,0.703659
7439,jor,1992,0.709633
7439,jor,1993,0.733793
7439,jor,1994,0.674024
7439,jor,1995,0
7439,jor,1996,0.704385
7439,jor,1997,0.611956
7439,jor,1998,0.664539
7439,jor,1999,0.609205
7439,jor,2000,0.540137
7439,jor,2001,0.544864
7439,jor,2002,0.604484
7439,jor,2003,0.583803
7439,jor,2004,0.627237
7439,jor,2005,0.515346
7439,jor,2006,0.69904
7439,jor,2007,0.525027
7439,jor,2008,0.543263
7439,jor,2009,0.513219
7439,jor,2010,0.557366
7439,jor,2011,0.53891
7439,jor,2012,0.543028
7439,jor,2013,0.518736
7439,jor,2014,0.530975
7439,jor,2015,0.547784
7439,jor,2016,0.487589
7439,jor,1962,0.577544
7439,jor,1963,0.520043
7439,jor,1964,0.450027
7439,jor,1965,0.643361
7439,jor,1966,0.678183
7439,jor,1967,0.694866
7439,jor,1968,0.632215
7439,jor,1969,0.698469
7439,jor,1970,0.70507
7439,jor,1971,0.731574
7439,jor,1972,0.73503
7439,jor,1973,0.720386
7439,jor,1974,0.597603
7439,jor,1975,0.521611
7439,jor,1976,0.554408
7439,jor,1977,0.534108
7439,jor,1978,0
7439,jor,1979,0
7439,jor,1980,0.357156
7439,jor,1981,0.335766
7439,jor,1982,0.492484
7439,jor,1983,0.473447
7439,jor,1984,0.521431
7439,jor,1985,0.523097
7439,jor,1986,0.492508
7439,jor,1987,0.516603
7439,jpn,1988,0.261608
7439,jpn,1989,0.251426
7439,jpn,1990,0.297485
7439,jpn,1991,0.295299
7439,jpn,1992,0.286337
7439,jpn,1993,0
7439,jpn,1994,0
7439,jpn,1995,0
7439,jpn,1996,0
7439,jpn,1997,0
7439,jpn,1998,0
7439,jpn,1999,0
7439,jpn,2000,0
7439,jpn,2001,0
7439,jpn,2002,0
7439,jpn,2003,0
7439,jpn,2004,0
7439,jpn,2005,0
7439,jpn,2006,0
7439,jpn,2007,0
7439,jpn,2008,0
7439,jpn,2009,0
7439,jpn,2010,0
7439,jpn,2011,0
7439,jpn,2012,0
7439,jpn,2013,0
7439,jpn,2014,0
7439,jpn,2015,0
7439,jpn,2016,0
7439,jpn,1962,0.274824
7439,jpn,1963,0.260457
7439,jpn,1964,0.189452
7439,jpn,1965,0.375842
7439,jpn,1966,0.379358
7439,jpn,1967,0.389772
7439,jpn,1968,0.359863
7439,jpn,1969,0.388835
7439,jpn,1970,0.379299
7439,jpn,1971,0.413892
7439,jpn,1972,0.366091
7439,jpn,1973,0.334135
7439,jpn,1974,0.229713
7439,jpn,1975,0.178233
7439,jpn,1976,0.301932
7439,jpn,1977,0.19691
7439,jpn,1978,0.152464
7439,jpn,1979,0.12701
7439,jpn,1980,0.112214
7439,jpn,1981,0
7439,jpn,1982,0.170936
7439,jpn,1983,0.184159
7439,jpn,1984,0.187173
7439,jpn,1985,0.236753
7439,jpn,1986,0.252119
7439,jpn,1987,0.281776
7439,ken,1988,0.67717
7439,ken,1989,0.670239
7439,ken,1990,0.702847
7439,ken,1991,0.7448
7439,ken,1992,0.730233
7439,ken,1993,0.802096
7439,ken,1994,0.710006
7439,ken,1995,0.626353
7439,ken,1996,0.748845
7439,ken,1997,0.669696
7439,ken,1998,0.69845
7439,ken,1999,0.677548
7439,ken,2000,0.629502
7439,ken,2001,0.635067
7439,ken,2002,0.66042
7439,ken,2003,0.64098
7439,ken,2004,0.674767
7439,ken,2005,0.580455
7439,ken,2006,0.750462
7439,ken,2007,0.6195
7439,ken,2008,0.617004
7439,ken,2009,0.564946
7439,ken,2010,0.618987
7439,ken,2011,0.580777
7439,ken,2012,0.587045
7439,ken,2013,0.563919
7439,ken,2014,0.585784
7439,ken,2015,0.587622
7439,ken,2016,0.5212
7439,ken,1962,0.609855
7439,ken,1963,0.557642
7439,ken,1964,0.48072
7439,ken,1965,0.663833
7439,ken,1966,0.683767
7439,ken,1967,0.707045
7439,ken,1968,0.655576
7439,ken,1969,0.740231
7439,ken,1970,0.742046
7439,ken,1971,0.762556
7439,ken,1972,0.769345
7439,ken,1973,0.769705
7439,ken,1974,0.634716
7439,ken,1975,0.624282
7439,ken,1976,0.705473
7439,ken,1977,0.659929
7439,ken,1978,0.447896
7439,ken,1979,0.471713
7439,ken,1980,0.424633
7439,ken,1981,0.419807
7439,ken,1982,0.562691
7439,ken,1983,0.538239
7439,ken,1984,0.586657
7439,ken,1985,0.564176
7439,ken,1986,0.538868
7439,ken,1987,0.547095
7439,khm,1988,0.636623
7439,khm,1989,0.634648
7439,khm,1990,0.687373
7439,khm,1991,0.710856
7439,khm,1992,0.720264
7439,khm,1993,0.788659
7439,khm,1994,0.710324
7439,khm,1995,0.612373
7439,khm,1996,0.710595
7439,khm,1997,0.652791
7439,khm,1998,0.674337
7439,khm,1999,0.652815
7439,khm,2000,0.594437
7439,khm,2001,0.602678
7439,khm,2002,0.635839
7439,khm,2003,0.59762
7439,khm,2004,0.642017
7439,khm,2005,0.528409
7439,khm,2006,0.714218
7439,khm,2007,0.557061
7439,khm,2008,0.56817
7439,khm,2009,0.545861
7439,khm,2010,0.58453
7439,khm,2011,0.556392
7439,khm,2012,0.562721
7439,khm,2013,0.540188
7439,khm,2014,0.555456
7439,khm,2015,0.555974
7439,khm,2016,0.507743
7439,khm,1962,0.598216
7439,khm,1963,0.546202
7439,khm,1964,0.45764
7439,khm,1965,0.649264
7439,khm,1966,0.672373
7439,khm,1967,0.71609
7439,khm,1968,0.660358
7439,khm,1969,0.74458
7439,khm,1970,0.732687
7439,khm,1971,0.74895
7439,khm,1972,0.745706
7439,khm,1973,0.733987
7439,khm,1974,0.600078
7439,khm,1975,0.588924
7439,khm,1976,0.651069
7439,khm,1977,0.612592
7439,khm,1978,0
7439,khm,1979,0.39151
7439,khm,1980,0
7439,khm,1981,0
7439,khm,1982,0.51962
7439,khm,1983,0.500903
7439,khm,1984,0.539112
7439,khm,1985,0.536241
7439,khm,1986,0.49054
7439,khm,1987,0.536326
7439,kir,1988,0.650912
7439,kir,1989,0.623413
7439,kir,1990,0.66676
7439,kir,1991,0.692709
7439,kir,1992,0.701656
7439,kir,1993,0.776866
7439,kir,1994,0.694686
7439,kir,1995,0.597305
7439,kir,1996,0.690832
7439,kir,1997,0.621694
7439,kir,1998,0.663301
7439,kir,1999,0.621331
7439,kir,2000,0.580575
7439,kir,2001,0.574642
7439,kir,2002,0.597721
7439,kir,2003,0.568418
7439,kir,2004,0.619108
7439,kir,2005,0.482423
7439,kir,2006,0.673122
7439,kir,2007,0.519426
7439,kir,2008,0.543541
7439,kir,2009,0.517487
7439,kir,2010,0.556772
7439,kir,2011,0.526269
7439,kir,2012,0.531112
7439,kir,2013,0.503469
7439,kir,2014,0.524218
7439,kir,2015,0.529311
7439,kir,2016,0.464672
7439,kir,1970,0.696081
7439,kir,1971,0.715108
7439,kir,1972,0.716611
7439,kir,1973,0.710772
7439,kir,1974,0.573912
7439,kir,1975,0.561726
7439,kir,1976,0.668293
7439,kir,1977,0.615096
7439,kir,1978,0.406504
7439,kir,1979,0.419919
7439,kir,1980,0.385988
7439,kir,1981,0.369646
7439,kir,1982,0.508558
7439,kir,1983,0.502473
7439,kir,1984,0.543192
7439,kir,1985,0.528299
7439,kir,1986,0.511353
7439,kir,1987,0.530538
7439,kna,1988,0.643486
7439,kna,1989,0.593765
7439,kna,1990,0.660788
7439,kna,1991,0.678457
7439,kna,1992,0.69059
7439,kna,1993,0.762444
7439,kna,1994,0.662018
7439,kna,1995,0.582035
7439,kna,1996,0.682177
7439,kna,1997,0.589042
7439,kna,1998,0.636591
7439,kna,1999,0.607231
7439,kna,2000,0.5638
7439,kna,2001,0.562233
7439,kna,2002,0.59932
7439,kna,2003,0
7439,kna,2004,0.596674
7439,kna,2005,0.475815
7439,kna,2006,0.659946
7439,kna,2007,0
7439,kna,2008,0
7439,kna,2009,0
7439,kna,2010,0.541019
7439,kna,2011,0.500455
7439,kna,2012,0.499025
7439,kna,2013,0.473101
7439,kna,2014,0.497632
7439,kna,2015,0.510935
7439,kna,2016,0.445335
7439,kna,1968,0.616351
7439,kna,1969,0
7439,kna,1970,0.681116
7439,kna,1971,0.702736
7439,kna,1972,0.698511
7439,kna,1973,0.681861
7439,kna,1974,0.557615
7439,kna,1975,0.531285
7439,kna,1976,0.638585
7439,kna,1977,0.582821
7439,kna,1978,0.404507
7439,kna,1979,0.401969
7439,kna,1980,0.3874
7439,kna,1981,0.361693
7439,kna,1982,0.521467
7439,kna,1983,0.504614
7439,kna,1984,0.545678
7439,kna,1985,0.518474
7439,kna,1986,0.488427
7439,kna,1987,0.503787
7439,kor,1988,0.592302
7439,kor,1989,0.585184
7439,kor,1990,0.611919
7439,kor,1991,0.662135
7439,kor,1992,0.669156
7439,kor,1993,0.697316
7439,kor,1994,0.58932
7439,kor,1995,0.501267
7439,kor,1996,0.588064
7439,kor,1997,0.512698
7439,kor,1998,0.553409
7439,kor,1999,0.522597
7439,kor,2000,0.453361
7439,kor,2001,0.444918
7439,kor,2002,0.500281
7439,kor,2003,0.445691
7439,kor,2004,0.491556
7439,kor,2005,0.344158
7439,kor,2006,0.516938
7439,kor,2007,0.35775
7439,kor,2008,0.35843
7439,kor,2009,0.363757
7439,kor,2010,0.377966
7439,kor,2011,0.352131
7439,kor,2012,0.316426
7439,kor,2013,0.282952
7439,kor,2014,0.297469
7439,kor,2015,0.265839
7439,kor,2016,0.210314
7439,kor,1962,0.594859
7439,kor,1963,0.514199
7439,kor,1964,0.430138
7439,kor,1965,0.622186
7439,kor,1966,0.62427
7439,kor,1967,0.66931
7439,kor,1968,0.606888
7439,kor,1969,0.692258
7439,kor,1970,0.692324
7439,kor,1971,0.709271
7439,kor,1972,0.704331
7439,kor,1973,0.692662
7439,kor,1974,0.539449
7439,kor,1975,0.533627
7439,kor,1976,0.626114
7439,kor,1977,0.578648
7439,kor,1978,0.397321
7439,kor,1979,0.398368
7439,kor,1980,0.355571
7439,kor,1981,0.322599
7439,kor,1982,0.480568
7439,kor,1983,0.472309
7439,kor,1984,0.501574
7439,kor,1985,0.491331
7439,kor,1986,0.466887
7439,kor,1987,0.49164
7439,kwt,1988,0.649232
7439,kwt,1989,0.621359
7439,kwt,1990,0.681697
7439,kwt,1991,0.696263
7439,kwt,1992,0.709572
7439,kwt,1993,0.781274
7439,kwt,1994,0.701393
7439,kwt,1995,0.611032
7439,kwt,1996,0.69911
7439,kwt,1997,0.635394
7439,kwt,1998,0.659147
7439,kwt,1999,0.640496
7439,kwt,2000,0.586613
7439,kwt,2001,0.586904
7439,kwt,2002,0.611533
7439,kwt,2003,0.576186
7439,kwt,2004,0.626042
7439,kwt,2005,0.497069
7439,kwt,2006,0.694697
7439,kwt,2007,0.515213
7439,kwt,2008,0.542562
7439,kwt,2009,0.519939
7439,kwt,2010,0.562953
7439,kwt,2011,0.530964
7439,kwt,2012,0.531666
7439,kwt,2013,0.504928
7439,kwt,2014,0.525941
7439,kwt,2015,0.530917
7439,kwt,2016,0.469198
7439,kwt,1962,0.555431
7439,kwt,1963,0.51249
7439,kwt,1964,0.42031
7439,kwt,1965,0.621513
7439,kwt,1966,0.644405
7439,kwt,1967,0.675489
7439,kwt,1968,0.617268
7439,kwt,1969,0.70423
7439,kwt,1970,0.704865
7439,kwt,1971,0.721882
7439,kwt,1972,0.719322
7439,kwt,1973,0.717027
7439,kwt,1974,0.583296
7439,kwt,1975,0.574417
7439,kwt,1976,0.676815
7439,kwt,1977,0.627831
7439,kwt,1978,0.407909
7439,kwt,1979,0.41621
7439,kwt,1980,0.381764
7439,kwt,1981,0.363741
7439,kwt,1982,0.520055
7439,kwt,1983,0.510671
7439,kwt,1984,0.552402
7439,kwt,1985,0.543885
7439,kwt,1986,0.513494
7439,kwt,1987,0.539763
7439,lao,1988,0.662049
7439,lao,1989,0.634093
7439,lao,1990,0.686154
7439,lao,1991,0.719689
7439,lao,1992,0.719314
7439,lao,1993,0.78614
7439,lao,1994,0.706771
7439,lao,1995,0.619683
7439,lao,1996,0.707617
7439,lao,1997,0.660269
7439,lao,1998,0.661171
7439,lao,1999,0.653247
7439,lao,2000,0.604275
7439,lao,2001,0.607522
7439,lao,2002,0.638258
7439,lao,2003,0.609641
7439,lao,2004,0.658555
7439,lao,2005,0.548863
7439,lao,2006,0.723788
7439,lao,2007,0.563848
7439,lao,2008,0.592421
7439,lao,2009,0.565783
7439,lao,2010,0.604519
7439,lao,2011,0.575787
7439,lao,2012,0.575964
7439,lao,2013,0.561629
7439,lao,2014,0.575491
7439,lao,2015,0.587167
7439,lao,2016,0.519284
7439,lao,1962,0.562109
7439,lao,1963,0.521953
7439,lao,1964,0.440332
7439,lao,1965,0.631731
7439,lao,1966,0.652932
7439,lao,1967,0.696685
7439,lao,1968,0.642493
7439,lao,1969,0.722803
7439,lao,1970,0.713472
7439,lao,1971,0.734865
7439,lao,1972,0.727995
7439,lao,1973,0.729158
7439,lao,1974,0.582646
7439,lao,1975,0.585904
7439,lao,1976,0.677677
7439,lao,1977,0.626696
7439,lao,1978,0.440032
7439,lao,1979,0.436166
7439,lao,1980,0.398775
7439,lao,1981,0.376151
7439,lao,1982,0.544204
7439,lao,1983,0.51291
7439,lao,1984,0.550934
7439,lao,1985,0.544362
7439,lao,1986,0.520615
7439,lao,1987,0.54633
7439,lbn,1988,0.657235
7439,lbn,1989,0.64058
7439,lbn,1990,0.679009
7439,lbn,1991,0.718546
7439,lbn,1992,0.710285
7439,lbn,1993,0.76264
7439,lbn,1994,0.691014
7439,lbn,1995,0.604612
7439,lbn,1996,0.6785
7439,lbn,1997,0.617828
7439,lbn,1998,0.630567
7439,lbn,1999,0.631533
7439,lbn,2000,0.57295
7439,lbn,2001,0.591479
7439,lbn,2002,0.584732
7439,lbn,2003,0.580651
7439,lbn,2004,0.593718
7439,lbn,2005,0.475335
7439,lbn,2006,0.659512
7439,lbn,2007,0
7439,lbn,2008,0.520932
7439,lbn,2009,0.475512
7439,lbn,2010,0.527643
7439,lbn,2011,0.520904
7439,lbn,2012,0.538659
7439,lbn,2013,0.47487
7439,lbn,2014,0.491967
7439,lbn,2015,0
7439,lbn,2016,0.457858
7439,lbn,1962,0.608644
7439,lbn,1963,0.567961
7439,lbn,1964,0.481438
7439,lbn,1965,0.654989
7439,lbn,1966,0.69146
7439,lbn,1967,0.716292
7439,lbn,1968,0.654656
7439,lbn,1969,0.702362
7439,lbn,1970,0.710432
7439,lbn,1971,0.717294
7439,lbn,1972,0.725367
7439,lbn,1973,0.703375
7439,lbn,1974,0.550698
7439,lbn,1975,0.531181
7439,lbn,1976,0.6087
7439,lbn,1977,0.573154
7439,lbn,1978,0
7439,lbn,1979,0
7439,lbn,1980,0.386943
7439,lbn,1981,0.356928
7439,lbn,1982,0.506688
7439,lbn,1983,0.493799
7439,lbn,1984,0.526093
7439,lbn,1985,0.522937
7439,lbn,1986,0.512031
7439,lbn,1987,0.528248
7439,lbr,1988,0.658058
7439,lbr,1989,0.626997
7439,lbr,1990,0.684665
7439,lbr,1991,0.701283
7439,lbr,1992,0.705904
7439,lbr,1993,0.779513
7439,lbr,1994,0.695568
7439,lbr,1995,0.60272
7439,lbr,1996,0.689844
7439,lbr,1997,0.625649
7439,lbr,1998,0.660225
7439,lbr,1999,0.640459
7439,lbr,2000,0.582793
7439,lbr,2001,0.589082
7439,lbr,2002,0.611249
7439,lbr,2003,0.561526
7439,lbr,2004,0.624934
7439,lbr,2005,0.493148
7439,lbr,2006,0.693615
7439,lbr,2007,0.522532
7439,lbr,2008,0.550712
7439,lbr,2009,0.520723
7439,lbr,2010,0.567379
7439,lbr,2011,0.539924
7439,lbr,2012,0.541341
7439,lbr,2013,0.522026
7439,lbr,2014,0.5323
7439,lbr,2015,0.539286
7439,lbr,2016,0.474498
7439,lbr,1962,0.562735
7439,lbr,1963,0.512815
7439,lbr,1964,0.424324
7439,lbr,1965,0.625403
7439,lbr,1966,0.650295
7439,lbr,1967,0.680376
7439,lbr,1968,0.618598
7439,lbr,1969,0.703375
7439,lbr,1970,0.69336
7439,lbr,1971,0.718582
7439,lbr,1972,0.717708
7439,lbr,1973,0.714717
7439,lbr,1974,0.582534
7439,lbr,1975,0.574031
7439,lbr,1976,0.675182
7439,lbr,1977,0.62651
7439,lbr,1978,0.420734
7439,lbr,1979,0.426994
7439,lbr,1980,0.398053
7439,lbr,1981,0.371339
7439,lbr,1982,0.538648
7439,lbr,1983,0.510308
7439,lbr,1984,0.557778
7439,lbr,1985,0.542751
7439,lbr,1986,0.520641
7439,lbr,1987,0.541934
7439,lby,1988,0.650805
7439,lby,1989,0.620434
7439,lby,1990,0.682381
7439,lby,1991,0.70452
7439,lby,1992,0.711141
7439,lby,1993,0.783615
7439,lby,1994,0.699768
7439,lby,1995,0.606037
7439,lby,1996,0.698485
7439,lby,1997,0.632171
7439,lby,1998,0.663852
7439,lby,1999,0.642585
7439,lby,2000,0.587955
7439,lby,2001,0.590367
7439,lby,2002,0.611808
7439,lby,2003,0.576443
7439,lby,2004,0.632367
7439,lby,2005,0.496453
7439,lby,2006,0.694377
7439,lby,2007,0.521947
7439,lby,2008,0.546276
7439,lby,2009,0.522485
7439,lby,2010,0.569644
7439,lby,2011,0.535447
7439,lby,2012,0.53207
7439,lby,2013,0.509202
7439,lby,2014,0.533522
7439,lby,2015,0.541377
7439,lby,2016,0.478677
7439,lby,1962,0.562354
7439,lby,1963,0.512633
7439,lby,1964,0.419744
7439,lby,1965,0.620687
7439,lby,1966,0.641268
7439,lby,1967,0.674204
7439,lby,1968,0.615917
7439,lby,1969,0.700012
7439,lby,1970,0.694402
7439,lby,1971,0.713474
7439,lby,1972,0.714541
7439,lby,1973,0.708561
7439,lby,1974,0.572414
7439,lby,1975,0.564684
7439,lby,1976,0.669896
7439,lby,1977,0.619399
7439,lby,1978,0.408562
7439,lby,1979,0.414008
7439,lby,1980,0.384675
7439,lby,1981,0.367301
7439,lby,1982,0.527889
7439,lby,1983,0.50543
7439,lby,1984,0.55077
7439,lby,1985,0.538831
7439,lby,1986,0.513268
7439,lby,1987,0.539036
7439,lca,1988,0.650063
7439,lca,1989,0.613004
7439,lca,1990,0.674033
7439,lca,1991,0.689081
7439,lca,1992,0.704418
7439,lca,1993,0.769458
7439,lca,1994,0.681256
7439,lca,1995,0.600673
7439,lca,1996,0.693154
7439,lca,1997,0.625455
7439,lca,1998,0.648967
7439,lca,1999,0.620616
7439,lca,2000,0.570651
7439,lca,2001,0.578199
7439,lca,2002,0.60413
7439,lca,2003,0.554767
7439,lca,2004,0.62358
7439,lca,2005,0.491769
7439,lca,2006,0.656404
7439,lca,2007,0.478967
7439,lca,2008,0.524902
7439,lca,2009,0.508151
7439,lca,2010,0.546108
7439,lca,2011,0.514925
7439,lca,2012,0.513462
7439,lca,2013,0.485842
7439,lca,2014,0.510544
7439,lca,2015,0.522798
7439,lca,2016,0.465759
7439,lca,1965,0.620687
7439,lca,1969,0.700012
7439,lca,1970,0.695325
7439,lca,1971,0.713853
7439,lca,1972,0.714196
7439,lca,1973,0.71256
7439,lca,1974,0.579854
7439,lca,1975,0.578614
7439,lca,1976,0.672634
7439,lca,1977,0.586325
7439,lca,1978,0.411068
7439,lca,1979,0.42182
7439,lca,1980,0.395306
7439,lca,1981,0.355211
7439,lca,1982,0.525915
7439,lca,1983,0.506169
7439,lca,1984,0.547385
7439,lca,1985,0.539233
7439,lca,1986,0.5095
7439,lca,1987,0.539738
7439,lka,1988,0.68394
7439,lka,1989,0.673125
7439,lka,1990,0.701971
7439,lka,1991,0.724645
7439,lka,1992,0.734336
7439,lka,1993,0.806627
7439,lka,1994,0.725936
7439,lka,1995,0.640517
7439,lka,1996,0.742627
7439,lka,1997,0.664748
7439,lka,1998,0.685628
7439,lka,1999,0.664083
7439,lka,2000,0.608604
7439,lka,2001,0.614982
7439,lka,2002,0.643005
7439,lka,2003,0.605261
7439,lka,2004,0.643035
7439,lka,2005,0.543595
7439,lka,2006,0.72696
7439,lka,2007,0.587135
7439,lka,2008,0.580584
7439,lka,2009,0.557322
7439,lka,2010,0.591387
7439,lka,2011,0.565348
7439,lka,2012,0.563926
7439,lka,2013,0.533349
7439,lka,2014,0.559992
7439,lka,2015,0.573879
7439,lka,2016,0.507707
7439,lka,1962,0.57292
7439,lka,1963,0.525031
7439,lka,1964,0.442331
7439,lka,1965,0.633845
7439,lka,1966,0.65619
7439,lka,1967,0.684691
7439,lka,1968,0.629213
7439,lka,1969,0.710232
7439,lka,1970,0.718345
7439,lka,1971,0.734267
7439,lka,1972,0.742699
7439,lka,1973,0.738834
7439,lka,1974,0.601027
7439,lka,1975,0.598667
7439,lka,1976,0.700822
7439,lka,1977,0.64487
7439,lka,1978,0.45449
7439,lka,1979,0.444777
7439,lka,1980,0.419848
7439,lka,1981,0.403968
7439,lka,1982,0.556715
7439,lka,1983,0.533054
7439,lka,1984,0.566843
7439,lka,1985,0.565323
7439,lka,1986,0.534961
7439,lka,1987,0.553089
7439,mac,1988,0.643078
7439,mac,1989,0.623569
7439,mac,1990,0.674673
7439,mac,1991,0.679745
7439,mac,1992,0.702381
7439,mac,1993,0.779632
7439,mac,1994,0.691922
7439,mac,1995,0.604352
7439,mac,1996,0.69649
7439,mac,1997,0.632656
7439,mac,1998,0.660411
7439,mac,1999,0.633387
7439,mac,2000,0.575069
7439,mac,2001,0.583601
7439,mac,2002,0.612309
7439,mac,2003,0.568371
7439,mac,2004,0.622557
7439,mac,2005,0.479175
7439,mac,2006,0.685936
7439,mac,2007,0.497433
7439,mac,2008,0.510246
7439,mac,2009,0.46888
7439,mac,2010,0.496475
7439,mac,2011,0.443473
7439,mac,2012,0.450067
7439,mac,2013,0.458905
7439,mac,2014,0.452423
7439,mac,2015,0.487615
7439,mac,2016,0.443848
7439,mac,1962,0.504159
7439,mac,1963,0.505264
7439,mac,1964,0.41338
7439,mac,1965,0.619319
7439,mac,1966,0.641059
7439,mac,1967,0.673275
7439,mac,1968,0.611176
7439,mac,1969,0.681199
7439,mac,1970,0.684411
7439,mac,1971,0.692994
7439,mac,1972,0.710795
7439,mac,1973,0.716039
7439,mac,1974,0.585078
7439,mac,1975,0.574015
7439,mac,1976,0.677348
7439,mac,1977,0.63001
7439,mac,1978,0.430052
7439,mac,1979,0.430679
7439,mac,1980,0.395631
7439,mac,1981,0.372423
7439,mac,1982,0.542031
7439,mac,1983,0.506871
7439,mac,1984,0.543506
7439,mac,1985,0.549534
7439,mac,1986,0.516799
7439,mac,1987,0.523017
7439,mar,1988,0.709221
7439,mar,1989,0.677585
7439,mar,1990,0.729425
7439,mar,1991,0.741352
7439,mar,1992,0.737479
7439,mar,1993,0.803215
7439,mar,1994,0.727134
7439,mar,1995,0.650453
7439,mar,1996,0.741293
7439,mar,1997,0.683378
7439,mar,1998,0.706654
7439,mar,1999,0.675729
7439,mar,2000,0.619608
7439,mar,2001,0.628326
7439,mar,2002,0.656584
7439,mar,2003,0.61537
7439,mar,2004,0.657816
7439,mar,2005,0.541972
7439,mar,2006,0.734221
7439,mar,2007,0.579453
7439,mar,2008,0.602369
7439,mar,2009,0.560694
7439,mar,2010,0.601333
7439,mar,2011,0.581174
7439,mar,2012,0.578533
7439,mar,2013,0.55881
7439,mar,2014,0.585503
7439,mar,2015,0.596004
7439,mar,2016,0.530794
7439,mar,1962,0.624779
7439,mar,1963,0.573129
7439,mar,1964,0.494252
7439,mar,1965,0.692456
7439,mar,1966,0.694468
7439,mar,1967,0.723693
7439,mar,1968,0.662728
7439,mar,1969,0.74653
7439,mar,1970,0.741644
7439,mar,1971,0.755416
7439,mar,1972,0.763376
7439,mar,1973,0.751543
7439,mar,1974,0.625974
7439,mar,1975,0.611764
7439,mar,1976,0.711247
7439,mar,1977,0.666963
7439,mar,1978,0.469554
7439,mar,1979,0.471802
7439,mar,1980,0.429731
7439,mar,1981,0.411512
7439,mar,1982,0.568191
7439,mar,1983,0.542288
7439,mar,1984,0.58597
7439,mar,1985,0.578903
7439,mar,1986,0.53777
7439,mar,1987,0.557038
7439,mdg,1988,0.665363
7439,mdg,1989,0.652915
7439,mdg,1990,0.692318
7439,mdg,1991,0.744959
7439,mdg,1992,0.742621
7439,mdg,1993,0.804243
7439,mdg,1994,0.718073
7439,mdg,1995,0.637365
7439,mdg,1996,0.739469
7439,mdg,1997,0.68073
7439,mdg,1998,0.687035
7439,mdg,1999,0.664902
7439,mdg,2000,0.611498
7439,mdg,2001,0.625365
7439,mdg,2002,0.66134
7439,mdg,2003,0.616508
7439,mdg,2004,0.659497
7439,mdg,2005,0.552527
7439,mdg,2006,0.736661
7439,mdg,2007,0.582022
7439,mdg,2008,0.603233
7439,mdg,2009,0.566113
7439,mdg,2010,0.590934
7439,mdg,2011,0.571074
7439,mdg,2012,0.586304
7439,mdg,2013,0.557268
7439,mdg,2014,0.585762
7439,mdg,2015,0.579168
7439,mdg,2016,0.529751
7439,mdg,1962,0.604375
7439,mdg,1963,0.556232
7439,mdg,1964,0.479842
7439,mdg,1965,0.656464
7439,mdg,1966,0.677044
7439,mdg,1967,0.696081
7439,mdg,1968,0.64998
7439,mdg,1969,0.734072
7439,mdg,1970,0.726752
7439,mdg,1971,0.740402
7439,mdg,1972,0.74467
7439,mdg,1973,0.734216
7439,mdg,1974,0.615674
7439,mdg,1975,0.598154
7439,mdg,1976,0.690647
7439,mdg,1977,0.637728
7439,mdg,1978,0.438665
7439,mdg,1979,0.450755
7439,mdg,1980,0.4185
7439,mdg,1981,0.394785
7439,mdg,1982,0.554476
7439,mdg,1983,0.52369
7439,mdg,1984,0.567992
7439,mdg,1985,0.552748
7439,mdg,1986,0.527097
7439,mdg,1987,0.545122
7439,mdv,1988,0.662571
7439,mdv,1989,0.631337
7439,mdv,1990,0.677249
7439,mdv,1991,0.691831
7439,mdv,1992,0.703508
7439,mdv,1993,0.776478
7439,mdv,1994,0.699438
7439,mdv,1995,0.609618
7439,mdv,1996,0.700624
7439,mdv,1997,0.635502
7439,mdv,1998,0.657395
7439,mdv,1999,0.646413
7439,mdv,2000,0.584946
7439,mdv,2001,0.589714
7439,mdv,2002,0.61822
7439,mdv,2003,0.584368
7439,mdv,2004,0.625258
7439,mdv,2005,0.496446
7439,mdv,2006,0.684883
7439,mdv,2007,0.525563
7439,mdv,2008,0.534332
7439,mdv,2009,0.52235
7439,mdv,2010,0.572666
7439,mdv,2011,0.540939
7439,mdv,2012,0.526493
7439,mdv,2013,0.511444
7439,mdv,2014,0.529874
7439,mdv,2015,0.529987
7439,mdv,2016,0.474954
7439,mdv,1962,0.555073
7439,mdv,1963,0
7439,mdv,1964,0
7439,mdv,1965,0
7439,mdv,1966,0
7439,mdv,1969,0.700012
7439,mdv,1970,0.703537
7439,mdv,1971,0.716723
7439,mdv,1972,0.719739
7439,mdv,1973,0.715113
7439,mdv,1974,0.579886
7439,mdv,1975,0.573961
7439,mdv,1976,0.673637
7439,mdv,1977,0.618988
7439,mdv,1978,0.409647
7439,mdv,1979,0.419675
7439,mdv,1980,0.39134
7439,mdv,1981,0.361635
7439,mdv,1982,0.537945
7439,mdv,1983,0.509123
7439,mdv,1984,0.550425
7439,mdv,1985,0.531648
7439,mdv,1986,0.516013
7439,mdv,1987,0.544666
7439,mex,1988,0.589333
7439,mex,1989,0.577701
7439,mex,1990,0.596745
7439,mex,1991,0.634385
7439,mex,1992,0.616047
7439,mex,1993,0.667278
7439,mex,1994,0
7439,mex,1995,0.538008
7439,mex,1996,0.593177
7439,mex,1997,0.541185
7439,mex,1998,0.56799
7439,mex,1999,0.518302
7439,mex,2000,0.463963
7439,mex,2001,0.472162
7439,mex,2002,0.491533
7439,mex,2003,0.450456
7439,mex,2004,0.494799
7439,mex,2005,0.374871
7439,mex,2006,0.554661
7439,mex,2007,0.379815
7439,mex,2008,0.408169
7439,mex,2009,0.380839
7439,mex,2010,0.445291
7439,mex,2011,0.41196
7439,mex,2012,0.402425
7439,mex,2013,0.362331
7439,mex,2014,0.38411
7439,mex,2015,0.391704
7439,mex,2016,0.345189
7439,mex,1962,0.592302
7439,mex,1963,0.55139
7439,mex,1964,0.472942
7439,mex,1965,0.648557
7439,mex,1966,0.68006
7439,mex,1967,0.719308
7439,mex,1968,0.65412
7439,mex,1969,0.728253
7439,mex,1970,0.700242
7439,mex,1971,0.698132
7439,mex,1972,0.680926
7439,mex,1973,0.666227
7439,mex,1974,0.555448
7439,mex,1975,0.535155
7439,mex,1976,0.626359
7439,mex,1977,0.592394
7439,mex,1978,0.427464
7439,mex,1979,0.431566
7439,mex,1980,0.397625
7439,mex,1981,0.374481
7439,mex,1982,0.531351
7439,mex,1983,0.508312
7439,mex,1984,0.531975
7439,mex,1985,0.535105
7439,mex,1986,0.486576
7439,mex,1987,0.498318
7439,mli,1988,0.656686
7439,mli,1989,0.644227
7439,mli,1990,0.691016
7439,mli,1991,0.717086
7439,mli,1992,0.716365
7439,mli,1993,0.777432
7439,mli,1994,0.694552
7439,mli,1995,0.61485
7439,mli,1996,0.705775
7439,mli,1997,0.657476
7439,mli,1998,0.675747
7439,mli,1999,0.66067
7439,mli,2000,0.590198
7439,mli,2001,0.598204
7439,mli,2002,0.630944
7439,mli,2003,0.605156
7439,mli,2004,0.635524
7439,mli,2005,0.524224
7439,mli,2006,0.72046
7439,mli,2007,0.556859
7439,mli,2008,0.573527
7439,mli,2009,0.554538
7439,mli,2010,0.592555
7439,mli,2011,0.568594
7439,mli,2012,0.567385
7439,mli,2013,0.53943
7439,mli,2014,0.556746
7439,mli,2015,0.54861
7439,mli,2016,0.485373
7439,mli,1962,0.587039
7439,mli,1963,0.544502
7439,mli,1964,0.452859
7439,mli,1965,0.646324
7439,mli,1966,0.664049
7439,mli,1967,0.694498
7439,mli,1968,0.64119
7439,mli,1969,0.729319
7439,mli,1970,0.735014
7439,mli,1971,0.716886
7439,mli,1972,0.739671
7439,mli,1973,0.737826
7439,mli,1974,0.601644
7439,mli,1975,0.595832
7439,mli,1976,0.693566
7439,mli,1977,0.644298
7439,mli,1978,0.447317
7439,mli,1979,0.449501
7439,mli,1980,0.411925
7439,mli,1981,0.387615
7439,mli,1982,0.548697
7439,mli,1983,0.527224
7439,mli,1984,0.562587
7439,mli,1985,0.548573
7439,mli,1986,0.526251
7439,mli,1987,0.54864
7439,mlt,1988,0.61284
7439,mlt,1989,0.569466
7439,mlt,1990,0.640588
7439,mlt,1991,0.656939
7439,mlt,1992,0.671185
7439,mlt,1993,0.751553
7439,mlt,1994,0.665156
7439,mlt,1995,0.577907
7439,mlt,1996,0.624068
7439,mlt,1997,0
7439,mlt,1998,0.613988
7439,mlt,1999,0.579818
7439,mlt,2000,0.535307
7439,mlt,2001,0.543998
7439,mlt,2002,0.579596
7439,mlt,2003,0.499344
7439,mlt,2004,0.568568
7439,mlt,2005,0.444492
7439,mlt,2006,0.610381
7439,mlt,2007,0.476461
7439,mlt,2008,0.497278
7439,mlt,2009,0.483799
7439,mlt,2010,0.512475
7439,mlt,2011,0.47596
7439,mlt,2012,0.477525
7439,mlt,2013,0.464229
7439,mlt,2014,0.477789
7439,mlt,2015,0.499135
7439,mlt,2016,0.433407
7439,mlt,1962,0
7439,mlt,1963,0.468465
7439,mlt,1964,0.387094
7439,mlt,1965,0.573579
7439,mlt,1966,0.583741
7439,mlt,1967,0.609003
7439,mlt,1968,0.582986
7439,mlt,1969,0.674376
7439,mlt,1970,0.604499
7439,mlt,1971,0.598616
7439,mlt,1972,0.641251
7439,mlt,1973,0.645819
7439,mlt,1974,0.526432
7439,mlt,1975,0.516755
7439,mlt,1976,0.62754
7439,mlt,1977,0.580173
7439,mlt,1978,0.392781
7439,mlt,1979,0.402305
7439,mlt,1980,0.365592
7439,mlt,1981,0.356003
7439,mlt,1982,0.516862
7439,mlt,1983,0.477186
7439,mlt,1984,0.506111
7439,mlt,1985,0.517469
7439,mlt,1986,0.488532
7439,mlt,1987,0.508891
7439,mmr,1988,0.685809
7439,mmr,1989,0.662036
7439,mmr,1990,0.709801
7439,mmr,1991,0.73724
7439,mmr,1992,0.734453
7439,mmr,1993,0.801007
7439,mmr,1994,0.719369
7439,mmr,1995,0.634674
7439,mmr,1996,0.733203
7439,mmr,1997,0.668856
7439,mmr,1998,0.69932
7439,mmr,1999,0.668463
7439,mmr,2000,0.619067
7439,mmr,2001,0.626046
7439,mmr,2002,0.656916
7439,mmr,2003,0.621253
7439,mmr,2004,0.659722
7439,mmr,2005,0.548417
7439,mmr,2006,0.726616
7439,mmr,2007,0.565074
7439,mmr,2008,0.58237
7439,mmr,2009,0.561097
7439,mmr,2010,0.612219
7439,mmr,2011,0.57123
7439,mmr,2012,0.575637
7439,mmr,2013,0.552408
7439,mmr,2014,0.565159
7439,mmr,2015,0.569818
7439,mmr,2016,0.518647
7439,mmr,1962,0.581585
7439,mmr,1963,0.532674
7439,mmr,1964,0.451662
7439,mmr,1965,0.643427
7439,mmr,1966,0.660908
7439,mmr,1967,0.700032
7439,mmr,1968,0.638978
7439,mmr,1969,0.719966
7439,mmr,1970,0.715091
7439,mmr,1971,0.734738
7439,mmr,1972,0.745877
7439,mmr,1973,0.728985
7439,mmr,1974,0.604179
7439,mmr,1975,0.568944
7439,mmr,1976,0.679258
7439,mmr,1977,0.627017
7439,mmr,1978,0.452198
7439,mmr,1979,0.446911
7439,mmr,1980,0.426361
7439,mmr,1981,0.389581
7439,mmr,1982,0.561016
7439,mmr,1983,0.534082
7439,mmr,1984,0.576375
7439,mmr,1985,0.557247
7439,mmr,1986,0.527194
7439,mmr,1987,0.554797
7439,mng,1988,0.676041
7439,mng,1989,0.646004
7439,mng,1990,0.703717
7439,mng,1991,0.713494
7439,mng,1992,0.714841
7439,mng,1993,0.792539
7439,mng,1994,0.712798
7439,mng,1995,0.622355
7439,mng,1996,0.71411
7439,mng,1997,0.653224
7439,mng,1998,0.684258
7439,mng,1999,0.661451
7439,mng,2000,0.611173
7439,mng,2001,0.609759
7439,mng,2002,0.64515
7439,mng,2003,0.608148
7439,mng,2004,0.655005
7439,mng,2005,0.535406
7439,mng,2006,0.725655
7439,mng,2007,0.554375
7439,mng,2008,0.57767
7439,mng,2009,0.539747
7439,mng,2010,0.599623
7439,mng,2011,0.558154
7439,mng,2012,0.562869
7439,mng,2013,0.540078
7439,mng,2014,0.546383
7439,mng,2015,0.558991
7439,mng,2016,0.509926
7439,mng,1962,0.562535
7439,mng,1963,0.507432
7439,mng,1964,0.426749
7439,mng,1965,0.627818
7439,mng,1966,0.650208
7439,mng,1967,0.67805
7439,mng,1968,0.620678
7439,mng,1969,0.709961
7439,mng,1970,0.703002
7439,mng,1971,0.722613
7439,mng,1972,0.72922
7439,mng,1973,0.719274
7439,mng,1974,0.581758
7439,mng,1975,0.574101
7439,mng,1976,0.680875
7439,mng,1977,0.632606
7439,mng,1978,0.403871
7439,mng,1979,0.432973
7439,mng,1980,0.395116
7439,mng,1981,0.376723
7439,mng,1982,0.535448
7439,mng,1983,0.51426
7439,mng,1984,0.550171
7439,mng,1985,0.54559
7439,mng,1986,0.519873
7439,mng,1987,0.543327
7439,moz,1988,0.659654
7439,moz,1989,0.633769
7439,moz,1990,0.686572
7439,moz,1991,0.703993
7439,moz,1992,0.708013
7439,moz,1993,0.794608
7439,moz,1994,0.701226
7439,moz,1995,0.615864
7439,moz,1996,0.687145
7439,moz,1997,0.639339
7439,moz,1998,0.6687
7439,moz,1999,0.644294
7439,moz,2000,0.59653
7439,moz,2001,0.609544
7439,moz,2002,0.644891
7439,moz,2003,0.604643
7439,moz,2004,0.655862
7439,moz,2005,0.538004
7439,moz,2006,0.721191
7439,moz,2007,0.556766
7439,moz,2008,0.580557
7439,moz,2009,0.563189
7439,moz,2010,0.602167
7439,moz,2011,0.577894
7439,moz,2012,0.569826
7439,moz,2013,0.550684
7439,moz,2014,0.565697
7439,moz,2015,0.572651
7439,moz,2016,0.512565
7439,moz,1962,0.610737
7439,moz,1963,0.564572
7439,moz,1964,0.496947
7439,moz,1965,0.673423
7439,moz,1966,0.683072
7439,moz,1967,0.726558
7439,moz,1968,0.668589
7439,moz,1969,0.750527
7439,moz,1970,0.74349
7439,moz,1971,0.766046
7439,moz,1972,0.762206
7439,moz,1973,0.764608
7439,moz,1974,0.639612
7439,moz,1975,0.62919
7439,moz,1976,0.709126
7439,moz,1977,0.657097
7439,moz,1978,0.449149
7439,moz,1979,0.469743
7439,moz,1980,0.43451
7439,moz,1981,0.403396
7439,moz,1982,0.565624
7439,moz,1983,0.537366
7439,moz,1984,0.558607
7439,moz,1985,0.551091
7439,moz,1986,0.519851
7439,moz,1987,0.544994
7439,mrt,1988,0.657107
7439,mrt,1989,0.629104
7439,mrt,1990,0.685575
7439,mrt,1991,0.701714
7439,mrt,1992,0.712774
7439,mrt,1993,0.781614
7439,mrt,1994,0.699695
7439,mrt,1995,0.613685
7439,mrt,1996,0.702613
7439,mrt,1997,0.640504
7439,mrt,1998,0.665522
7439,mrt,1999,0.648067
7439,mrt,2000,0.592313
7439,mrt,2001,0.601204
7439,mrt,2002,0.627248
7439,mrt,2003,0.578418
7439,mrt,2004,0.640283
7439,mrt,2005,0.510708
7439,mrt,2006,0.704089
7439,mrt,2007,0.532244
7439,mrt,2008,0.559163
7439,mrt,2009,0.530505
7439,mrt,2010,0.58592
7439,mrt,2011,0.55479
7439,mrt,2012,0.551889
7439,mrt,2013,0.525784
7439,mrt,2014,0.546511
7439,mrt,2015,0.541563
7439,mrt,2016,0.489613
7439,mrt,1962,0.568427
7439,mrt,1963,0.488626
7439,mrt,1964,0.423922
7439,mrt,1965,0.626567
7439,mrt,1966,0.647158
7439,mrt,1967,0.680187
7439,mrt,1968,0.623199
7439,mrt,1969,0.707885
7439,mrt,1970,0.704635
7439,mrt,1971,0.724177
7439,mrt,1972,0.735569
7439,mrt,1973,0.715694
7439,mrt,1974,0.591136
7439,mrt,1975,0.574167
7439,mrt,1976,0.676426
7439,mrt,1977,0.623158
7439,mrt,1978,0.423505
7439,mrt,1979,0.423548
7439,mrt,1980,0.397354
7439,mrt,1981,0.37763
7439,mrt,1982,0.535462
7439,mrt,1983,0.512448
7439,mrt,1984,0.554461
7439,mrt,1985,0.544052
7439,mrt,1986,0.516164
7439,mrt,1987,0.54283
7439,msr,1988,0.61195
7439,msr,1989,0.585787
7439,msr,1990,0.629143
7439,msr,1991,0.656177
7439,msr,1992,0.659073
7439,msr,1993,0.705729
7439,msr,1994,0.659496
7439,msr,1995,0.598902
7439,msr,1996,0.657896
7439,msr,1997,0.607599
7439,msr,1998,0.623994
7439,msr,1999,0.548348
7439,msr,2000,0.49875
7439,msr,2001,0.560947
7439,msr,2002,0.541387
7439,msr,2003,0.542315
7439,msr,2004,0.582528
7439,msr,2005,0.448023
7439,msr,2006,0
7439,msr,2007,0
7439,msr,2008,0
7439,msr,2009,0
7439,msr,2010,0
7439,msr,2011,0
7439,msr,2012,0.442265
7439,msr,2013,0.414367
7439,msr,2014,0.457013
7439,msr,2015,0.440196
7439,msr,2016,0
7439,msr,1970,0.694402
7439,msr,1971,0.71564
7439,msr,1972,0.730965
7439,msr,1973,0.724071
7439,msr,1974,0.611613
7439,msr,1975,0.605645
7439,msr,1976,0.65065
7439,msr,1977,0.633496
7439,msr,1978,0.423712
7439,msr,1979,0.442176
7439,msr,1980,0.395122
7439,msr,1981,0.353037
7439,msr,1982,0.524546
7439,msr,1983,0.488551
7439,msr,1984,0.528003
7439,msr,1985,0.535762
7439,msr,1986,0.481186
7439,msr,1987,0
7439,mtq,1988,0.642298
7439,mtq,1989,0.605263
7439,mtq,1990,0.670665
7439,mtq,1991,0.67702
7439,mtq,1992,0.687355
7439,mtq,1993,0.759902
7439,mtq,1994,0.684969
7439,mtq,1995,0.594303
7439,mtq,1962,0.558872
7439,mtq,1963,0.515757
7439,mtq,1964,0.42015
7439,mtq,1965,0.626979
7439,mtq,1966,0.64627
7439,mtq,1967,0.679434
7439,mtq,1968,0.626414
7439,mtq,1969,0.707724
7439,mtq,1970,0.705885
7439,mtq,1971,0.723101
7439,mtq,1972,0.725135
7439,mtq,1973,0.717727
7439,mtq,1974,0.583241
7439,mtq,1975,0.570917
7439,mtq,1976,0.669739
7439,mtq,1977,0.618766
7439,mtq,1978,0.407335
7439,mtq,1979,0.408466
7439,mtq,1980,0.376695
7439,mtq,1981,0.36104
7439,mtq,1982,0.518973
7439,mtq,1983,0.498677
7439,mtq,1984,0.538724
7439,mtq,1985,0.528266
7439,mtq,1986,0.501763
7439,mtq,1987,0.53531
7439,mus,1988,0.674036
7439,mus,1989,0.653672
7439,mus,1990,0.699756
7439,mus,1991,0.717393
7439,mus,1992,0.726765
7439,mus,1993,0.789598
7439,mus,1994,0.695913
7439,mus,1995,0.616561
7439,mus,1996,0.710611
7439,mus,1997,0.640905
7439,mus,1998,0.66146
7439,mus,1999,0.639797
7439,mus,2000,0.582525
7439,mus,2001,0.588985
7439,mus,2002,0.635189
7439,mus,2003,0.579304
7439,mus,2004,0.614515
7439,mus,2005,0.514771
7439,mus,2006,0.702945
7439,mus,2007,0.556781
7439,mus,2008,0.579189
7439,mus,2009,0.535319
7439,mus,2010,0.567719
7439,mus,2011,0.545514
7439,mus,2012,0.547644
7439,mus,2013,0.52301
7439,mus,2014,0.544451
7439,mus,2015,0.558427
7439,mus,2016,0.51103
7439,mus,1962,0.554494
7439,mus,1963,0.504797
7439,mus,1964,0.41771
7439,mus,1965,0.631986
7439,mus,1966,0.650509
7439,mus,1967,0.680737
7439,mus,1968,0.620574
7439,mus,1969,0.702601
7439,mus,1970,0.700518
7439,mus,1971,0.724954
7439,mus,1972,0.717133
7439,mus,1973,0.719943
7439,mus,1974,0.576522
7439,mus,1975,0.57178
7439,mus,1976,0.66966
7439,mus,1977,0.622264
7439,mus,1978,0.416611
7439,mus,1979,0.420387
7439,mus,1980,0.39334
7439,mus,1981,0.370712
7439,mus,1982,0.537027
7439,mus,1983,0.512303
7439,mus,1984,0.550603
7439,mus,1985,0.541992
7439,mus,1986,0.524682
7439,mus,1987,0.545828
7439,mwi,1988,0.670203
7439,mwi,1989,0.652195
7439,mwi,1990,0.693697
7439,mwi,1991,0.713776
7439,mwi,1992,0.723317
7439,mwi,1993,0.790837
7439,mwi,1994,0.70756
7439,mwi,1995,0.626275
7439,mwi,1996,0.721665
7439,mwi,1997,0.655973
7439,mwi,1998,0.677966
7439,mwi,1999,0.65758
7439,mwi,2000,0.604594
7439,mwi,2001,0.610588
7439,mwi,2002,0.639045
7439,mwi,2003,0.602535
7439,mwi,2004,0.647063
7439,mwi,2005,0.525219
7439,mwi,2006,0.717263
7439,mwi,2007,0.567246
7439,mwi,2008,0.592697
7439,mwi,2009,0.558703
7439,mwi,2010,0.592181
7439,mwi,2011,0.578572
7439,mwi,2012,0.56709
7439,mwi,2013,0.534093
7439,mwi,2014,0.538772
7439,mwi,2015,0.554015
7439,mwi,2016,0.495887
7439,mwi,1965,0.632332
7439,mwi,1966,0.665875
7439,mwi,1967,0.702695
7439,mwi,1968,0.643472
7439,mwi,1969,0.72938
7439,mwi,1970,0.721092
7439,mwi,1971,0.742746
7439,mwi,1972,0.741444
7439,mwi,1973,0.738051
7439,mwi,1974,0.605487
7439,mwi,1975,0.5919
7439,mwi,1976,0.696793
7439,mwi,1977,0.640445
7439,mwi,1978,0.447402
7439,mwi,1979,0.449997
7439,mwi,1980,0.420093
7439,mwi,1981,0.401852
7439,mwi,1982,0.561652
7439,mwi,1983,0.529029
7439,mwi,1984,0.571246
7439,mwi,1985,0.548671
7439,mwi,1986,0.520492
7439,mwi,1987,0.544746
7439,mys,1988,0.66184
7439,mys,1989,0.639551
7439,mys,1990,0.681456
7439,mys,1991,0.71371
7439,mys,1992,0.698281
7439,mys,1993,0.760718
7439,mys,1994,0.672916
7439,mys,1995,0.58715
7439,mys,1996,0.670952
7439,mys,1997,0.596694
7439,mys,1998,0.629135
7439,mys,1999,0.584531
7439,mys,2000,0.548429
7439,mys,2001,0.530512
7439,mys,2002,0.5484
7439,mys,2003,0.520184
7439,mys,2004,0.543126
7439,mys,2005,0.445343
7439,mys,2006,0.623366
7439,mys,2007,0.469366
7439,mys,2008,0.48159
7439,mys,2009,0.451357
7439,mys,2010,0.479192
7439,mys,2011,0.446899
7439,mys,2012,0.45219
7439,mys,2013,0.417201
7439,mys,2014,0.427541
7439,mys,2015,0.413527
7439,mys,2016,0.374173
7439,mys,1964,0.46224
7439,mys,1965,0.644709
7439,mys,1966,0.674516
7439,mys,1967,0.707095
7439,mys,1968,0.654457
7439,mys,1969,0.724426
7439,mys,1970,0.729978
7439,mys,1971,0.742877
7439,mys,1972,0.749085
7439,mys,1973,0.718193
7439,mys,1974,0.585592
7439,mys,1975,0.568209
7439,mys,1976,0.67773
7439,mys,1977,0.632487
7439,mys,1978,0.439083
7439,mys,1979,0.436325
7439,mys,1980,0.402358
7439,mys,1981,0.377178
7439,mys,1982,0.555146
7439,mys,1983,0.517155
7439,mys,1984,0.55627
7439,mys,1985,0.547743
7439,mys,1986,0.525371
7439,mys,1987,0.546841
7439,ncl,1988,0.65026
7439,ncl,1989,0.622947
7439,ncl,1990,0.677276
7439,ncl,1991,0.700722
7439,ncl,1992,0.711293
7439,ncl,1993,0.777497
7439,ncl,1994,0.697129
7439,ncl,1995,0.604651
7439,ncl,1996,0.695424
7439,ncl,1997,0.631198
7439,ncl,1998,0.65632
7439,ncl,1999,0.643198
7439,ncl,2000,0.589472
7439,ncl,2001,0.58393
7439,ncl,2002,0.618189
7439,ncl,2003,0.582889
7439,ncl,2004,0.628574
7439,ncl,2005,0.495611
7439,ncl,2006,0.695387
7439,ncl,2007,0.514899
7439,ncl,2008,0.548181
7439,ncl,2009,0.52194
7439,ncl,2010,0.573068
7439,ncl,2011,0.531675
7439,ncl,2012,0.542303
7439,ncl,2013,0.512648
7439,ncl,2014,0.534269
7439,ncl,2015,0.530185
7439,ncl,2016,0.47382
7439,ncl,1962,0.556815
7439,ncl,1963,0.514935
7439,ncl,1964,0.428573
7439,ncl,1965,0.624241
7439,ncl,1966,0.643944
7439,ncl,1967,0.675384
7439,ncl,1968,0.617766
7439,ncl,1969,0.70178
7439,ncl,1970,0.696993
7439,ncl,1971,0.715246
7439,ncl,1972,0.716657
7439,ncl,1973,0.712486
7439,ncl,1974,0.578429
7439,ncl,1975,0.561828
7439,ncl,1976,0.668956
7439,ncl,1977,0.616977
7439,ncl,1978,0.414569
7439,ncl,1979,0.41618
7439,ncl,1980,0.381111
7439,ncl,1981,0.357593
7439,ncl,1982,0.52443
7439,ncl,1983,0.508454
7439,ncl,1984,0.549873
7439,ncl,1985,0.5365
7439,ncl,1986,0.514239
7439,ncl,1987,0.54129
7439,ner,1988,0.652959
7439,ner,1989,0.630009
7439,ner,1990,0.676955
7439,ner,1991,0.695756
7439,ner,1992,0.705669
7439,ner,1993,0.777925
7439,ner,1994,0.68704
7439,ner,1995,0
7439,ner,1996,0.688884
7439,ner,1997,0.621543
7439,ner,1998,0.652273
7439,ner,1999,0.628668
7439,ner,2000,0.578
7439,ner,2001,0.56931
7439,ner,2002,0.589476
7439,ner,2003,0.550238
7439,ner,2004,0.619848
7439,ner,2005,0.476485
7439,ner,2006,0.686015
7439,ner,2007,0.512024
7439,ner,2008,0.5225
7439,ner,2009,0.522676
7439,ner,2010,0.564721
7439,ner,2011,0.523493
7439,ner,2012,0.535079
7439,ner,2013,0.508206
7439,ner,2014,0.528441
7439,ner,2015,0.537143
7439,ner,2016,0.475702
7439,ner,1962,0.576538
7439,ner,1963,0.534643
7439,ner,1964,0.448394
7439,ner,1965,0.637628
7439,ner,1966,0.660535
7439,ner,1967,0.685208
7439,ner,1968,0.626566
7439,ner,1969,0.708657
7439,ner,1970,0.711935
7439,ner,1971,0.727842
7439,ner,1972,0.728746
7439,ner,1973,0.722668
7439,ner,1974,0.56292
7439,ner,1975,0.589586
7439,ner,1976,0.680529
7439,ner,1977,0.624231
7439,ner,1978,0.421364
7439,ner,1979,0.425977
7439,ner,1980,0.395317
7439,ner,1981,0.381389
7439,ner,1982,0.532408
7439,ner,1983,0.514846
7439,ner,1984,0.544171
7439,ner,1985,0.530536
7439,ner,1986,0.512584
7439,ner,1987,0.541257
7439,nfk,1988,0.644286
7439,nfk,1989,0.610437
7439,nfk,1990,0.639825
7439,nfk,1991,0.677082
7439,nfk,1992,0.70438
7439,nfk,1993,0.770264
7439,nfk,1994,0.672333
7439,nfk,1995,0.596631
7439,nfk,1996,0.669076
7439,nfk,1997,0.580226
7439,nfk,1998,0
7439,nfk,1999,0.61724
7439,nfk,2000,0.552008
7439,nfk,2001,0.53286
7439,nfk,2002,0
7439,nfk,2003,0.544014
7439,nfk,2004,0.607938
7439,nfk,2005,0.467966
7439,nfk,2006,0.653524
7439,nfk,2007,0.472867
7439,nfk,2008,0.500284
7439,nfk,2009,0.478821
7439,nfk,2010,0.536098
7439,nfk,2011,0.491735
7439,nfk,2012,0
7439,nfk,2013,0.457957
7439,nfk,2014,0.497417
7439,nfk,2015,0.483276
7439,nfk,2016,0.424087
7439,nfk,1970,0.700516
7439,nfk,1971,0.715834
7439,nfk,1972,0.710694
7439,nfk,1973,0.712229
7439,nfk,1974,0.556676
7439,nfk,1975,0.542126
7439,nfk,1976,0.669407
7439,nfk,1977,0.588252
7439,nfk,1978,0
7439,nfk,1979,0.413473
7439,nfk,1980,0.384684
7439,nfk,1981,0.359251
7439,nfk,1982,0.523979
7439,nfk,1983,0.505
7439,nfk,1984,0.545117
7439,nfk,1985,0.537355
7439,nfk,1986,0.501459
7439,nfk,1987,0.52912
7439,nga,1988,0.658721
7439,nga,1989,0.625953
7439,nga,1990,0.685439
7439,nga,1991,0.707969
7439,nga,1992,0.714564
7439,nga,1993,0.787645
7439,nga,1994,0.703521
7439,nga,1995,0.613257
7439,nga,1996,0.708493
7439,nga,1997,0.637804
7439,nga,1998,0.673582
7439,nga,1999,0.649799
7439,nga,2000,0.58726
7439,nga,2001,0.596102
7439,nga,2002,0.619641
7439,nga,2003,0.580363
7439,nga,2004,0.632313
7439,nga,2005,0.503645
7439,nga,2006,0.700423
7439,nga,2007,0.53232
7439,nga,2008,0.553367
7439,nga,2009,0.527497
7439,nga,2010,0.584847
7439,nga,2011,0.542367
7439,nga,2012,0.551748
7439,nga,2013,0.527617
7439,nga,2014,0.540545
7439,nga,2015,0.547292
7439,nga,2016,0.50149
7439,nga,1962,0.585393
7439,nga,1963,0.561429
7439,nga,1964,0.488504
7439,nga,1965,0.652968
7439,nga,1966,0.675019
7439,nga,1967,0.70882
7439,nga,1968,0.647496
7439,nga,1969,0.727405
7439,nga,1970,0.716906
7439,nga,1971,0.730939
7439,nga,1972,0.726677
7439,nga,1973,0.731757
7439,nga,1974,0.59319
7439,nga,1975,0.577684
7439,nga,1976,0.679778
7439,nga,1977,0.625066
7439,nga,1978,0.426816
7439,nga,1979,0.429647
7439,nga,1980,0.391896
7439,nga,1981,0.381882
7439,nga,1982,0.537039
7439,nga,1983,0.510473
7439,nga,1984,0.554821
7439,nga,1985,0.543267
7439,nga,1986,0.520873
7439,nga,1987,0.542859
7439,nic,1988,0.666378
7439,nic,1989,0.661405
7439,nic,1990,0.70633
7439,nic,1991,0.733343
7439,nic,1992,0.728441
7439,nic,1993,0.802369
7439,nic,1994,0.722519
7439,nic,1995,0.638675
7439,nic,1996,0.726855
7439,nic,1997,0.666135
7439,nic,1998,0.68557
7439,nic,1999,0.669459
7439,nic,2000,0.607733
7439,nic,2001,0.629102
7439,nic,2002,0.647234
7439,nic,2003,0.61991
7439,nic,2004,0.661523
7439,nic,2005,0.542187
7439,nic,2006,0.732545
7439,nic,2007,0.573399
7439,nic,2008,0.590273
7439,nic,2009,0.563001
7439,nic,2010,0.598507
7439,nic,2011,0.573051
7439,nic,2012,0.577765
7439,nic,2013,0.556339
7439,nic,2014,0.574085
7439,nic,2015,0.581306
7439,nic,2016,0.515159
7439,nic,1962,0.579935
7439,nic,1963,0.528462
7439,nic,1964,0.440659
7439,nic,1965,0.645183
7439,nic,1966,0.658595
7439,nic,1967,0.695279
7439,nic,1968,0.63461
7439,nic,1969,0.73185
7439,nic,1970,0.723926
7439,nic,1971,0.7425
7439,nic,1972,0.75314
7439,nic,1973,0.741436
7439,nic,1974,0.611877
7439,nic,1975,0.609775
7439,nic,1976,0.703229
7439,nic,1977,0.653765
7439,nic,1978,0.445169
7439,nic,1979,0.446954
7439,nic,1980,0.406367
7439,nic,1981,0.383551
7439,nic,1982,0.545768
7439,nic,1983,0.520224
7439,nic,1984,0.559485
7439,nic,1985,0.549405
7439,nic,1986,0.522352
7439,nic,1987,0.544827
7439,niu,1988,0.643948
7439,niu,1989,0.621538
7439,niu,1990,0.640451
7439,niu,1991,0.68063
7439,niu,1992,0.700347
7439,niu,1993,0.770079
7439,niu,1994,0.664706
7439,niu,1995,0.581175
7439,niu,1996,0.6428
7439,niu,1997,0.619428
7439,niu,1998,0.643273
7439,niu,1999,0.614988
7439,niu,2000,0.538131
7439,niu,2001,0.537962
7439,niu,2002,0.583347
7439,niu,2003,0.545379
7439,niu,2004,0.577301
7439,niu,2005,0.45091
7439,niu,2006,0.601136
7439,niu,2007,0.441605
7439,niu,2008,0.458451
7439,niu,2009,0.473395
7439,niu,2010,0.560084
7439,niu,2011,0.445744
7439,niu,2012,0
7439,niu,2013,0.408415
7439,niu,2014,0
7439,niu,2015,0.411244
7439,niu,2016,0.368811
7439,niu,1970,0.694394
7439,niu,1971,0.699128
7439,niu,1972,0.715719
7439,niu,1973,0
7439,niu,1974,0.471176
7439,niu,1975,0.549709
7439,niu,1976,0.659962
7439,niu,1977,0.614787
7439,niu,1978,0.404439
7439,niu,1979,0.413904
7439,niu,1980,0.382111
7439,niu,1981,0.365961
7439,niu,1982,0.527296
7439,niu,1983,0.507978
7439,niu,1984,0.542747
7439,niu,1985,0.526744
7439,niu,1986,0.509864
7439,niu,1987,0.537575
7439,nld,1988,0.413955
7439,nld,1989,0.379943
7439,nld,1990,0.445898
7439,nld,1991,0
7439,nld,1992,0.451965
7439,nld,1993,0.498595
7439,nld,1994,0.44863
7439,nld,1995,0.370322
7439,nld,1996,0.443819
7439,nld,1997,0.384208
7439,nld,1998,0.409058
7439,nld,1999,0.365954
7439,nld,2000,0.357928
7439,nld,2001,0.346863
7439,nld,2002,0.385507
7439,nld,2003,0.37779
7439,nld,2004,0.400287
7439,nld,2005,0.321089
7439,nld,2006,0.443129
7439,nld,2007,0.335213
7439,nld,2008,0.319588
7439,nld,2009,0.3156
7439,nld,2010,0.373446
7439,nld,2011,0.336732
7439,nld,2012,0.333565
7439,nld,2013,0.312874
7439,nld,2014,0.318536
7439,nld,2015,0.328585
7439,nld,2016,0.297651
7439,nld,1962,0.384508
7439,nld,1963,0.355522
7439,nld,1964,0.253672
7439,nld,1965,0.409234
7439,nld,1966,0.461995
7439,nld,1967,0.504903
7439,nld,1968,0.438033
7439,nld,1969,0.506883
7439,nld,1970,0.490961
7439,nld,1971,0.523867
7439,nld,1972,0.500876
7439,nld,1973,0.48724
7439,nld,1974,0.384839
7439,nld,1975,0.38474
7439,nld,1976,0.446618
7439,nld,1977,0.42341
7439,nld,1978,0.24782
7439,nld,1979,0.263885
7439,nld,1980,0.2452
7439,nld,1981,0.230354
7439,nld,1982,0.357926
7439,nld,1983,0.35616
7439,nld,1984,0.38854
7439,nld,1985,0.379944
7439,nld,1986,0.37727
7439,nld,1987,0.372482
7439,nor,1988,0.561993
7439,nor,1989,0.562536
7439,nor,1990,0.636744
7439,nor,1991,0.637771
7439,nor,1992,0.652448
7439,nor,1993,0.741039
7439,nor,1994,0.679591
7439,nor,1995,0.575108
7439,nor,1996,0.668708
7439,nor,1997,0.594807
7439,nor,1998,0.608108
7439,nor,1999,0.593751
7439,nor,2000,0.562337
7439,nor,2001,0.559842
7439,nor,2002,0.571071
7439,nor,2003,0.520613
7439,nor,2004,0.572382
7439,nor,2005,0.454881
7439,nor,2006,0.6374
7439,nor,2007,0.456538
7439,nor,2008,0.501314
7439,nor,2009,0.455068
7439,nor,2010,0.519795
7439,nor,2011,0.496931
7439,nor,2012,0.50705
7439,nor,2013,0.47162
7439,nor,2014,0.483398
7439,nor,2015,0.469325
7439,nor,2016,0.433102
7439,nor,1962,0.496072
7439,nor,1963,0.466141
7439,nor,1964,0.376544
7439,nor,1965,0.580951
7439,nor,1966,0.604908
7439,nor,1967,0.627121
7439,nor,1968,0.572595
7439,nor,1969,0.619221
7439,nor,1970,0.586015
7439,nor,1971,0.554423
7439,nor,1972,0.548347
7439,nor,1973,0.559359
7439,nor,1974,0
7439,nor,1975,0.457005
7439,nor,1976,0.579223
7439,nor,1977,0.563145
7439,nor,1978,0.349814
7439,nor,1979,0.369726
7439,nor,1980,0.325301
7439,nor,1981,0
7439,nor,1982,0.476086
7439,nor,1983,0.478787
7439,nor,1984,0.51653
7439,nor,1985,0.505972
7439,nor,1986,0.477355
7439,nor,1987,0.505845
7439,npl,1988,0.689417
7439,npl,1989,0.643348
7439,npl,1990,0.696032
7439,npl,1991,0.715534
7439,npl,1992,0
7439,npl,1993,0.795209
7439,npl,1994,0.703662
7439,npl,1995,0.626138
7439,npl,1996,0.722161
7439,npl,1997,0.655558
7439,npl,1998,0.688358
7439,npl,1999,0.657373
7439,npl,2000,0.596805
7439,npl,2001,0.598244
7439,npl,2002,0.616256
7439,npl,2003,0.598625
7439,npl,2004,0.625544
7439,npl,2005,0.518937
7439,npl,2006,0.693934
7439,npl,2007,0.56284
7439,npl,2008,0.575386
7439,npl,2009,0.554634
7439,npl,2010,0.589077
7439,npl,2011,0.563248
7439,npl,2012,0.555454
7439,npl,2013,0.533875
7439,npl,2014,0.558104
7439,npl,2015,0.554824
7439,npl,2016,0.493604
7439,npl,1962,0.526189
7439,npl,1963,0.464778
7439,npl,1964,0.467459
7439,npl,1965,0.639677
7439,npl,1966,0.660862
7439,npl,1967,0.690985
7439,npl,1968,0.632558
7439,npl,1969,0.722616
7439,npl,1970,0.71957
7439,npl,1971,0.731978
7439,npl,1972,0.745831
7439,npl,1973,0.730688
7439,npl,1974,0.590496
7439,npl,1975,0.571344
7439,npl,1976,0.66345
7439,npl,1977,0.629859
7439,npl,1978,0.437909
7439,npl,1979,0.432298
7439,npl,1980,0.406945
7439,npl,1981,0.392109
7439,npl,1982,0.533327
7439,npl,1983,0.51964
7439,npl,1984,0.555218
7439,npl,1985,0.554132
7439,npl,1986,0.527819
7439,npl,1987,0.539568
7439,nru,1988,0.642909
7439,nru,1989,0.619456
7439,nru,1990,0.669714
7439,nru,1991,0.685911
7439,nru,1992,0.701778
7439,nru,1993,0.7746
7439,nru,1994,0.689058
7439,nru,1995,0.592052
7439,nru,1996,0.658204
7439,nru,1997,0.608366
7439,nru,1998,0.643278
7439,nru,1999,0.622173
7439,nru,2000,0
7439,nru,2001,0.554179
7439,nru,2002,0.577354
7439,nru,2003,0.561552
7439,nru,2004,0.575773
7439,nru,2005,0.416672
7439,nru,2006,0.609053
7439,nru,2007,0.482288
7439,nru,2008,0.536478
7439,nru,2009,0.490057
7439,nru,2010,0.546616
7439,nru,2011,0.513567
7439,nru,2012,0.519556
7439,nru,2013,0.487971
7439,nru,2014,0.499154
7439,nru,2015,0.498288
7439,nru,2016,0.451466
7439,nru,1970,0.696081
7439,nru,1971,0.715108
7439,nru,1972,0.716611
7439,nru,1973,0.709497
7439,nru,1974,0.573774
7439,nru,1975,0.561259
7439,nru,1976,0.666926
7439,nru,1977,0.614123
7439,nru,1978,0.403516
7439,nru,1979,0.419667
7439,nru,1980,0.382981
7439,nru,1981,0.358082
7439,nru,1982,0.526126
7439,nru,1983,0.504738
7439,nru,1984,0.541777
7439,nru,1985,0.531365
7439,nru,1986,0.505096
7439,nru,1987,0.538046
7439,nzl,1988,0.663158
7439,nzl,1989,0.633258
7439,nzl,1990,0.687916
7439,nzl,1991,0.699453
7439,nzl,1992,0.715378
7439,nzl,1993,0.768563
7439,nzl,1994,0.694954
7439,nzl,1995,0.602958
7439,nzl,1996,0.702482
7439,nzl,1997,0.638178
7439,nzl,1998,0.662763
7439,nzl,1999,0.648748
7439,nzl,2000,0.588127
7439,nzl,2001,0.594688
7439,nzl,2002,0.616969
7439,nzl,2003,0.581164
7439,nzl,2004,0.61679
7439,nzl,2005,0.494183
7439,nzl,2006,0.683468
7439,nzl,2007,0.515736
7439,nzl,2008,0.548359
7439,nzl,2009,0.540474
7439,nzl,2010,0.589497
7439,nzl,2011,0.548885
7439,nzl,2012,0.564614
7439,nzl,2013,0.532892
7439,nzl,2014,0.550588
7439,nzl,2015,0.549544
7439,nzl,2016,0.502958
7439,nzl,1962,0.572837
7439,nzl,1963,0.525153
7439,nzl,1964,0.441327
7439,nzl,1965,0.650772
7439,nzl,1966,0.664479
7439,nzl,1967,0.699199
7439,nzl,1968,0.645225
7439,nzl,1969,0.731495
7439,nzl,1970,0.722998
7439,nzl,1971,0.745415
7439,nzl,1972,0.740016
7439,nzl,1973,0.730548
7439,nzl,1974,0.617294
7439,nzl,1975,0.597535
7439,nzl,1976,0.695989
7439,nzl,1977,0.649945
7439,nzl,1978,0.444765
7439,nzl,1979,0.440471
7439,nzl,1980,0.415392
7439,nzl,1981,0.389392
7439,nzl,1982,0.535961
7439,nzl,1983,0.516527
7439,nzl,1984,0.551357
7439,nzl,1985,0.5496
7439,nzl,1986,0.514879
7439,nzl,1987,0.537576
7439,omn,1988,0.650014
7439,omn,1989,0.627724
7439,omn,1990,0.677695
7439,omn,1991,0.700405
7439,omn,1992,0.708768
7439,omn,1993,0.776313
7439,omn,1994,0.689879
7439,omn,1995,0.604511
7439,omn,1996,0.695238
7439,omn,1997,0.627875
7439,omn,1998,0.651493
7439,omn,1999,0.642671
7439,omn,2000,0.590083
7439,omn,2001,0.592942
7439,omn,2002,0.618005
7439,omn,2003,0.578568
7439,omn,2004,0.633207
7439,omn,2005,0.501428
7439,omn,2006,0.705605
7439,omn,2007,0.525358
7439,omn,2008,0.552061
7439,omn,2009,0.530587
7439,omn,2010,0.58216
7439,omn,2011,0.550579
7439,omn,2012,0.545186
7439,omn,2013,0.521193
7439,omn,2014,0.535488
7439,omn,2015,0.558592
7439,omn,2016,0.493481
7439,omn,1962,0.557316
7439,omn,1963,0
7439,omn,1964,0.42431
7439,omn,1965,0.628848
7439,omn,1966,0.647521
7439,omn,1967,0.676557
7439,omn,1968,0.618175
7439,omn,1969,0.701325
7439,omn,1970,0.696509
7439,omn,1971,0.718376
7439,omn,1972,0.719005
7439,omn,1973,0.714677
7439,omn,1974,0.574821
7439,omn,1975,0.564888
7439,omn,1976,0.667255
7439,omn,1977,0.618029
7439,omn,1978,0.409421
7439,omn,1979,0.413613
7439,omn,1980,0.388084
7439,omn,1981,0.360777
7439,omn,1982,0.530725
7439,omn,1983,0.510393
7439,omn,1984,0.550237
7439,omn,1985,0.53713
7439,omn,1986,0.516744
7439,omn,1987,0.540408
7439,pak,1988,0.695266
7439,pak,1989,0.665436
7439,pak,1990,0.714935
7439,pak,1991,0.739359
7439,pak,1992,0.735905
7439,pak,1993,0.805136
7439,pak,1994,0.725064
7439,pak,1995,0.641124
7439,pak,1996,0.73613
7439,pak,1997,0.669491
7439,pak,1998,0.694856
7439,pak,1999,0.659812
7439,pak,2000,0.612627
7439,pak,2001,0.612897
7439,pak,2002,0.655667
7439,pak,2003,0.63183
7439,pak,2004,0.681663
7439,pak,2005,0.558415
7439,pak,2006,0.741375
7439,pak,2007,0.605335
7439,pak,2008,0.612136
7439,pak,2009,0.574815
7439,pak,2010,0.626933
7439,pak,2011,0.605011
7439,pak,2012,0.600097
7439,pak,2013,0.579484
7439,pak,2014,0.599293
7439,pak,2015,0.615513
7439,pak,2016,0.563379
7439,pak,1962,0.602484
7439,pak,1963,0.548382
7439,pak,1964,0.461446
7439,pak,1965,0.656692
7439,pak,1966,0.673001
7439,pak,1967,0.688213
7439,pak,1968,0.64068
7439,pak,1969,0.731843
7439,pak,1970,0.716811
7439,pak,1971,0.740417
7439,pak,1972,0.748672
7439,pak,1973,0.741604
7439,pak,1974,0.621404
7439,pak,1975,0.612022
7439,pak,1976,0.707191
7439,pak,1977,0.670341
7439,pak,1978,0.458148
7439,pak,1979,0.455206
7439,pak,1980,0.426936
7439,pak,1981,0.392707
7439,pak,1982,0.5557
7439,pak,1983,0.53292
7439,pak,1984,0.5669
7439,pak,1985,0.559819
7439,pak,1986,0.535499
7439,pak,1987,0.54801
7439,pan,1988,0.641592
7439,pan,1989,0.619249
7439,pan,1990,0.673021
7439,pan,1991,0.709488
7439,pan,1992,0.690745
7439,pan,1993,0.750926
7439,pan,1994,0.693014
7439,pan,1995,0.595561
7439,pan,1996,0.698296
7439,pan,1997,0.627668
7439,pan,1998,0.64676
7439,pan,1999,0.630477
7439,pan,2000,0.579937
7439,pan,2001,0.581158
7439,pan,2002,0.623788
7439,pan,2003,0.596363
7439,pan,2004,0.619914
7439,pan,2005,0.499318
7439,pan,2006,0.638866
7439,pan,2007,0.497838
7439,pan,2008,0.504796
7439,pan,2009,0.47901
7439,pan,2010,0.493126
7439,pan,2011,0.468353
7439,pan,2012,0.449234
7439,pan,2013,0.48704
7439,pan,2014,0.522391
7439,pan,2015,0.523739
7439,pan,2016,0.433997
7439,pan,1962,0.547277
7439,pan,1963,0.500601
7439,pan,1964,0.409651
7439,pan,1965,0.618364
7439,pan,1966,0.640919
7439,pan,1967,0.675815
7439,pan,1968,0.599348
7439,pan,1969,0.688356
7439,pan,1970,0.650582
7439,pan,1971,0.720225
7439,pan,1972,0.72076
7439,pan,1973,0.707868
7439,pan,1974,0.558531
7439,pan,1975,0.563893
7439,pan,1976,0.667935
7439,pan,1977,0.612781
7439,pan,1978,0.414065
7439,pan,1979,0.430297
7439,pan,1980,0.385339
7439,pan,1981,0.376379
7439,pan,1982,0.524489
7439,pan,1983,0.505524
7439,pan,1984,0.545647
7439,pan,1985,0.533599
7439,pan,1986,0.499696
7439,pan,1987,0.541312
7439,pci,1988,0.628145
7439,pci,1989,0.611653
7439,pci,1990,0.66868
7439,pci,1991,0.711799
7439,pci,1962,0
7439,pci,1963,0
7439,pci,1964,0
7439,pci,1965,0
7439,pci,1966,0
7439,pci,1967,0
7439,pci,1968,0
7439,pci,1969,0
7439,pci,1970,0.697766
7439,pci,1971,0.722954
7439,pci,1972,0.721225
7439,pci,1973,0.715613
7439,pci,1974,0.577924
7439,pci,1975,0
7439,pci,1976,0.672391
7439,pci,1977,0.595779
7439,pci,1978,0.410179
7439,pci,1979,0.418271
7439,pci,1980,0.394762
7439,pci,1981,0.360038
7439,pci,1982,0.52828
7439,pci,1983,0.500657
7439,pci,1984,0.546834
7439,pci,1985,0.546364
7439,pci,1986,0.511818
7439,pci,1987,0.535239
7439,pcn,1988,0.622065
7439,pcn,1989,0.621646
7439,pcn,1990,0
7439,pcn,1991,0.684277
7439,pcn,1992,0.690497
7439,pcn,1993,0.775918
7439,pcn,1994,0.692299
7439,pcn,1995,0.59055
7439,pcn,1996,0.682036
7439,pcn,1997,0.602733
7439,pcn,1998,0.645931
7439,pcn,1999,0.618374
7439,pcn,2000,0.553152
7439,pcn,2001,0.561244
7439,pcn,2002,0.578793
7439,pcn,2003,0.523326
7439,pcn,2004,0.593825
7439,pcn,2005,0.468275
7439,pcn,2006,0.685706
7439,pcn,2007,0.48731
7439,pcn,2008,0.491407
7439,pcn,2009,0.475362
7439,pcn,2010,0.518906
7439,pcn,2011,0.437258
7439,pcn,2012,0.425894
7439,pcn,2013,0.454582
7439,pcn,2014,0.486219
7439,pcn,2015,0.497453
7439,pcn,2016,0.413134
7439,pcn,1970,0
7439,pcn,1971,0.713926
7439,pcn,1972,0
7439,pcn,1973,0
7439,pcn,1974,0
7439,pcn,1975,0.553649
7439,pcn,1976,0.665018
7439,pcn,1977,0.614548
7439,pcn,1978,0.40684
7439,pcn,1979,0.411869
7439,pcn,1980,0.379886
7439,pcn,1981,0.357654
7439,pcn,1982,0.528043
7439,pcn,1983,0.502294
7439,pcn,1984,0.533195
7439,pcn,1985,0.534675
7439,pcn,1986,0.502152
7439,pcn,1987,0.523195
7439,per,1988,0.679558
7439,per,1989,0.654087
7439,per,1990,0.702058
7439,per,1991,0.726892
7439,per,1992,0.733209
7439,per,1993,0.801517
7439,per,1994,0.73173
7439,per,1995,0.641327
7439,per,1996,0.734687
7439,per,1997,0.678213
7439,per,1998,0.70825
7439,per,1999,0.677916
7439,per,2000,0.632655
7439,per,2001,0.634118
7439,per,2002,0.666927
7439,per,2003,0.644631
7439,per,2004,0.688337
7439,per,2005,0.55611
7439,per,2006,0.740893
7439,per,2007,0.582292
7439,per,2008,0.615133
7439,per,2009,0.594978
7439,per,2010,0.624258
7439,per,2011,0.597044
7439,per,2012,0.594916
7439,per,2013,0.579392
7439,per,2014,0.598852
7439,per,2015,0.605391
7439,per,2016,0.557248
7439,per,1962,0.587036
7439,per,1963,0.536653
7439,per,1964,0.451924
7439,per,1965,0.640717
7439,per,1966,0.665449
7439,per,1967,0.695705
7439,per,1968,0.638393
7439,per,1969,0.720552
7439,per,1970,0.714892
7439,per,1971,0.737764
7439,per,1972,0.741194
7439,per,1973,0.726505
7439,per,1974,0.610151
7439,per,1975,0.591801
7439,per,1976,0.680402
7439,per,1977,0.643061
7439,per,1978,0.444597
7439,per,1979,0.455575
7439,per,1980,0.422279
7439,per,1981,0.418833
7439,per,1982,0.567032
7439,per,1983,0.532239
7439,per,1984,0.568967
7439,per,1985,0.562293
7439,per,1986,0.530331
7439,per,1987,0.547827
7439,phl,1988,0.705073
7439,phl,1989,0.682744
7439,phl,1990,0.717655
7439,phl,1991,0.742919
7439,phl,1992,0.722641
7439,phl,1993,0.775806
7439,phl,1994,0.691436
7439,phl,1995,0.623202
7439,phl,1996,0.70577
7439,phl,1997,0.636109
7439,phl,1998,0.658201
7439,phl,1999,0.636977
7439,phl,2000,0.583123
7439,phl,2001,0.574562
7439,phl,2002,0.597836
7439,phl,2003,0.56054
7439,phl,2004,0.603153
7439,phl,2005,0.496936
7439,phl,2006,0.679029
7439,phl,2007,0.511823
7439,phl,2008,0.513114
7439,phl,2009,0.489897
7439,phl,2010,0.515353
7439,phl,2011,0.494551
7439,phl,2012,0.48199
7439,phl,2013,0.435515
7439,phl,2014,0
7439,phl,2015,0.478209
7439,phl,2016,0.399518
7439,phl,1962,0.582495
7439,phl,1963,0.538612
7439,phl,1964,0.460886
7439,phl,1965,0.650241
7439,phl,1966,0.676455
7439,phl,1967,0.710121
7439,phl,1968,0.654932
7439,phl,1969,0.740461
7439,phl,1970,0.739224
7439,phl,1971,0.75386
7439,phl,1972,0.753065
7439,phl,1973,0.751758
7439,phl,1974,0.619444
7439,phl,1975,0.602868
7439,phl,1976,0.704317
7439,phl,1977,0.660928
7439,phl,1978,0.453175
7439,phl,1979,0.464441
7439,phl,1980,0.434735
7439,phl,1981,0.419073
7439,phl,1982,0.593007
7439,phl,1983,0.54423
7439,phl,1984,0.589302
7439,phl,1985,0.580063
7439,phl,1986,0.552945
7439,phl,1987,0.564296
7439,png,1988,0.663875
7439,png,1989,0.639037
7439,png,1990,0.687808
7439,png,1991,0.716949
7439,png,1992,0.718978
7439,png,1993,0.788574
7439,png,1994,0.702702
7439,png,1995,0.613795
7439,png,1996,0.707262
7439,png,1997,0.639875
7439,png,1998,0.674338
7439,png,1999,0.650031
7439,png,2000,0.595642
7439,png,2001,0.60847
7439,png,2002,0.630372
7439,png,2003,0.597567
7439,png,2004,0.643896
7439,png,2005,0.523095
7439,png,2006,0.711176
7439,png,2007,0.554446
7439,png,2008,0.568229
7439,png,2009,0.545108
7439,png,2010,0.587418
7439,png,2011,0.56399
7439,png,2012,0.558561
7439,png,2013,0.53239
7439,png,2014,0.548918
7439,png,2015,0.547156
7439,png,2016,0.489638
7439,png,1962,0.56436
7439,png,1963,0.521022
7439,png,1964,0.437603
7439,png,1965,0.638851
7439,png,1966,0.659678
7439,png,1967,0.687519
7439,png,1968,0.630288
7439,png,1969,0.715408
7439,png,1970,0.711738
7439,png,1971,0.735681
7439,png,1972,0.708147
7439,png,1973,0.721716
7439,png,1974,0.585817
7439,png,1975,0.577523
7439,png,1976,0.671038
7439,png,1977,0.630327
7439,png,1978,0.420869
7439,png,1979,0.43012
7439,png,1980,0.402863
7439,png,1981,0.390448
7439,png,1982,0.546647
7439,png,1983,0.515296
7439,png,1984,0.555886
7439,png,1985,0.549269
7439,png,1986,0.518798
7439,png,1987,0.545212
7439,pol,1988,0
7439,pol,1989,0
7439,pol,1990,0.59337
7439,pol,1991,0.647739
7439,pol,1992,0.660711
7439,pol,1993,0.720436
7439,pol,1994,0.661276
7439,pol,1995,0
7439,pol,1996,0
7439,pol,1997,0
7439,pol,1998,0.551339
7439,pol,1999,0.5445
7439,pol,2000,0.44171
7439,pol,2001,0.455996
7439,pol,2002,0.475795
7439,pol,2003,0.442437
7439,pol,2004,0.488721
7439,pol,2005,0
7439,pol,2006,0
7439,pol,2007,0
7439,pol,2008,0
7439,pol,2009,0
7439,pol,2010,0.410804
7439,pol,2011,0.354482
7439,pol,2012,0.364954
7439,pol,2013,0.335324
7439,pol,2014,0.356117
7439,pol,2015,0.348528
7439,pol,2016,0.288299
7439,pol,1962,0.592704
7439,pol,1963,0.545054
7439,pol,1964,0.424626
7439,pol,1965,0.613718
7439,pol,1966,0.608054
7439,pol,1967,0.666495
7439,pol,1968,0.5779
7439,pol,1969,0.660972
7439,pol,1970,0.596992
7439,pol,1971,0.615408
7439,pol,1972,0.629481
7439,pol,1973,0.631184
7439,pol,1974,0.502654
7439,pol,1975,0.445702
7439,pol,1976,0.596822
7439,pol,1977,0.56651
7439,pol,1978,0.393595
7439,pol,1979,0.393086
7439,pol,1980,0.263938
7439,pol,1981,0
7439,pol,1982,0
7439,pol,1983,0
7439,pol,1984,0.425148
7439,pol,1985,0
7439,pol,1986,0
7439,pol,1987,0.428026
7439,prk,1988,0.645333
7439,prk,1989,0.622367
7439,prk,1990,0.655291
7439,prk,1991,0.668286
7439,prk,1992,0.707975
7439,prk,1993,0.770835
7439,prk,1994,0.685456
7439,prk,1995,0.567173
7439,prk,1996,0.620999
7439,prk,1997,0
7439,prk,1998,0.572599
7439,prk,1999,0.579861
7439,prk,2000,0.510524
7439,prk,2001,0.501887
7439,prk,2002,0.542291
7439,prk,2003,0
7439,prk,2004,0.567514
7439,prk,2005,0.406521
7439,prk,2006,0.582814
7439,prk,2007,0.449139
7439,prk,2008,0.450565
7439,prk,2009,0.44889
7439,prk,2010,0.519995
7439,prk,2011,0.522639
7439,prk,2012,0.534278
7439,prk,2013,0.528176
7439,prk,2014,0.529837
7439,prk,2015,0.548105
7439,prk,2016,0.493731
7439,prk,1962,0.57029
7439,prk,1963,0.529298
7439,prk,1964,0.449524
7439,prk,1965,0.64837
7439,prk,1966,0.653294
7439,prk,1967,0.702119
7439,prk,1968,0.638296
7439,prk,1969,0.726395
7439,prk,1970,0.705645
7439,prk,1971,0.694139
7439,prk,1972,0.694086
7439,prk,1973,0.698294
7439,prk,1974,0.601916
7439,prk,1975,0.564261
7439,prk,1976,0.670419
7439,prk,1977,0.625839
7439,prk,1978,0.405642
7439,prk,1979,0
7439,prk,1980,0.40352
7439,prk,1981,0.369613
7439,prk,1982,0.53384
7439,prk,1983,0
7439,prk,1984,0.554442
7439,prk,1985,0.544629
7439,prk,1986,0.494634
7439,prk,1987,0.539311
7439,prt,1988,0.635121
7439,prt,1989,0.606857
7439,prt,1990,0.651478
7439,prt,1991,0.667977
7439,prt,1992,0.682595
7439,prt,1993,0.744451
7439,prt,1994,0.676015
7439,prt,1995,0.592014
7439,prt,1996,0.649263
7439,prt,1997,0.607288
7439,prt,1998,0.622274
7439,prt,1999,0.587456
7439,prt,2000,0.516241
7439,prt,2001,0.516827
7439,prt,2002,0.549159
7439,prt,2003,0.496991
7439,prt,2004,0.533388
7439,prt,2005,0.426266
7439,prt,2006,0.597669
7439,prt,2007,0.444226
7439,prt,2008,0.457377
7439,prt,2009,0.460066
7439,prt,2010,0.478865
7439,prt,2011,0.463784
7439,prt,2012,0.44745
7439,prt,2013,0.428258
7439,prt,2014,0.437188
7439,prt,2015,0.434671
7439,prt,2016,0.384042
7439,prt,1962,0.540699
7439,prt,1963,0.523983
7439,prt,1964,0.446941
7439,prt,1965,0.623622
7439,prt,1966,0.635683
7439,prt,1967,0.666924
7439,prt,1968,0.621791
7439,prt,1969,0.683641
7439,prt,1970,0.690972
7439,prt,1971,0.705629
7439,prt,1972,0.675522
7439,prt,1973,0.662422
7439,prt,1974,0.522451
7439,prt,1975,0.530794
7439,prt,1976,0.617601
7439,prt,1977,0.557271
7439,prt,1978,0.401682
7439,prt,1979,0.39401
7439,prt,1980,0.362016
7439,prt,1981,0.344527
7439,prt,1982,0.50194
7439,prt,1983,0.478896
7439,prt,1984,0.50636
7439,prt,1985,0.517959
7439,prt,1986,0.491038
7439,prt,1987,0.511733
7439,pry,1988,0.672367
7439,pry,1989,0.658151
7439,pry,1990,0.713094
7439,pry,1991,0.734579
7439,pry,1992,0.739112
7439,pry,1993,0.797767
7439,pry,1994,0.719167
7439,pry,1995,0.629515
7439,pry,1996,0.729047
7439,pry,1997,0.66021
7439,pry,1998,0.687204
7439,pry,1999,0.663819
7439,pry,2000,0.620528
7439,pry,2001,0.618094
7439,pry,2002,0.647281
7439,pry,2003,0.612334
7439,pry,2004,0.657655
7439,pry,2005,0.542131
7439,pry,2006,0.725965
7439,pry,2007,0.565769
7439,pry,2008,0.581035
7439,pry,2009,0.548409
7439,pry,2010,0.599174
7439,pry,2011,0.563702
7439,pry,2012,0.566724
7439,pry,2013,0.537769
7439,pry,2014,0.55736
7439,pry,2015,0.563564
7439,pry,2016,0.501055
7439,pry,1962,0.600538
7439,pry,1963,0.559626
7439,pry,1964,0.496014
7439,pry,1965,0.679547
7439,pry,1966,0.685631
7439,pry,1967,0.720553
7439,pry,1968,0.659159
7439,pry,1969,0.732156
7439,pry,1970,0.73204
7439,pry,1971,0.763416
7439,pry,1972,0.762137
7439,pry,1973,0.759728
7439,pry,1974,0.644233
7439,pry,1975,0.62146
7439,pry,1976,0.712712
7439,pry,1977,0.664139
7439,pry,1978,0.443517
7439,pry,1979,0.443582
7439,pry,1980,0.429246
7439,pry,1981,0.417075
7439,pry,1982,0.562636
7439,pry,1983,0.537201
7439,pry,1984,0.583097
7439,pry,1985,0.561021
7439,pry,1986,0.532192
7439,pry,1987,0.550656
7439,pyf,1988,0.648315
7439,pyf,1989,0.611298
7439,pyf,1990,0.664428
7439,pyf,1991,0.704512
7439,pyf,1992,0.702118
7439,pyf,1993,0.775806
7439,pyf,1994,0.689822
7439,pyf,1995,0.592009
7439,pyf,1996,0.692213
7439,pyf,1997,0.623263
7439,pyf,1998,0.659325
7439,pyf,1999,0.636776
7439,pyf,2000,0.585434
7439,pyf,2001,0.586084
7439,pyf,2002,0.607939
7439,pyf,2003,0.583778
7439,pyf,2004,0.621433
7439,pyf,2005,0.510814
7439,pyf,2006,0.698441
7439,pyf,2007,0.522237
7439,pyf,2008,0.542403
7439,pyf,2009,0.515772
7439,pyf,2010,0.565049
7439,pyf,2011,0.515074
7439,pyf,2012,0.526605
7439,pyf,2013,0.496366
7439,pyf,2014,0.512826
7439,pyf,2015,0.52618
7439,pyf,2016,0.460651
7439,pyf,1962,0.554641
7439,pyf,1963,0
7439,pyf,1964,0.421036
7439,pyf,1965,0.626239
7439,pyf,1966,0.646415
7439,pyf,1967,0.677388
7439,pyf,1968,0.623812
7439,pyf,1969,0.704141
7439,pyf,1970,0.703994
7439,pyf,1971,0.715165
7439,pyf,1972,0.724618
7439,pyf,1973,0.713182
7439,pyf,1974,0.587951
7439,pyf,1975,0.573893
7439,pyf,1976,0.672958
7439,pyf,1977,0.622825
7439,pyf,1978,0.410313
7439,pyf,1979,0.421537
7439,pyf,1980,0.382046
7439,pyf,1981,0.361139
7439,pyf,1982,0.527423
7439,pyf,1983,0.499041
7439,pyf,1984,0.550268
7439,pyf,1985,0.536767
7439,pyf,1986,0.508666
7439,pyf,1987,0.538404
7439,qat,1988,0.648756
7439,qat,1989,0.619917
7439,qat,1990,0.673737
7439,qat,1991,0.70004
7439,qat,1992,0.710987
7439,qat,1993,0.779068
7439,qat,1994,0.702233
7439,qat,1995,0.612733
7439,qat,1996,0.703119
7439,qat,1997,0.638308
7439,qat,1998,0.65348
7439,qat,1999,0.642045
7439,qat,2000,0.588375
7439,qat,2001,0.588243
7439,qat,2002,0.611785
7439,qat,2003,0.574674
7439,qat,2004,0.629891
7439,qat,2005,0.50098
7439,qat,2006,0.694364
7439,qat,2007,0.515858
7439,qat,2008,0.544619
7439,qat,2009,0.523058
7439,qat,2010,0.566769
7439,qat,2011,0.533142
7439,qat,2012,0.532234
7439,qat,2013,0.50452
7439,qat,2014,0.522896
7439,qat,2015,0.537843
7439,qat,2016,0.471347
7439,qat,1962,0.555534
7439,qat,1963,0.511599
7439,qat,1964,0.416896
7439,qat,1965,0.620687
7439,qat,1966,0.641268
7439,qat,1967,0.67489
7439,qat,1968,0.614885
7439,qat,1969,0.70298
7439,qat,1970,0.694402
7439,qat,1971,0.71358
7439,qat,1972,0.714541
7439,qat,1973,0.710308
7439,qat,1974,0.579604
7439,qat,1975,0.562134
7439,qat,1976,0.665746
7439,qat,1977,0.613526
7439,qat,1978,0.408066
7439,qat,1979,0.408311
7439,qat,1980,0.380106
7439,qat,1981,0.357567
7439,qat,1982,0.523625
7439,qat,1983,0.50226
7439,qat,1984,0.544915
7439,qat,1985,0.540543
7439,qat,1986,0.5121
7439,qat,1987,0.535893
7439,reu,1988,0.63999
7439,reu,1989,0.596634
7439,reu,1990,0.643934
7439,reu,1991,0.666765
7439,reu,1992,0.686353
7439,reu,1993,0.753222
7439,reu,1994,0.691044
7439,reu,1995,0.569204
7439,reu,1962,0.556901
7439,reu,1963,0.510007
7439,reu,1964,0.41939
7439,reu,1965,0.625052
7439,reu,1966,0.645314
7439,reu,1967,0.678797
7439,reu,1968,0.618024
7439,reu,1969,0.703987
7439,reu,1970,0.697512
7439,reu,1971,0.719156
7439,reu,1972,0.722484
7439,reu,1973,0.715431
7439,reu,1974,0.583563
7439,reu,1975,0.56776
7439,reu,1976,0.668241
7439,reu,1977,0.619854
7439,reu,1978,0.412675
7439,reu,1979,0.410346
7439,reu,1980,0.388557
7439,reu,1981,0.370791
7439,reu,1982,0.527799
7439,reu,1983,0.50615
7439,reu,1984,0.549088
7439,reu,1985,0.512969
7439,reu,1986,0.516576
7439,reu,1987,0.53362
7439,rou,1988,0.577572
7439,rou,1989,0.493361
7439,rou,1990,0.561917
7439,rou,1991,0.607089
7439,rou,1992,0.620959
7439,rou,1993,0.713456
7439,rou,1994,0.650382
7439,rou,1995,0.566827
7439,rou,1996,0.643721
7439,rou,1997,0
7439,rou,1998,0.589308
7439,rou,1999,0.589509
7439,rou,2000,0.534451
7439,rou,2001,0.548271
7439,rou,2002,0.579797
7439,rou,2003,0.543246
7439,rou,2004,0.581305
7439,rou,2005,0.458371
7439,rou,2006,0.611258
7439,rou,2007,0.399779
7439,rou,2008,0.427998
7439,rou,2009,0.417296
7439,rou,2010,0.459085
7439,rou,2011,0.429158
7439,rou,2012,0.409709
7439,rou,2013,0.36642
7439,rou,2014,0.39839
7439,rou,2015,0.408481
7439,rou,2016,0.339443
7439,rou,1962,0.611846
7439,rou,1963,0.564253
7439,rou,1964,0.486226
7439,rou,1965,0.640047
7439,rou,1966,0.686455
7439,rou,1967,0.702326
7439,rou,1968,0.653311
7439,rou,1969,0.690326
7439,rou,1970,0.676316
7439,rou,1971,0.654336
7439,rou,1972,0.693824
7439,rou,1973,0.710947
7439,rou,1974,0.584069
7439,rou,1975,0.56725
7439,rou,1976,0.653821
7439,rou,1977,0.472435
7439,rou,1978,0.412402
7439,rou,1979,0.414248
7439,rou,1980,0.369886
7439,rou,1981,0.355712
7439,rou,1982,0.504304
7439,rou,1983,0.481443
7439,rou,1984,0.508673
7439,rou,1985,0.513326
7439,rou,1986,0.477011
7439,rou,1987,0.494215
7439,rwa,1988,0.658778
7439,rwa,1989,0.631213
7439,rwa,1990,0.688211
7439,rwa,1991,0.701539
7439,rwa,1992,0.711954
7439,rwa,1993,0.788422
7439,rwa,1994,0.684728
7439,rwa,1995,0.590829
7439,rwa,1996,0.681015
7439,rwa,1997,0.632378
7439,rwa,1998,0.669162
7439,rwa,1999,0.635898
7439,rwa,2000,0.577749
7439,rwa,2001,0.594079
7439,rwa,2002,0.603904
7439,rwa,2003,0.583457
7439,rwa,2004,0.631716
7439,rwa,2005,0.512825
7439,rwa,2006,0.704656
7439,rwa,2007,0.539482
7439,rwa,2008,0.55566
7439,rwa,2009,0.513105
7439,rwa,2010,0.58286
7439,rwa,2011,0.53674
7439,rwa,2012,0.548288
7439,rwa,2013,0.517507
7439,rwa,2014,0.535842
7439,rwa,2015,0.559766
7439,rwa,2016,0.489831
7439,rwa,1963,0.505743
7439,rwa,1964,0.419451
7439,rwa,1965,0.611949
7439,rwa,1966,0.645895
7439,rwa,1967,0.678012
7439,rwa,1968,0.620084
7439,rwa,1969,0.709245
7439,rwa,1970,0.700045
7439,rwa,1971,0.716195
7439,rwa,1972,0.719304
7439,rwa,1973,0.716918
7439,rwa,1974,0.578703
7439,rwa,1975,0.570289
7439,rwa,1976,0.67241
7439,rwa,1977,0.628611
7439,rwa,1978,0.425849
7439,rwa,1979,0.425988
7439,rwa,1980,0.398444
7439,rwa,1981,0.375075
7439,rwa,1982,0.530434
7439,rwa,1983,0.51033
7439,rwa,1984,0.552418
7439,rwa,1985,0.544009
7439,rwa,1986,0.515728
7439,rwa,1987,0.541505
7439,sau,1988,0.659494
7439,sau,1989,0.624159
7439,sau,1990,0.680353
7439,sau,1991,0.697602
7439,sau,1992,0.707954
7439,sau,1993,0.773607
7439,sau,1994,0.699568
7439,sau,1995,0.605211
7439,sau,1996,0.696068
7439,sau,1997,0.640947
7439,sau,1998,0.651841
7439,sau,1999,0.639066
7439,sau,2000,0.593014
7439,sau,2001,0.590511
7439,sau,2002,0.609397
7439,sau,2003,0.577301
7439,sau,2004,0.61659
7439,sau,2005,0.493518
7439,sau,2006,0.692294
7439,sau,2007,0.518455
7439,sau,2008,0.551508
7439,sau,2009,0.517861
7439,sau,2010,0.560122
7439,sau,2011,0.529473
7439,sau,2012,0.529816
7439,sau,2013,0.498314
7439,sau,2014,0.521229
7439,sau,2015,0.527668
7439,sau,2016,0.464273
7439,sau,1962,0.560267
7439,sau,1963,0.517251
7439,sau,1964,0.423913
7439,sau,1965,0.624506
7439,sau,1966,0.644138
7439,sau,1967,0.67699
7439,sau,1968,0.618903
7439,sau,1969,0.702917
7439,sau,1970,0.703196
7439,sau,1971,0.720722
7439,sau,1972,0.722277
7439,sau,1973,0.715831
7439,sau,1974,0.575415
7439,sau,1975,0.566874
7439,sau,1976,0.667226
7439,sau,1977,0.614991
7439,sau,1978,0.412153
7439,sau,1979,0.417179
7439,sau,1980,0.382779
7439,sau,1981,0.360243
7439,sau,1982,0.529144
7439,sau,1983,0.509907
7439,sau,1984,0.549364
7439,sau,1985,0.543832
7439,sau,1986,0.518099
7439,sau,1987,0.539407
7439,sdn,1988,0.672953
7439,sdn,1989,0.640576
7439,sdn,1990,0.696006
7439,sdn,1991,0.729111
7439,sdn,1992,0
7439,sdn,1993,0.797751
7439,sdn,1994,0.707265
7439,sdn,1995,0.609546
7439,sdn,1996,0.726796
7439,sdn,1997,0.657154
7439,sdn,1998,0.680093
7439,sdn,1999,0.658515
7439,sdn,2000,0.605655
7439,sdn,2001,0.607797
7439,sdn,2002,0.627506
7439,sdn,2003,0.587674
7439,sdn,2004,0.640629
7439,sdn,2005,0.505551
7439,sdn,2006,0.710062
7439,sdn,2007,0.534543
7439,sdn,2008,0.558077
7439,sdn,2009,0.535949
7439,sdn,2010,0.581114
7439,sdn,2011,0.54996
7439,sdn,2012,0.556741
7439,sdn,2013,0.531769
7439,sdn,2014,0.561142
7439,sdn,2015,0.556129
7439,sdn,2016,0.507285
7439,sdn,1962,0.582049
7439,sdn,1963,0.540164
7439,sdn,1964,0.459969
7439,sdn,1965,0.6492
7439,sdn,1966,0.669444
7439,sdn,1967,0.696901
7439,sdn,1968,0.640384
7439,sdn,1969,0.720296
7439,sdn,1970,0.714066
7439,sdn,1971,0.735892
7439,sdn,1972,0.737605
7439,sdn,1973,0.731187
7439,sdn,1974,0.59985
7439,sdn,1975,0.59573
7439,sdn,1976,0.692899
7439,sdn,1977,0.646045
7439,sdn,1978,0.446256
7439,sdn,1979,0.452147
7439,sdn,1980,0.424488
7439,sdn,1981,0.402269
7439,sdn,1982,0.55107
7439,sdn,1983,0.526504
7439,sdn,1984,0.566155
7439,sdn,1985,0.545134
7439,sdn,1986,0.525906
7439,sdn,1987,0.547203
7439,sen,1988,0.67973
7439,sen,1989,0.651046
7439,sen,1990,0.702747
7439,sen,1991,0.711081
7439,sen,1992,0.725033
7439,sen,1993,0.774182
7439,sen,1994,0.705828
7439,sen,1995,0.619351
7439,sen,1996,0.725825
7439,sen,1997,0.667171
7439,sen,1998,0.682399
7439,sen,1999,0.669116
7439,sen,2000,0.6065
7439,sen,2001,0.615406
7439,sen,2002,0.636454
7439,sen,2003,0.606282
7439,sen,2004,0.657341
7439,sen,2005,0.537297
7439,sen,2006,0.734597
7439,sen,2007,0.589058
7439,sen,2008,0.598547
7439,sen,2009,0.568066
7439,sen,2010,0.608113
7439,sen,2011,0.592102
7439,sen,2012,0.576093
7439,sen,2013,0.559561
7439,sen,2014,0.567309
7439,sen,2015,0.584774
7439,sen,2016,0.521609
7439,sen,1962,0.584821
7439,sen,1963,0.53605
7439,sen,1964,0.456607
7439,sen,1965,0.648662
7439,sen,1966,0.667877
7439,sen,1967,0.702623
7439,sen,1968,0.648504
7439,sen,1969,0.736175
7439,sen,1970,0.736713
7439,sen,1971,0.751504
7439,sen,1972,0.753025
7439,sen,1973,0.745162
7439,sen,1974,0.613273
7439,sen,1975,0.599552
7439,sen,1976,0.688472
7439,sen,1977,0.650712
7439,sen,1978,0.439066
7439,sen,1979,0.455341
7439,sen,1980,0.434393
7439,sen,1981,0.390436
7439,sen,1982,0.550166
7439,sen,1983,0.526806
7439,sen,1984,0.568405
7439,sen,1985,0.556742
7439,sen,1986,0.526118
7439,sen,1987,0.536947
7439,sgp,1988,0.55735
7439,sgp,1989,0.550061
7439,sgp,1990,0.589851
7439,sgp,1991,0.621559
7439,sgp,1992,0.622696
7439,sgp,1993,0.674874
7439,sgp,1994,0.599341
7439,sgp,1995,0.520956
7439,sgp,1996,0.603939
7439,sgp,1997,0.531862
7439,sgp,1998,0.539065
7439,sgp,1999,0.493134
7439,sgp,2000,0.45425
7439,sgp,2001,0.454797
7439,sgp,2002,0.45691
7439,sgp,2003,0.415878
7439,sgp,2004,0.465408
7439,sgp,2005,0.372822
7439,sgp,2006,0.548493
7439,sgp,2007,0.35215
7439,sgp,2008,0.337271
7439,sgp,2009,0.341739
7439,sgp,2010,0.381393
7439,sgp,2011,0.337221
7439,sgp,2012,0.318338
7439,sgp,2013,0.310594
7439,sgp,2014,0.313952
7439,sgp,2015,0.347055
7439,sgp,2016,0.29764
7439,sgp,1962,0.586725
7439,sgp,1963,0.551619
7439,sgp,1964,0.43854
7439,sgp,1965,0.614624
7439,sgp,1966,0.651748
7439,sgp,1967,0.685383
7439,sgp,1968,0.663944
7439,sgp,1969,0.728799
7439,sgp,1970,0.723336
7439,sgp,1971,0.731663
7439,sgp,1972,0.729808
7439,sgp,1973,0.693429
7439,sgp,1974,0.573984
7439,sgp,1975,0.553127
7439,sgp,1976,0.640583
7439,sgp,1977,0.602728
7439,sgp,1978,0.399872
7439,sgp,1979,0.419835
7439,sgp,1980,0.394492
7439,sgp,1981,0.350446
7439,sgp,1982,0.505324
7439,sgp,1983,0.477508
7439,sgp,1984,0.497921
7439,sgp,1985,0.486648
7439,sgp,1986,0.476968
7439,sgp,1987,0.496312
7439,shn,1988,0.617973
7439,shn,1989,0.590665
7439,shn,1990,0.622916
7439,shn,1991,0.666183
7439,shn,1992,0.674619
7439,shn,1993,0.741808
7439,shn,1994,0.666992
7439,shn,1995,0.571222
7439,shn,1996,0.65096
7439,shn,1997,0.528484
7439,shn,1998,0.563027
7439,shn,1999,0.569309
7439,shn,2000,0.504761
7439,shn,2001,0
7439,shn,2002,0.560137
7439,shn,2003,0.529216
7439,shn,2004,0.546541
7439,shn,2005,0.434598
7439,shn,2006,0
7439,shn,2007,0.444703
7439,shn,2008,0.512351
7439,shn,2009,0.484391
7439,shn,2010,0.516103
7439,shn,2011,0.482217
7439,shn,2012,0.455015
7439,shn,2013,0.442679
7439,shn,2014,0.459385
7439,shn,2015,0
7439,shn,2016,0.419524
7439,shn,1970,0.686345
7439,shn,1971,0.717676
7439,shn,1972,0.713991
7439,shn,1973,0.708285
7439,shn,1974,0.557573
7439,shn,1975,0.55768
7439,shn,1976,0.60567
7439,shn,1977,0.571661
7439,shn,1978,0.389221
7439,shn,1979,0.399683
7439,shn,1980,0.379406
7439,shn,1981,0.354806
7439,shn,1982,0.526724
7439,shn,1983,0.490561
7439,shn,1984,0.537125
7439,shn,1985,0.485081
7439,shn,1986,0.490101
7439,shn,1987,0.509974
7439,slb,1988,0.656352
7439,slb,1989,0.632678
7439,slb,1990,0.684028
7439,slb,1991,0.70549
7439,slb,1992,0.717017
7439,slb,1993,0.783719
7439,slb,1994,0.698301
7439,slb,1995,0.611487
7439,slb,1996,0.698944
7439,slb,1997,0.632634
7439,slb,1998,0.661033
7439,slb,1999,0.644461
7439,slb,2000,0.57826
7439,slb,2001,0.586519
7439,slb,2002,0.615752
7439,slb,2003,0.577399
7439,slb,2004,0.627873
7439,slb,2005,0.498759
7439,slb,2006,0.699276
7439,slb,2007,0.527932
7439,slb,2008,0.556111
7439,slb,2009,0.529979
7439,slb,2010,0.579614
7439,slb,2011,0.53866
7439,slb,2012,0.540758
7439,slb,2013,0.517692
7439,slb,2014,0.540216
7439,slb,2015,0.543934
7439,slb,2016,0.478054
7439,slb,1970,0.706659
7439,slb,1971,0.730431
7439,slb,1972,0.729446
7439,slb,1973,0.721361
7439,slb,1974,0.582753
7439,slb,1975,0.579658
7439,slb,1976,0.679284
7439,slb,1977,0.629072
7439,slb,1978,0.419665
7439,slb,1979,0.422284
7439,slb,1980,0.391208
7439,slb,1981,0.36814
7439,slb,1982,0.531266
7439,slb,1983,0.511702
7439,slb,1984,0.549518
7439,slb,1985,0.54072
7439,slb,1986,0.509545
7439,slb,1987,0.540419
7439,sle,1988,0.659404
7439,sle,1989,0.631133
7439,sle,1990,0.678594
7439,sle,1991,0.703361
7439,sle,1992,0.711846
7439,sle,1993,0.774654
7439,sle,1994,0.6914
7439,sle,1995,0.609714
7439,sle,1996,0.670016
7439,sle,1997,0.621489
7439,sle,1998,0.644228
7439,sle,1999,0.605398
7439,sle,2000,0.542608
7439,sle,2001,0.54619
7439,sle,2002,0.588152
7439,sle,2003,0.554691
7439,sle,2004,0.59976
7439,sle,2005,0.460201
7439,sle,2006,0.658864
7439,sle,2007,0.506487
7439,sle,2008,0.518305
7439,sle,2009,0.489257
7439,sle,2010,0.54127
7439,sle,2011,0.536545
7439,sle,2012,0.537757
7439,sle,2013,0.516178
7439,sle,2014,0.531087
7439,sle,2015,0.523128
7439,sle,2016,0
7439,sle,1962,0.574116
7439,sle,1963,0.525715
7439,sle,1964,0.450291
7439,sle,1965,0.632551
7439,sle,1966,0.653928
7439,sle,1967,0.690961
7439,sle,1968,0.632163
7439,sle,1969,0.707672
7439,sle,1970,0.707266
7439,sle,1971,0.731245
7439,sle,1972,0.731193
7439,sle,1973,0.720935
7439,sle,1974,0.598376
7439,sle,1975,0.577846
7439,sle,1976,0.670846
7439,sle,1977,0.62677
7439,sle,1978,0.431967
7439,sle,1979,0.432682
7439,sle,1980,0.39621
7439,sle,1981,0.379395
7439,sle,1982,0.541017
7439,sle,1983,0.520033
7439,sle,1984,0.553341
7439,sle,1985,0.542375
7439,sle,1986,0.515848
7439,sle,1987,0.542954
7439,slv,1988,0.654819
7439,slv,1989,0.616994
7439,slv,1990,0.667508
7439,slv,1991,0.685451
7439,slv,1992,0.69613
7439,slv,1993,0.761122
7439,slv,1994,0.698507
7439,slv,1995,0.617147
7439,slv,1996,0.71841
7439,slv,1997,0.647984
7439,slv,1998,0.668215
7439,slv,1999,0.646784
7439,slv,2000,0.600303
7439,slv,2001,0.594997
7439,slv,2002,0.636574
7439,slv,2003,0.593948
7439,slv,2004,0.639422
7439,slv,2005,0.532222
7439,slv,2006,0.704443
7439,slv,2007,0.552209
7439,slv,2008,0.553673
7439,slv,2009,0.542295
7439,slv,2010,0.573631
7439,slv,2011,0.550138
7439,slv,2012,0.542989
7439,slv,2013,0.525219
7439,slv,2014,0.547354
7439,slv,2015,0.549301
7439,slv,2016,0.48024
7439,slv,1962,0.566417
7439,slv,1963,0.520087
7439,slv,1964,0.450742
7439,slv,1965,0.635649
7439,slv,1966,0.644702
7439,slv,1967,0.667973
7439,slv,1968,0.617282
7439,slv,1969,0.703469
7439,slv,1970,0.68773
7439,slv,1971,0.710645
7439,slv,1972,0.714617
7439,slv,1973,0.704759
7439,slv,1974,0.567255
7439,slv,1975,0.569803
7439,slv,1976,0.675777
7439,slv,1977,0.629512
7439,slv,1978,0.427127
7439,slv,1979,0.429294
7439,slv,1980,0.392607
7439,slv,1981,0.36967
7439,slv,1982,0.543239
7439,slv,1983,0.517863
7439,slv,1984,0.556992
7439,slv,1985,0.551572
7439,slv,1986,0.520589
7439,slv,1987,0.534375
7439,som,1988,0.660461
7439,som,1989,0.632647
7439,som,1990,0.694534
7439,som,1991,0.695036
7439,som,1992,0.71446
7439,som,1993,0.777301
7439,som,1994,0.684755
7439,som,1995,0.609354
7439,som,1996,0.705102
7439,som,1997,0.639955
7439,som,1998,0.658788
7439,som,1999,0.640487
7439,som,2000,0.584416
7439,som,2001,0.597655
7439,som,2002,0.626678
7439,som,2003,0.587444
7439,som,2004,0.64163
7439,som,2005,0.515801
7439,som,2006,0.71324
7439,som,2007,0.491703
7439,som,2008,0.553911
7439,som,2009,0.534798
7439,som,2010,0.571806
7439,som,2011,0.545575
7439,som,2012,0.541185
7439,som,2013,0.520253
7439,som,2014,0.542659
7439,som,2015,0.543328
7439,som,2016,0.49522
7439,som,1962,0.557118
7439,som,1963,0.52351
7439,som,1964,0.437233
7439,som,1965,0.630335
7439,som,1966,0.656644
7439,som,1967,0.693728
7439,som,1968,0.626653
7439,som,1969,0.719237
7439,som,1970,0.688418
7439,som,1971,0.726986
7439,som,1972,0.736358
7439,som,1973,0.727775
7439,som,1974,0.588365
7439,som,1975,0.572025
7439,som,1976,0.674737
7439,som,1977,0.63198
7439,som,1978,0.428897
7439,som,1979,0.432738
7439,som,1980,0.405063
7439,som,1981,0.372331
7439,som,1982,0.542125
7439,som,1983,0.516381
7439,som,1984,0.554396
7439,som,1985,0.540689
7439,som,1986,0.517469
7439,som,1987,0.53475
7439,spm,1988,0.642104
7439,spm,1989,0.602116
7439,spm,1990,0.684072
7439,spm,1991,0.691898
7439,spm,1992,0.702203
7439,spm,1993,0.741958
7439,spm,1994,0.691751
7439,spm,1995,0.575573
7439,spm,1996,0.677373
7439,spm,1997,0.597603
7439,spm,1998,0.620723
7439,spm,1999,0.605711
7439,spm,2000,0
7439,spm,2001,0.573317
7439,spm,2002,0.606167
7439,spm,2003,0.549259
7439,spm,2004,0.625069
7439,spm,2005,0.501402
7439,spm,2006,0.68592
7439,spm,2007,0.523222
7439,spm,2008,0.539502
7439,spm,2009,0.506283
7439,spm,2010,0.565141
7439,spm,2011,0.541894
7439,spm,2012,0.539755
7439,spm,2013,0.510892
7439,spm,2014,0.513907
7439,spm,2015,0.485352
7439,spm,2016,0.436643
7439,spm,1962,0.444193
7439,spm,1963,0.502027
7439,spm,1964,0.419994
7439,spm,1965,0.627955
7439,spm,1966,0
7439,spm,1967,0.677423
7439,spm,1968,0.588629
7439,spm,1969,0.711577
7439,spm,1970,0.701466
7439,spm,1971,0.677917
7439,spm,1972,0.717605
7439,spm,1973,0.693175
7439,spm,1974,0.453404
7439,spm,1975,0.535413
7439,spm,1976,0.663099
7439,spm,1977,0.615538
7439,spm,1978,0.414635
7439,spm,1979,0.405035
7439,spm,1980,0.38936
7439,spm,1981,0.371008
7439,spm,1982,0.532682
7439,spm,1983,0.513773
7439,spm,1984,0
7439,spm,1985,0.530123
7439,spm,1986,0.502842
7439,spm,1987,0.537932
7439,stp,1988,0.635493
7439,stp,1989,0.607256
7439,stp,1990,0.663272
7439,stp,1991,0.66838
7439,stp,1992,0.647941
7439,stp,1993,0.743787
7439,stp,1994,0.654314
7439,stp,1995,0.547904
7439,stp,1996,0.659608
7439,stp,1997,0.609441
7439,stp,1998,0.620628
7439,stp,1999,0.580507
7439,stp,2000,0.552241
7439,stp,2001,0.527113
7439,stp,2002,0.564526
7439,stp,2003,0.530505
7439,stp,2004,0.576162
7439,stp,2005,0.42124
7439,stp,2006,0.641971
7439,stp,2007,0.461654
7439,stp,2008,0.48378
7439,stp,2009,0.497197
7439,stp,2010,0.496939
7439,stp,2011,0.479151
7439,stp,2012,0.49283
7439,stp,2013,0.458884
7439,stp,2014,0.460574
7439,stp,2015,0.485264
7439,stp,2016,0.4482
7439,stp,1962,0.540695
7439,stp,1969,0.698125
7439,stp,1970,0.701006
7439,stp,1971,0.713908
7439,stp,1972,0.716968
7439,stp,1973,0.71109
7439,stp,1974,0.55282
7439,stp,1975,0.563016
7439,stp,1976,0.655413
7439,stp,1977,0.616349
7439,stp,1978,0.407254
7439,stp,1979,0.411999
7439,stp,1980,0.378452
7439,stp,1981,0.353537
7439,stp,1982,0.520026
7439,stp,1983,0.480695
7439,stp,1984,0.531104
7439,stp,1985,0.530296
7439,stp,1986,0.49906
7439,stp,1987,0.530323
7439,sun,1988,0.634203
7439,sun,1989,0.578709
7439,sun,1990,0.661533
7439,sun,1991,0.676073
7439,sun,1962,0.588753
7439,sun,1963,0.538729
7439,sun,1964,0.42598
7439,sun,1965,0.627159
7439,sun,1966,0.640968
7439,sun,1967,0.710644
7439,sun,1968,0.633292
7439,sun,1969,0.704946
7439,sun,1970,0.702392
7439,sun,1971,0.702609
7439,sun,1972,0.687793
7439,sun,1973,0.683646
7439,sun,1974,0.595604
7439,sun,1975,0.59099
7439,sun,1976,0.669177
7439,sun,1977,0.619672
7439,sun,1978,0.42009
7439,sun,1979,0.429419
7439,sun,1980,0.383091
7439,sun,1981,0.367582
7439,sun,1982,0.515622
7439,sun,1983,0.483297
7439,sun,1984,0.539251
7439,sun,1985,0.525986
7439,sun,1986,0.478702
7439,sun,1987,0.534754
7439,sur,1988,0.660154
7439,sur,1989,0.632348
7439,sur,1990,0.687353
7439,sur,1991,0.700357
7439,sur,1992,0.711542
7439,sur,1993,0.783159
7439,sur,1994,0.704215
7439,sur,1995,0.612177
7439,sur,1996,0.701597
7439,sur,1997,0.630872
7439,sur,1998,0.671555
7439,sur,1999,0.644657
7439,sur,2000,0.590146
7439,sur,2001,0.59755
7439,sur,2002,0.623196
7439,sur,2003,0.593495
7439,sur,2004,0.632403
7439,sur,2005,0.502837
7439,sur,2006,0.698363
7439,sur,2007,0.527518
7439,sur,2008,0.558927
7439,sur,2009,0.53832
7439,sur,2010,0.578981
7439,sur,2011,0.54311
7439,sur,2012,0.547738
7439,sur,2013,0.51496
7439,sur,2014,0.547201
7439,sur,2015,0.540001
7439,sur,2016,0.484297
7439,sur,1962,0.566062
7439,sur,1963,0.529231
7439,sur,1964,0.44303
7439,sur,1965,0.637885
7439,sur,1966,0.655105
7439,sur,1967,0.684393
7439,sur,1968,0.625754
7439,sur,1969,0.706694
7439,sur,1970,0.703401
7439,sur,1971,0.722143
7439,sur,1972,0.72561
7439,sur,1973,0.714507
7439,sur,1974,0.582759
7439,sur,1975,0.571523
7439,sur,1976,0.675758
7439,sur,1977,0.629444
7439,sur,1978,0.419305
7439,sur,1979,0.423731
7439,sur,1980,0.388849
7439,sur,1981,0.367637
7439,sur,1982,0.540828
7439,sur,1983,0.507116
7439,sur,1984,0.552072
7439,sur,1985,0.540853
7439,sur,1986,0.514466
7439,sur,1987,0.539232
7439,swe,1988,0
7439,swe,1989,0
7439,swe,1990,0
7439,swe,1991,0
7439,swe,1992,0
7439,swe,1993,0
7439,swe,1994,0
7439,swe,1995,0
7439,swe,1996,0
7439,swe,1997,0
7439,swe,1998,0
7439,swe,1999,0
7439,swe,2000,0
7439,swe,2001,0
7439,swe,2002,0
7439,swe,2003,0
7439,swe,2004,0
7439,swe,2005,0
7439,swe,2006,0
7439,swe,2007,0
7439,swe,2008,0
7439,swe,2009,0
7439,swe,2010,0
7439,swe,2011,0
7439,swe,2012,0
7439,swe,2013,0
7439,swe,2014,0
7439,swe,2015,0
7439,swe,2016,0
7439,swe,1962,0
7439,swe,1963,0
7439,swe,1964,0
7439,swe,1965,0
7439,swe,1966,0
7439,swe,1967,0
7439,swe,1968,0
7439,swe,1969,0
7439,swe,1970,0
7439,swe,1971,0
7439,swe,1972,0
7439,swe,1973,0
7439,swe,1974,0
7439,swe,1975,0
7439,swe,1976,0
7439,swe,1977,0
7439,swe,1978,0
7439,swe,1979,0
7439,swe,1980,0
7439,swe,1981,0
7439,swe,1982,0
7439,swe,1983,0
7439,swe,1984,0
7439,swe,1985,0
7439,swe,1986,0
7439,swe,1987,0
7439,syc,1988,0.653223
7439,syc,1989,0.620544
7439,syc,1990,0.674958
7439,syc,1991,0.691861
7439,syc,1992,0.68081
7439,syc,1993,0.753794
7439,syc,1994,0.672854
7439,syc,1995,0.583551
7439,syc,1996,0.669821
7439,syc,1997,0.628521
7439,syc,1998,0.65107
7439,syc,1999,0.627359
7439,syc,2000,0.570655
7439,syc,2001,0.579892
7439,syc,2002,0.605725
7439,syc,2003,0.575359
7439,syc,2004,0.622622
7439,syc,2005,0.488315
7439,syc,2006,0.672384
7439,syc,2007,0.512775
7439,syc,2008,0.520407
7439,syc,2009,0.521761
7439,syc,2010,0.560376
7439,syc,2011,0.520964
7439,syc,2012,0.536508
7439,syc,2013,0.486938
7439,syc,2014,0.524552
7439,syc,2015,0.51883
7439,syc,2016,0.462595
7439,syc,1963,0
7439,syc,1964,0
7439,syc,1965,0
7439,syc,1966,0
7439,syc,1967,0.674178
7439,syc,1969,0.699515
7439,syc,1970,0.703198
7439,syc,1971,0.721769
7439,syc,1972,0.716734
7439,syc,1973,0.713614
7439,syc,1974,0.570265
7439,syc,1975,0.567648
7439,syc,1976,0.642546
7439,syc,1977,0.612803
7439,syc,1978,0
7439,syc,1979,0.386031
7439,syc,1980,0.371894
7439,syc,1981,0.364661
7439,syc,1982,0.518024
7439,syc,1983,0.510679
7439,syc,1984,0.544257
7439,syc,1985,0.521157
7439,syc,1986,0.503331
7439,syc,1987,0.531066
7439,syr,1988,0.674227
7439,syr,1989,0.650418
7439,syr,1990,0.699115
7439,syr,1991,0.718856
7439,syr,1992,0.734074
7439,syr,1993,0.789752
7439,syr,1994,0.70989
7439,syr,1995,0.635033
7439,syr,1996,0.716955
7439,syr,1997,0.664423
7439,syr,1998,0.691517
7439,syr,1999,0.665022
7439,syr,2000,0.612173
7439,syr,2001,0.613859
7439,syr,2002,0.646806
7439,syr,2003,0.610654
7439,syr,2004,0.666617
7439,syr,2005,0.544683
7439,syr,2006,0.730162
7439,syr,2007,0.571556
7439,syr,2008,0.585135
7439,syr,2009,0.560329
7439,syr,2010,0.597265
7439,syr,2011,0.569722
7439,syr,2012,0.554093
7439,syr,2013,0.532169
7439,syr,2014,0.576078
7439,syr,2015,0.583088
7439,syr,2016,0.530671
7439,syr,1962,0.574163
7439,syr,1963,0.524193
7439,syr,1964,0.44489
7439,syr,1965,0.639124
7439,syr,1966,0.655275
7439,syr,1967,0.706799
7439,syr,1968,0.653124
7439,syr,1969,0.735688
7439,syr,1970,0.721977
7439,syr,1971,0.737952
7439,syr,1972,0.747481
7439,syr,1973,0.737052
7439,syr,1974,0.59116
7439,syr,1975,0.584027
7439,syr,1976,0.680587
7439,syr,1977,0.605575
7439,syr,1978,0.4293
7439,syr,1979,0.440831
7439,syr,1980,0.412396
7439,syr,1981,0.398302
7439,syr,1982,0.551492
7439,syr,1983,0.527482
7439,syr,1984,0.561664
7439,syr,1985,0.55502
7439,syr,1986,0.530213
7439,syr,1987,0.547985
7439,tca,1988,0.6419
7439,tca,1989,0.614587
7439,tca,1990,0.656108
7439,tca,1991,0.673271
7439,tca,1992,0.695848
7439,tca,1993,0.764691
7439,tca,1994,0.695329
7439,tca,1995,0.599487
7439,tca,1996,0.696247
7439,tca,1997,0.612016
7439,tca,1998,0.600827
7439,tca,1999,0.582567
7439,tca,2000,0.546754
7439,tca,2001,0.563516
7439,tca,2002,0.565436
7439,tca,2003,0.553943
7439,tca,2004,0.59495
7439,tca,2005,0.465395
7439,tca,2006,0.655811
7439,tca,2007,0.450262
7439,tca,2008,0.43938
7439,tca,2009,0.467302
7439,tca,2010,0.514222
7439,tca,2011,0
7439,tca,2012,0.511923
7439,tca,2013,0.467105
7439,tca,2014,0.486242
7439,tca,2015,0.502892
7439,tca,2016,0.460476
7439,tca,1970,0.695308
7439,tca,1971,0.714314
7439,tca,1972,0.707819
7439,tca,1973,0.710496
7439,tca,1974,0.440466
7439,tca,1975,0.541036
7439,tca,1976,0.653719
7439,tca,1977,0.613607
7439,tca,1978,0.416471
7439,tca,1979,0.418814
7439,tca,1980,0.3861
7439,tca,1981,0.358171
7439,tca,1982,0.523758
7439,tca,1983,0.504313
7439,tca,1984,0.542007
7439,tca,1985,0.533614
7439,tca,1986,0.509064
7439,tca,1987,0.540179
7439,tcd,1988,0.653714
7439,tcd,1989,0.626095
7439,tcd,1990,0.679349
7439,tcd,1991,0.694543
7439,tcd,1992,0.715584
7439,tcd,1993,0.775292
7439,tcd,1994,0.696563
7439,tcd,1995,0.605221
7439,tcd,1996,0.692261
7439,tcd,1997,0.626564
7439,tcd,1998,0.649239
7439,tcd,1999,0.637048
7439,tcd,2000,0.583091
7439,tcd,2001,0.584087
7439,tcd,2002,0.600005
7439,tcd,2003,0.580335
7439,tcd,2004,0.625079
7439,tcd,2005,0.494203
7439,tcd,2006,0.696721
7439,tcd,2007,0.513881
7439,tcd,2008,0.541578
7439,tcd,2009,0.521726
7439,tcd,2010,0.561202
7439,tcd,2011,0.533029
7439,tcd,2012,0.531131
7439,tcd,2013,0.507911
7439,tcd,2014,0.527544
7439,tcd,2015,0.52891
7439,tcd,2016,0.47217
7439,tcd,1962,0.566502
7439,tcd,1963,0.527132
7439,tcd,1964,0.434241
7439,tcd,1965,0.634236
7439,tcd,1966,0.653475
7439,tcd,1967,0.679829
7439,tcd,1968,0.628732
7439,tcd,1969,0.711831
7439,tcd,1970,0.702593
7439,tcd,1971,0.724796
7439,tcd,1972,0.723326
7439,tcd,1973,0.720695
7439,tcd,1974,0.589512
7439,tcd,1975,0.586259
7439,tcd,1976,0.676547
7439,tcd,1977,0.621342
7439,tcd,1978,0.430602
7439,tcd,1979,0.438985
7439,tcd,1980,0.396061
7439,tcd,1981,0.366943
7439,tcd,1982,0.535093
7439,tcd,1983,0.506962
7439,tcd,1984,0.547599
7439,tcd,1985,0.540352
7439,tcd,1986,0.518078
7439,tcd,1987,0.54033
7439,tgo,1988,0.639341
7439,tgo,1989,0.642309
7439,tgo,1990,0.701511
7439,tgo,1991,0.708128
7439,tgo,1992,0.722586
7439,tgo,1993,0.78841
7439,tgo,1994,0.711042
7439,tgo,1995,0.611387
7439,tgo,1996,0.723041
7439,tgo,1997,0.662846
7439,tgo,1998,0.692245
7439,tgo,1999,0.668789
7439,tgo,2000,0.598421
7439,tgo,2001,0.6025
7439,tgo,2002,0.642414
7439,tgo,2003,0.590377
7439,tgo,2004,0.648178
7439,tgo,2005,0.543357
7439,tgo,2006,0.74104
7439,tgo,2007,0.563129
7439,tgo,2008,0.578424
7439,tgo,2009,0.541465
7439,tgo,2010,0.593464
7439,tgo,2011,0.577857
7439,tgo,2012,0.568586
7439,tgo,2013,0.536201
7439,tgo,2014,0.561991
7439,tgo,2015,0.560665
7439,tgo,2016,0.509375
7439,tgo,1962,0.581808
7439,tgo,1963,0.530439
7439,tgo,1964,0.44292
7439,tgo,1965,0.633786
7439,tgo,1966,0.652089
7439,tgo,1967,0.682518
7439,tgo,1968,0.630855
7439,tgo,1969,0.715516
7439,tgo,1970,0.706095
7439,tgo,1971,0.707909
7439,tgo,1972,0.728767
7439,tgo,1973,0.719203
7439,tgo,1974,0.589336
7439,tgo,1975,0.582457
7439,tgo,1976,0.679008
7439,tgo,1977,0.630176
7439,tgo,1978,0.419384
7439,tgo,1979,0.428021
7439,tgo,1980,0.398514
7439,tgo,1981,0.377343
7439,tgo,1982,0.538246
7439,tgo,1983,0.511213
7439,tgo,1984,0.555281
7439,tgo,1985,0.546261
7439,tgo,1986,0.518885
7439,tgo,1987,0.533846
7439,tha,1988,0.684712
7439,tha,1989,0.670999
7439,tha,1990,0.693991
7439,tha,1991,0.724357
7439,tha,1992,0.711599
7439,tha,1993,0.740923
7439,tha,1994,0.670281
7439,tha,1995,0.593834
7439,tha,1996,0.688305
7439,tha,1997,0.614499
7439,tha,1998,0.643381
7439,tha,1999,0.599954
7439,tha,2000,0.534447
7439,tha,2001,0.553731
7439,tha,2002,0.561877
7439,tha,2003,0.529546
7439,tha,2004,0.552933
7439,tha,2005,0.452558
7439,tha,2006,0.622623
7439,tha,2007,0
7439,tha,2008,0
7439,tha,2009,0
7439,tha,2010,0
7439,tha,2011,0
7439,tha,2012,0
7439,tha,2013,0
7439,tha,2014,0
7439,tha,2015,0
7439,tha,2016,0
7439,tha,1962,0.600215
7439,tha,1963,0.558279
7439,tha,1964,0.490021
7439,tha,1965,0.666018
7439,tha,1966,0.684449
7439,tha,1967,0.722711
7439,tha,1968,0.670425
7439,tha,1969,0.753454
7439,tha,1970,0.747027
7439,tha,1971,0.763592
7439,tha,1972,0.771943
7439,tha,1973,0.771634
7439,tha,1974,0.641867
7439,tha,1975,0.625637
7439,tha,1976,0.718137
7439,tha,1977,0.664526
7439,tha,1978,0.470882
7439,tha,1979,0.470464
7439,tha,1980,0.455411
7439,tha,1981,0.437076
7439,tha,1982,0.584885
7439,tha,1983,0.545548
7439,tha,1984,0.586895
7439,tha,1985,0.568985
7439,tha,1986,0.535723
7439,tha,1987,0.547685
7439,tkl,1988,0.643546
7439,tkl,1989,0
7439,tkl,1990,0.657591
7439,tkl,1991,0.682737
7439,tkl,1992,0.704173
7439,tkl,1993,0.762412
7439,tkl,1994,0.679802
7439,tkl,1995,0.557501
7439,tkl,1996,0
7439,tkl,1997,0
7439,tkl,1998,0.613779
7439,tkl,1999,0.597905
7439,tkl,2000,0.519988
7439,tkl,2001,0.54934
7439,tkl,2002,0.575889
7439,tkl,2003,0.530988
7439,tkl,2004,0.59402
7439,tkl,2005,0.462116
7439,tkl,2006,0.637226
7439,tkl,2007,0.454346
7439,tkl,2008,0.454387
7439,tkl,2009,0.446519
7439,tkl,2010,0.485146
7439,tkl,2011,0.486574
7439,tkl,2012,0.467254
7439,tkl,2013,0.448816
7439,tkl,2014,0.469431
7439,tkl,2015,0.476989
7439,tkl,2016,0.443985
7439,tkl,1970,0.694886
7439,tkl,1971,0.714022
7439,tkl,1972,0
7439,tkl,1974,0
7439,tkl,1975,0
7439,tkl,1977,0
7439,tkl,1978,0.405024
7439,tkl,1979,0.40971
7439,tkl,1980,0.378929
7439,tkl,1981,0.356888
7439,tkl,1982,0.525206
7439,tkl,1983,0.50266
7439,tkl,1984,0.543055
7439,tkl,1985,0.533689
7439,tkl,1986,0.502153
7439,tkl,1987,0.527048
7439,tls,1988,0.638193
7439,tls,1989,0.600686
7439,tls,1990,0.661492
7439,tls,1991,0.669252
7439,tls,1992,0.679282
7439,tls,1993,0.732611
7439,tls,1994,0.672374
7439,tls,1995,0.552411
7439,tls,1996,0.623521
7439,tls,1997,0.581334
7439,tls,1998,0.602553
7439,tls,1999,0.621625
7439,tls,2000,0.572864
7439,tls,2001,0.536695
7439,tls,2002,0.594701
7439,tls,2003,0.516413
7439,tls,2004,0.612904
7439,tls,2005,0.49728
7439,tls,2006,0.687467
7439,tls,2007,0.507525
7439,tls,2008,0.526702
7439,tls,2009,0.518813
7439,tls,2010,0.521476
7439,tls,2011,0.52524
7439,tls,2012,0.528936
7439,tls,2013,0.505108
7439,tls,2014,0.522489
7439,tls,2015,0.526065
7439,tls,2016,0.468385
7439,tls,1962,0.554155
7439,tls,1963,0.514964
7439,tls,1964,0.426019
7439,tls,1965,0.610834
7439,tls,1966,0.613993
7439,tls,1967,0.666109
7439,tls,1968,0.609365
7439,tls,1969,0.701412
7439,tls,1970,0.700977
7439,tls,1971,0.699901
7439,tls,1972,0.727948
7439,tls,1973,0.713384
7439,tls,1974,0.572024
7439,tls,1975,0.587538
7439,tls,1976,0.679291
7439,tls,1977,0.625315
7439,tls,1978,0.411088
7439,tls,1979,0.421739
7439,tls,1980,0.387889
7439,tls,1981,0.363278
7439,tls,1982,0.530354
7439,tls,1983,0.509086
7439,tls,1984,0.551477
7439,tls,1985,0.542347
7439,tls,1986,0.516751
7439,tls,1987,0.53694
7439,ton,1988,0.640223
7439,ton,1989,0.624984
7439,ton,1990,0.680005
7439,ton,1991,0.695088
7439,ton,1992,0.713567
7439,ton,1993,0.776263
7439,ton,1994,0.697353
7439,ton,1995,0.607785
7439,ton,1996,0.691132
7439,ton,1997,0.637437
7439,ton,1998,0.664069
7439,ton,1999,0.636609
7439,ton,2000,0.584022
7439,ton,2001,0.58452
7439,ton,2002,0.607812
7439,ton,2003,0.588748
7439,ton,2004,0.625323
7439,ton,2005,0.500601
7439,ton,2006,0.688006
7439,ton,2007,0.528611
7439,ton,2008,0.549068
7439,ton,2009,0.509654
7439,ton,2010,0.57516
7439,ton,2011,0.530124
7439,ton,2012,0.541005
7439,ton,2013,0.483009
7439,ton,2014,0.515807
7439,ton,2015,0.501342
7439,ton,2016,0.449075
7439,ton,1970,0.698788
7439,ton,1971,0.716613
7439,ton,1972,0.718262
7439,ton,1973,0.713047
7439,ton,1974,0.578692
7439,ton,1975,0.569497
7439,ton,1976,0.673464
7439,ton,1977,0.623001
7439,ton,1978,0.411743
7439,ton,1979,0.426694
7439,ton,1980,0.393828
7439,ton,1981,0.371932
7439,ton,1982,0.535064
7439,ton,1983,0.511368
7439,ton,1984,0.546533
7439,ton,1985,0.534784
7439,ton,1986,0.508936
7439,ton,1987,0.538068
7439,tto,1988,0.648842
7439,tto,1989,0.613529
7439,tto,1990,0.671002
7439,tto,1991,0.704133
7439,tto,1992,0.700065
7439,tto,1993,0.766055
7439,tto,1994,0.6949
7439,tto,1995,0.610354
7439,tto,1996,0.706689
7439,tto,1997,0.636425
7439,tto,1998,0.652195
7439,tto,1999,0.643682
7439,tto,2000,0.592685
7439,tto,2001,0.586322
7439,tto,2002,0.626192
7439,tto,2003,0.590672
7439,tto,2004,0.638259
7439,tto,2005,0.504931
7439,tto,2006,0.700884
7439,tto,2007,0.523985
7439,tto,2008,0.552989
7439,tto,2009,0.524589
7439,tto,2010,0.57545
7439,tto,2011,0.539683
7439,tto,2012,0.540727
7439,tto,2013,0.515562
7439,tto,2014,0.535282
7439,tto,2015,0.534035
7439,tto,2016,0.475181
7439,tto,1962,0.567809
7439,tto,1963,0.531585
7439,tto,1964,0.439083
7439,tto,1965,0.630407
7439,tto,1966,0.65342
7439,tto,1967,0.680531
7439,tto,1968,0.631659
7439,tto,1969,0.714808
7439,tto,1970,0.707155
7439,tto,1971,0.722564
7439,tto,1972,0.723898
7439,tto,1973,0.714846
7439,tto,1974,0.584148
7439,tto,1975,0.575361
7439,tto,1976,0.668526
7439,tto,1977,0.625622
7439,tto,1978,0.414261
7439,tto,1979,0.413481
7439,tto,1980,0.385208
7439,tto,1981,0.362488
7439,tto,1982,0.529509
7439,tto,1983,0.501747
7439,tto,1984,0.546532
7439,tto,1985,0.534271
7439,tto,1986,0.511424
7439,tto,1987,0.537685
7439,tun,1988,0.664741
7439,tun,1989,0.639538
7439,tun,1990,0.692376
7439,tun,1991,0.720021
7439,tun,1992,0.717764
7439,tun,1993,0.764972
7439,tun,1994,0.696431
7439,tun,1995,0.621263
7439,tun,1996,0.708661
7439,tun,1997,0.642093
7439,tun,1998,0.666566
7439,tun,1999,0.632997
7439,tun,2000,0.576734
7439,tun,2001,0.577737
7439,tun,2002,0.610761
7439,tun,2003,0.586311
7439,tun,2004,0.63096
7439,tun,2005,0.517647
7439,tun,2006,0.697174
7439,tun,2007,0.533049
7439,tun,2008,0.547433
7439,tun,2009,0.503725
7439,tun,2010,0.537761
7439,tun,2011,0.505885
7439,tun,2012,0.498819
7439,tun,2013,0.478403
7439,tun,2014,0.49744
7439,tun,2015,0.510639
7439,tun,2016,0
7439,tun,1962,0.604851
7439,tun,1963,0.56501
7439,tun,1964,0.474581
7439,tun,1965,0.666434
7439,tun,1966,0.681077
7439,tun,1967,0.716386
7439,tun,1968,0.65844
7439,tun,1969,0.745094
7439,tun,1970,0.738889
7439,tun,1971,0.750419
7439,tun,1972,0.747587
7439,tun,1973,0.752011
7439,tun,1974,0.602131
7439,tun,1975,0.601994
7439,tun,1976,0.702861
7439,tun,1977,0.654598
7439,tun,1978,0.443417
7439,tun,1979,0.452346
7439,tun,1980,0.40285
7439,tun,1981,0.382365
7439,tun,1982,0.54962
7439,tun,1983,0.526821
7439,tun,1984,0.555092
7439,tun,1985,0.552977
7439,tun,1986,0.51754
7439,tun,1987,0.541804
7439,tur,1988,0.678821
7439,tur,1989,0.669508
7439,tur,1990,0.713303
7439,tur,1991,0.732823
7439,tur,1992,0.729836
7439,tur,1993,0.794638
7439,tur,1994,0.711307
7439,tur,1995,0.638991
7439,tur,1996,0.724836
7439,tur,1997,0.65084
7439,tur,1998,0.682248
7439,tur,1999,0.654504
7439,tur,2000,0.586811
7439,tur,2001,0.5945
7439,tur,2002,0.64165
7439,tur,2003,0.590047
7439,tur,2004,0.62522
7439,tur,2005,0.495771
7439,tur,2006,0.650081
7439,tur,2007,0.502481
7439,tur,2008,0.513536
7439,tur,2009,0.48843
7439,tur,2010,0.527617
7439,tur,2011,0.48784
7439,tur,2012,0.485473
7439,tur,2013,0.460373
7439,tur,2014,0.471553
7439,tur,2015,0.486371
7439,tur,2016,0.451109
7439,tur,1962,0.613579
7439,tur,1963,0.572729
7439,tur,1964,0.500599
7439,tur,1965,0.676883
7439,tur,1966,0.68838
7439,tur,1967,0.720129
7439,tur,1968,0.672914
7439,tur,1969,0.744692
7439,tur,1970,0.738574
7439,tur,1971,0.758091
7439,tur,1972,0.766984
7439,tur,1973,0.762163
7439,tur,1974,0.634214
7439,tur,1975,0.610817
7439,tur,1976,0.718246
7439,tur,1977,0.680086
7439,tur,1978,0.466838
7439,tur,1979,0.465381
7439,tur,1980,0.443816
7439,tur,1981,0.417388
7439,tur,1982,0.57539
7439,tur,1983,0.544152
7439,tur,1984,0.581582
7439,tur,1985,0.537999
7439,tur,1986,0.523464
7439,tur,1987,0.528554
7439,tuv,1988,0.605657
7439,tuv,1989,0.609125
7439,tuv,1990,0.670327
7439,tuv,1991,0.676408
7439,tuv,1992,0.701323
7439,tuv,1993,0.77196
7439,tuv,1994,0.683674
7439,tuv,1995,0.583885
7439,tuv,1996,0.662735
7439,tuv,1997,0.592368
7439,tuv,1998,0.622977
7439,tuv,1999,0.607928
7439,tuv,2000,0.535168
7439,tuv,2001,0.552526
7439,tuv,2002,0.593871
7439,tuv,2003,0.543628
7439,tuv,2004,0.569662
7439,tuv,2005,0.454538
7439,tuv,2006,0.648344
7439,tuv,2007,0.443573
7439,tuv,2008,0.495892
7439,tuv,2009,0.50463
7439,tuv,2010,0.552878
7439,tuv,2011,0.50939
7439,tuv,2012,0.52712
7439,tuv,2013,0.495122
7439,tuv,2014,0.516207
7439,tuv,2015,0.512725
7439,tuv,2016,0.455183
7439,tuv,1976,0
7439,tuv,1977,0
7439,tuv,1978,0.407219
7439,tuv,1979,0.414043
7439,tuv,1980,0.380852
7439,tuv,1981,0.355517
7439,tuv,1982,0.518863
7439,tuv,1983,0.504848
7439,tuv,1984,0.540237
7439,tuv,1985,0.537021
7439,tuv,1986,0.507548
7439,tuv,1987,0.533961
7439,tza,1988,0.694259
7439,tza,1989,0.664494
7439,tza,1990,0.714379
7439,tza,1991,0.743155
7439,tza,1992,0.736737
7439,tza,1993,0.805092
7439,tza,1994,0.730045
7439,tza,1995,0.640663
7439,tza,1996,0.74725
7439,tza,1997,0.694954
7439,tza,1998,0.710321
7439,tza,1999,0.691449
7439,tza,2000,0.647896
7439,tza,2001,0.65249
7439,tza,2002,0.690831
7439,tza,2003,0.66086
7439,tza,2004,0.706154
7439,tza,2005,0.591294
7439,tza,2006,0.769174
7439,tza,2007,0.624143
7439,tza,2008,0.633189
7439,tza,2009,0.589155
7439,tza,2010,0.622596
7439,tza,2011,0.596835
7439,tza,2012,0.590489
7439,tza,2013,0.571383
7439,tza,2014,0.611537
7439,tza,2015,0.603241
7439,tza,2016,0.548596
7439,tza,1965,0.659185
7439,tza,1966,0.682413
7439,tza,1967,0.716398
7439,tza,1968,0.654337
7439,tza,1969,0.731116
7439,tza,1970,0.72516
7439,tza,1971,0.747862
7439,tza,1972,0.74782
7439,tza,1973,0.746701
7439,tza,1974,0.620915
7439,tza,1975,0.61129
7439,tza,1976,0.702663
7439,tza,1977,0.648152
7439,tza,1978,0.459423
7439,tza,1979,0.45634
7439,tza,1980,0.429748
7439,tza,1981,0.41146
7439,tza,1982,0.563675
7439,tza,1983,0.532304
7439,tza,1984,0.578242
7439,tza,1985,0.560421
7439,tza,1986,0.531168
7439,tza,1987,0.551538
7439,uga,1988,0.66103
7439,uga,1989,0.634566
7439,uga,1990,0.695761
7439,uga,1991,0.708384
7439,uga,1992,0.719607
7439,uga,1993,0.777731
7439,uga,1994,0.711871
7439,uga,1995,0.617833
7439,uga,1996,0.715365
7439,uga,1997,0.655997
7439,uga,1998,0.688572
7439,uga,1999,0.673631
7439,uga,2000,0.612175
7439,uga,2001,0.638489
7439,uga,2002,0.664088
7439,uga,2003,0.625184
7439,uga,2004,0.670066
7439,uga,2005,0.551203
7439,uga,2006,0.737735
7439,uga,2007,0.589969
7439,uga,2008,0.608353
7439,uga,2009,0.57451
7439,uga,2010,0.62087
7439,uga,2011,0.58767
7439,uga,2012,0.581665
7439,uga,2013,0.56455
7439,uga,2014,0.58359
7439,uga,2015,0.577217
7439,uga,2016,0.511912
7439,uga,1962,0.571313
7439,uga,1963,0.530459
7439,uga,1964,0.441408
7439,uga,1965,0.632188
7439,uga,1966,0.654223
7439,uga,1967,0.685728
7439,uga,1968,0.62497
7439,uga,1969,0.717767
7439,uga,1970,0.712407
7439,uga,1971,0.724235
7439,uga,1972,0.731265
7439,uga,1973,0.721589
7439,uga,1974,0.587354
7439,uga,1975,0.578969
7439,uga,1976,0.678221
7439,uga,1977,0.623415
7439,uga,1978,0.415658
7439,uga,1979,0.426605
7439,uga,1980,0.385496
7439,uga,1981,0.363534
7439,uga,1982,0.538011
7439,uga,1983,0.514166
7439,uga,1984,0.556492
7439,uga,1985,0.544529
7439,uga,1986,0.516334
7439,uga,1987,0.542089
7439,ury,1988,0.675573
7439,ury,1989,0.653408
7439,ury,1990,0.694184
7439,ury,1991,0.712128
7439,ury,1992,0.726221
7439,ury,1993,0.770135
7439,ury,1994,0.671845
7439,ury,1995,0.610143
7439,ury,1996,0.716028
7439,ury,1997,0.65008
7439,ury,1998,0.673774
7439,ury,1999,0.640636
7439,ury,2000,0.584909
7439,ury,2001,0.590556
7439,ury,2002,0.640848
7439,ury,2003,0.592684
7439,ury,2004,0.638791
7439,ury,2005,0.500859
7439,ury,2006,0.709755
7439,ury,2007,0.546198
7439,ury,2008,0.558199
7439,ury,2009,0.541326
7439,ury,2010,0.580194
7439,ury,2011,0.561187
7439,ury,2012,0.57099
7439,ury,2013,0.532132
7439,ury,2014,0.552088
7439,ury,2015,0.557036
7439,ury,2016,0.501115
7439,ury,1962,0.588905
7439,ury,1963,0.545234
7439,ury,1964,0.456957
7439,ury,1965,0.644077
7439,ury,1966,0.673097
7439,ury,1967,0.695795
7439,ury,1968,0.632454
7439,ury,1969,0.726729
7439,ury,1970,0.721744
7439,ury,1971,0.74171
7439,ury,1972,0.734326
7439,ury,1973,0.732088
7439,ury,1974,0.599854
7439,ury,1975,0.582954
7439,ury,1976,0.697853
7439,ury,1977,0.648729
7439,ury,1978,0.454708
7439,ury,1979,0.457435
7439,ury,1980,0.406435
7439,ury,1981,0.395252
7439,ury,1982,0.548245
7439,ury,1983,0.528508
7439,ury,1984,0.56679
7439,ury,1985,0.5327
7439,ury,1986,0.524903
7439,ury,1987,0.536286
7439,usa,1988,0.430364
7439,usa,1989,0
7439,usa,1990,0
7439,usa,1991,0
7439,usa,1992,0
7439,usa,1993,0
7439,usa,1994,0
7439,usa,1995,0
7439,usa,1996,0
7439,usa,1997,0
7439,usa,1998,0
7439,usa,1999,0
7439,usa,2000,0
7439,usa,2001,0
7439,usa,2002,0
7439,usa,2003,0
7439,usa,2004,0
7439,usa,2005,0
7439,usa,2006,0
7439,usa,2007,0
7439,usa,2008,0
7439,usa,2009,0
7439,usa,2010,0
7439,usa,2011,0
7439,usa,2012,0
7439,usa,2013,0
7439,usa,2014,0
7439,usa,2015,0
7439,usa,2016,0
7439,usa,1962,0
7439,usa,1963,0
7439,usa,1964,0
7439,usa,1965,0
7439,usa,1966,0
7439,usa,1967,0
7439,usa,1968,0
7439,usa,1969,0
7439,usa,1970,0
7439,usa,1971,0
7439,usa,1972,0
7439,usa,1973,0
7439,usa,1974,0
7439,usa,1975,0
7439,usa,1976,0
7439,usa,1977,0
7439,usa,1978,0
7439,usa,1979,0
7439,usa,1980,0
7439,usa,1981,0
7439,usa,1982,0
7439,usa,1983,0
7439,usa,1984,0
7439,usa,1985,0.217571
7439,usa,1986,0.29646
7439,usa,1987,0.303859
7439,vct,1988,0.652087
7439,vct,1989,0.63546
7439,vct,1990,0.680179
7439,vct,1991,0.704572
7439,vct,1992,0.714568
7439,vct,1993,0.779185
7439,vct,1994,0.702351
7439,vct,1995,0.611109
7439,vct,1996,0.691235
7439,vct,1997,0.627626
7439,vct,1998,0.634526
7439,vct,1999,0.636051
7439,vct,2000,0.560639
7439,vct,2001,0.589438
7439,vct,2002,0.608069
7439,vct,2003,0.574664
7439,vct,2004,0.631175
7439,vct,2005,0.503904
7439,vct,2006,0.704172
7439,vct,2007,0.519095
7439,vct,2008,0.549623
7439,vct,2009,0.504169
7439,vct,2010,0.539667
7439,vct,2011,0
7439,vct,2012,0.497313
7439,vct,2013,0.510659
7439,vct,2014,0.53421
7439,vct,2015,0.508157
7439,vct,2016,0.465314
7439,vct,1962,0
7439,vct,1970,0.701898
7439,vct,1971,0.72452
7439,vct,1972,0.722121
7439,vct,1973,0.717889
7439,vct,1974,0.583681
7439,vct,1975,0.577049
7439,vct,1976,0.688677
7439,vct,1977,0.646115
7439,vct,1978,0.409707
7439,vct,1979,0.424327
7439,vct,1980,0.395121
7439,vct,1981,0.372819
7439,vct,1982,0.536015
7439,vct,1983,0.510245
7439,vct,1984,0.546139
7439,vct,1985,0.536753
7439,vct,1986,0.509268
7439,vct,1987,0.535552
7439,ven,1988,0.659965
7439,ven,1989,0.631155
7439,ven,1990,0.687476
7439,ven,1991,0.705923
7439,ven,1992,0.715108
7439,ven,1993,0.793964
7439,ven,1994,0.710932
7439,ven,1995,0.620221
7439,ven,1996,0.711702
7439,ven,1997,0.651596
7439,ven,1998,0.673667
7439,ven,1999,0.645927
7439,ven,2000,0.596023
7439,ven,2001,0.600861
7439,ven,2002,0.62342
7439,ven,2003,0.585045
7439,ven,2004,0.650169
7439,ven,2005,0.502474
7439,ven,2006,0.699987
7439,ven,2007,0.530491
7439,ven,2008,0.555492
7439,ven,2009,0.523574
7439,ven,2010,0.576842
7439,ven,2011,0.544185
7439,ven,2012,0.545741
7439,ven,2013,0.510803
7439,ven,2014,0.532024
7439,ven,2015,0.542865
7439,ven,2016,0.485187
7439,ven,1962,0.564861
7439,ven,1963,0.523642
7439,ven,1964,0.42767
7439,ven,1965,0.631048
7439,ven,1966,0.653097
7439,ven,1967,0.684639
7439,ven,1968,0.627401
7439,ven,1969,0.709136
7439,ven,1970,0.713391
7439,ven,1971,0.729736
7439,ven,1972,0.72658
7439,ven,1973,0.718872
7439,ven,1974,0.588128
7439,ven,1975,0.574156
7439,ven,1976,0.672488
7439,ven,1977,0.624703
7439,ven,1978,0.413832
7439,ven,1979,0.417396
7439,ven,1980,0.388304
7439,ven,1981,0.367773
7439,ven,1982,0.532161
7439,ven,1983,0.513263
7439,ven,1984,0.550431
7439,ven,1985,0.545043
7439,ven,1986,0.520704
7439,ven,1987,0.539826
7439,vgb,1988,0.619516
7439,vgb,1989,0.601777
7439,vgb,1990,0.632857
7439,vgb,1991,0.681546
7439,vgb,1992,0.662578
7439,vgb,1993,0.723221
7439,vgb,1994,0.679962
7439,vgb,1995,0.585869
7439,vgb,1996,0.683455
7439,vgb,1997,0.61954
7439,vgb,1998,0.61911
7439,vgb,1999,0.614801
7439,vgb,2000,0.535905
7439,vgb,2001,0.540859
7439,vgb,2002,0.57771
7439,vgb,2003,0.544356
7439,vgb,2004,0.60492
7439,vgb,2005,0.494216
7439,vgb,2006,0.639021
7439,vgb,2007,0.482625
7439,vgb,2008,0.516283
7439,vgb,2009,0.465894
7439,vgb,2010,0.537278
7439,vgb,2011,0.494578
7439,vgb,2012,0.514192
7439,vgb,2013,0.493817
7439,vgb,2014,0.497367
7439,vgb,2015,0.494919
7439,vgb,2016,0.450419
7439,vgb,1964,0.402374
7439,vgb,1969,0.700012
7439,vgb,1970,0
7439,vgb,1971,0.714264
7439,vgb,1972,0.715199
7439,vgb,1973,0.661869
7439,vgb,1974,0
7439,vgb,1975,0.456173
7439,vgb,1976,0.642927
7439,vgb,1977,0.574513
7439,vgb,1978,0.407078
7439,vgb,1979,0.402204
7439,vgb,1980,0.381796
7439,vgb,1981,0.352964
7439,vgb,1982,0.502457
7439,vgb,1983,0.489395
7439,vgb,1984,0.527015
7439,vgb,1985,0.505694
7439,vgb,1986,0.499536
7439,vgb,1987,0.518362
7439,vnm,1988,0.68647
7439,vnm,1989,0.671691
7439,vnm,1990,0.72041
7439,vnm,1991,0.746259
7439,vnm,1992,0.745291
7439,vnm,1993,0.809494
7439,vnm,1994,0.738162
7439,vnm,1995,0.65434
7439,vnm,1996,0.747169
7439,vnm,1997,0.682936
7439,vnm,1998,0.69331
7439,vnm,1999,0.673657
7439,vnm,2000,0.614667
7439,vnm,2001,0.625106
7439,vnm,2002,0.660638
7439,vnm,2003,0.620798
7439,vnm,2004,0.649439
7439,vnm,2005,0.568072
7439,vnm,2006,0.713204
7439,vnm,2007,0.586387
7439,vnm,2008,0.59477
7439,vnm,2009,0.562113
7439,vnm,2010,0.589273
7439,vnm,2011,0.565917
7439,vnm,2012,0.557373
7439,vnm,2013,0.540265
7439,vnm,2014,0.541854
7439,vnm,2015,0.548128
7439,vnm,2016,0.483223
7439,vnm,1962,0.586539
7439,vnm,1963,0.539126
7439,vnm,1964,0.459565
7439,vnm,1965,0.65665
7439,vnm,1966,0.66488
7439,vnm,1967,0.694252
7439,vnm,1968,0.627543
7439,vnm,1969,0.720298
7439,vnm,1970,0.719878
7439,vnm,1971,0.730237
7439,vnm,1972,0.725857
7439,vnm,1973,0.737215
7439,vnm,1974,0.613342
7439,vnm,1975,0.607307
7439,vnm,1976,0.697726
7439,vnm,1977,0.65602
7439,vnm,1978,0.452727
7439,vnm,1979,0.435077
7439,vnm,1980,0.409783
7439,vnm,1981,0.390162
7439,vnm,1982,0.563422
7439,vnm,1983,0.537859
7439,vnm,1984,0.571266
7439,vnm,1985,0.559512
7439,vnm,1986,0.531156
7439,vnm,1987,0.550868
7439,vut,1988,0.656913
7439,vut,1989,0.623412
7439,vut,1990,0.677354
7439,vut,1991,0.693326
7439,vut,1992,0.709266
7439,vut,1993,0.775979
7439,vut,1994,0.695608
7439,vut,1995,0.609972
7439,vut,1996,0.70065
7439,vut,1997,0.635838
7439,vut,1998,0.666658
7439,vut,1999,0.639134
7439,vut,2000,0.582092
7439,vut,2001,0.596765
7439,vut,2002,0.623621
7439,vut,2003,0.590747
7439,vut,2004,0.635262
7439,vut,2005,0.50486
7439,vut,2006,0.706039
7439,vut,2007,0.533454
7439,vut,2008,0.552506
7439,vut,2009,0.531221
7439,vut,2010,0.571777
7439,vut,2011,0.541753
7439,vut,2012,0.535609
7439,vut,2013,0.510266
7439,vut,2014,0.541625
7439,vut,2015,0.549084
7439,vut,2016,0.481632
7439,vut,1962,0.573179
7439,vut,1963,0.519827
7439,vut,1964,0.435352
7439,vut,1965,0.632442
7439,vut,1966,0.654196
7439,vut,1967,0.687008
7439,vut,1968,0.628783
7439,vut,1969,0.709909
7439,vut,1970,0.704727
7439,vut,1971,0.725613
7439,vut,1972,0.726431
7439,vut,1973,0.719214
7439,vut,1974,0.58282
7439,vut,1975,0.569703
7439,vut,1976,0.635265
7439,vut,1977,0.619622
7439,vut,1978,0.416275
7439,vut,1979,0.418775
7439,vut,1980,0.389928
7439,vut,1981,0.368742
7439,vut,1982,0.533839
7439,vut,1983,0.511506
7439,vut,1984,0.551722
7439,vut,1985,0.53974
7439,vut,1986,0.505665
7439,vut,1987,0.539747
7439,wlf,1988,0.638641
7439,wlf,1989,0.612159
7439,wlf,1990,0.660872
7439,wlf,1991,0.692097
7439,wlf,1992,0.691375
7439,wlf,1993,0.766105
7439,wlf,1994,0.671538
7439,wlf,1995,0.577567
7439,wlf,1996,0.661023
7439,wlf,1997,0.611228
7439,wlf,1998,0.63249
7439,wlf,1999,0.608546
7439,wlf,2000,0.55042
7439,wlf,2001,0.567982
7439,wlf,2002,0.582065
7439,wlf,2003,0.559922
7439,wlf,2004,0.538391
7439,wlf,2005,0.461304
7439,wlf,2006,0.633499
7439,wlf,2007,0.454888
7439,wlf,2008,0.532514
7439,wlf,2009,0.471365
7439,wlf,2010,0.540986
7439,wlf,2011,0.46368
7439,wlf,2012,0.460965
7439,wlf,2013,0.469674
7439,wlf,2014,0.487301
7439,wlf,2015,0.493178
7439,wlf,2016,0
7439,wlf,1970,0
7439,wlf,1971,0.714569
7439,wlf,1972,0.71499
7439,wlf,1973,0.679086
7439,wlf,1974,0.57283
7439,wlf,1975,0.54423
7439,wlf,1976,0.663597
7439,wlf,1977,0.614546
7439,wlf,1978,0.405428
7439,wlf,1979,0.409505
7439,wlf,1980,0.375959
7439,wlf,1981,0.355194
7439,wlf,1982,0.52531
7439,wlf,1983,0.499072
7439,wlf,1984,0.539973
7439,wlf,1985,0.534433
7439,wlf,1986,0.50766
7439,wlf,1987,0
7439,wsm,1988,0.65035
7439,wsm,1989,0.622704
7439,wsm,1990,0.68663
7439,wsm,1991,0.699303
7439,wsm,1992,0.695459
7439,wsm,1993,0.764744
7439,wsm,1994,0.697372
7439,wsm,1995,0.611042
7439,wsm,1996,0.696255
7439,wsm,1997,0.630183
7439,wsm,1998,0.660564
7439,wsm,1999,0.631023
7439,wsm,2000,0.585589
7439,wsm,2001,0.581161
7439,wsm,2002,0.599
7439,wsm,2003,0.576413
7439,wsm,2004,0.604037
7439,wsm,2005,0.472299
7439,wsm,2006,0.658192
7439,wsm,2007,0.510543
7439,wsm,2008,0.506342
7439,wsm,2009,0.389126
7439,wsm,2010,0.462951
7439,wsm,2011,0.458935
7439,wsm,2012,0.458385
7439,wsm,2013,0.421696
7439,wsm,2014,0.489894
7439,wsm,2015,0
7439,wsm,2016,0
7439,wsm,1962,0
7439,wsm,1963,0.506966
7439,wsm,1964,0.422042
7439,wsm,1965,0.627298
7439,wsm,1966,0.648357
7439,wsm,1967,0.686704
7439,wsm,1968,0.626716
7439,wsm,1969,0.710724
7439,wsm,1970,0.707676
7439,wsm,1971,0.722672
7439,wsm,1972,0.729937
7439,wsm,1973,0.729333
7439,wsm,1974,0.596479
7439,wsm,1975,0.544844
7439,wsm,1976,0.676898
7439,wsm,1977,0.629165
7439,wsm,1978,0.42094
7439,wsm,1979,0.424822
7439,wsm,1980,0.392641
7439,wsm,1981,0.372282
7439,wsm,1982,0.534169
7439,wsm,1983,0.51527
7439,wsm,1984,0.549351
7439,wsm,1985,0.530407
7439,wsm,1986,0.51615
7439,wsm,1987,0.539051
7439,yem,1988,0.65875
7439,yem,1989,0.63427
7439,yem,1990,0.687978
7439,yem,1991,0.709075
7439,yem,1992,0.716269
7439,yem,1993,0.784709
7439,yem,1994,0.706102
7439,yem,1995,0.61855
7439,yem,1996,0.711588
7439,yem,1997,0.645296
7439,yem,1998,0.669302
7439,yem,1999,0.647045
7439,yem,2000,0.597487
7439,yem,2001,0.599593
7439,yem,2002,0.627998
7439,yem,2003,0.594551
7439,yem,2004,0.64366
7439,yem,2005,0.518933
7439,yem,2006,0.710928
7439,yem,2007,0.550985
7439,yem,2008,0.55725
7439,yem,2009,0.538752
7439,yem,2010,0.589527
7439,yem,2011,0.549544
7439,yem,2012,0.553827
7439,yem,2013,0.52648
7439,yem,2014,0.55337
7439,yem,2015,0.555174
7439,yem,2016,0.497022
7439,yem,1962,0.564125
7439,yem,1963,0.5123
7439,yem,1964,0.425094
7439,yem,1965,0.630983
7439,yem,1966,0.651264
7439,yem,1967,0.684464
7439,yem,1968,0.628182
7439,yem,1969,0.725329
7439,yem,1970,0.715593
7439,yem,1971,0.739362
7439,yem,1972,0.728639
7439,yem,1973,0.734277
7439,yem,1974,0.603507
7439,yem,1975,0
7439,yem,1976,0.692626
7439,yem,1977,0.62707
7439,yem,1978,0.433273
7439,yem,1979,0.427234
7439,yem,1980,0.389302
7439,yem,1981,0.334176
7439,yem,1982,0.514694
7439,yem,1983,0.495079
7439,yem,1984,0.534872
7439,yem,1985,0.527273
7439,yem,1986,0.506861
7439,yem,1987,0.540137
7439,ymd,1988,0.650831
7439,ymd,1989,0.631711
7439,ymd,1990,0.678659
7439,ymd,1962,0.568987
7439,ymd,1963,0.526737
7439,ymd,1964,0.438268
7439,ymd,1965,0.629849
7439,ymd,1966,0.667117
7439,ymd,1967,0.692789
7439,ymd,1968,0.640885
7439,ymd,1969,0.717681
7439,ymd,1970,0.714066
7439,ymd,1971,0.732722
7439,ymd,1972,0.72984
7439,ymd,1973,0.725431
7439,ymd,1974,0.587217
7439,ymd,1975,0.578101
7439,ymd,1976,0.6745
7439,ymd,1977,0.63181
7439,ymd,1978,0.418339
7439,ymd,1979,0.427342
7439,ymd,1980,0.398164
7439,ymd,1981,0.382832
7439,ymd,1982,0.53383
7439,ymd,1983,0.510301
7439,ymd,1984,0.548568
7439,ymd,1985,0.543383
7439,ymd,1986,0.517026
7439,ymd,1987,0.541536
7439,yug,1988,0.44862
7439,yug,1989,0.464101
7439,yug,1990,0.497133
7439,yug,1991,0.527015
7439,yug,1962,0.509337
7439,yug,1963,0.484227
7439,yug,1964,0.417233
7439,yug,1965,0.590474
7439,yug,1966,0.567728
7439,yug,1967,0.63838
7439,yug,1968,0.59054
7439,yug,1969,0.645668
7439,yug,1970,0.636366
7439,yug,1971,0
7439,yug,1972,0.625384
7439,yug,1973,0.60939
7439,yug,1974,0.482941
7439,yug,1975,0.454971
7439,yug,1976,0.550337
7439,yug,1977,0.444425
7439,yug,1978,0.368831
7439,yug,1979,0.350952
7439,yug,1980,0.294483
7439,yug,1981,0.293811
7439,yug,1982,0.40078
7439,yug,1983,0.392846
7439,yug,1984,0.404345
7439,yug,1985,0.402651
7439,yug,1986,0.421422
7439,yug,1987,0
7439,zaf,1988,0.697594
7439,zaf,1989,0.656307
7439,zaf,1990,0.710337
7439,zaf,1991,0.708048
7439,zaf,1992,0.724011
7439,zaf,1993,0.786447
7439,zaf,1994,0.703584
7439,zaf,1995,0.621202
7439,zaf,1996,0.721675
7439,zaf,1997,0.653724
7439,zaf,1998,0
7439,zaf,1999,0
7439,zaf,2000,0
7439,zaf,2001,0
7439,zaf,2002,0
7439,zaf,2003,0
7439,zaf,2004,0
7439,zaf,2005,0
7439,zaf,2006,0.70587
7439,zaf,2007,0.543457
7439,zaf,2008,0
7439,zaf,2009,0
7439,zaf,2010,0
7439,zaf,2011,0
7439,zaf,2012,0
7439,zaf,2013,0
7439,zaf,2014,0.553308
7439,zaf,2015,0.575282
7439,zaf,2016,0
7439,zaf,1962,0.628068
7439,zaf,1963,0.574854
7439,zaf,1964,0.51174
7439,zaf,1965,0.6979
7439,zaf,1966,0.703329
7439,zaf,1967,0.736009
7439,zaf,1968,0.678474
7439,zaf,1969,0.763846
7439,zaf,1970,0.756977
7439,zaf,1971,0.77892
7439,zaf,1972,0.774049
7439,zaf,1973,0.771756
7439,zaf,1974,0.668948
7439,zaf,1975,0.641711
7439,zaf,1976,0.730384
7439,zaf,1977,0.688058
7439,zaf,1978,0.475716
7439,zaf,1979,0.491437
7439,zaf,1980,0.448437
7439,zaf,1981,0.443583
7439,zaf,1982,0.576123
7439,zaf,1983,0.545092
7439,zaf,1984,0.568228
7439,zaf,1985,0.570236
7439,zaf,1986,0.542114
7439,zaf,1987,0.550034
7439,zmb,1988,0.661879
7439,zmb,1989,0.629341
7439,zmb,1990,0.685466
7439,zmb,1991,0.703367
7439,zmb,1992,0.716707
7439,zmb,1993,0.792042
7439,zmb,1994,0.707793
7439,zmb,1995,0.618577
7439,zmb,1996,0.72454
7439,zmb,1997,0.666538
7439,zmb,1998,0.690187
7439,zmb,1999,0.669798
7439,zmb,2000,0.620274
7439,zmb,2001,0.640227
7439,zmb,2002,0.662091
7439,zmb,2003,0.623016
7439,zmb,2004,0.659661
7439,zmb,2005,0.528671
7439,zmb,2006,0.711808
7439,zmb,2007,0.541736
7439,zmb,2008,0.579677
7439,zmb,2009,0.556139
7439,zmb,2010,0.59419
7439,zmb,2011,0.56204
7439,zmb,2012,0.560853
7439,zmb,2013,0.534703
7439,zmb,2014,0.557494
7439,zmb,2015,0.56724
7439,zmb,2016,0.505788
7439,zmb,1965,0.637024
7439,zmb,1966,0.650067
7439,zmb,1967,0.690035
7439,zmb,1968,0.624154
7439,zmb,1969,0.709304
7439,zmb,1970,0.702515
7439,zmb,1971,0.727086
7439,zmb,1972,0.724758
7439,zmb,1973,0.72227
7439,zmb,1974,0.59785
7439,zmb,1975,0.579537
7439,zmb,1976,0.676154
7439,zmb,1977,0.63356
7439,zmb,1978,0.427754
7439,zmb,1979,0.424801
7439,zmb,1980,0.4006
7439,zmb,1981,0.377055
7439,zmb,1982,0.533411
7439,zmb,1983,0.5136
7439,zmb,1984,0.554768
7439,zmb,1985,0.540749
7439,zmb,1986,0.515344
7439,zmb,1987,0.539115
7439,zwe,1988,0.682931
7439,zwe,1989,0.663323
7439,zwe,1990,0.710803
7439,zwe,1991,0.728119
7439,zwe,1992,0.729276
7439,zwe,1993,0.798962
7439,zwe,1994,0.729758
7439,zwe,1995,0.639956
7439,zwe,1996,0.742745
7439,zwe,1997,0.680087
7439,zwe,1998,0.710154
7439,zwe,1999,0.696211
7439,zwe,2000,0.636889
7439,zwe,2001,0.644003
7439,zwe,2002,0.674448
7439,zwe,2003,0.611595
7439,zwe,2004,0.683701
7439,zwe,2005,0.55754
7439,zwe,2006,0.710711
7439,zwe,2007,0.565392
7439,zwe,2008,0.589779
7439,zwe,2009,0.570137
7439,zwe,2010,0.619888
7439,zwe,2011,0.580392
7439,zwe,2012,0.58108
7439,zwe,2013,0.554745
7439,zwe,2014,0.57584
7439,zwe,2015,0.569156
7439,zwe,2016,0.513341
7439,zwe,1965,0.659498
7439,zwe,1966,0.616627
7439,zwe,1967,0.653583
7439,zwe,1968,0.5699
7439,zwe,1969,0.639588
7439,zwe,1970,0.673788
7439,zwe,1971,0.675984
7439,zwe,1972,0.686805
7439,zwe,1973,0.67167
7439,zwe,1974,0
7439,zwe,1975,0
7439,zwe,1976,0.673979
7439,zwe,1977,0.627913
7439,zwe,1978,0.39335
7439,zwe,1979,0.394016
7439,zwe,1980,0.415346
7439,zwe,1981,0.39435
7439,zwe,1982,0.555456
7439,zwe,1983,0.536307
7439,zwe,1984,0.566417
7439,zwe,1985,0.558473
7439,zwe,1986,0.535288
7439,zwe,1987,0.553089
7439,twn,1988,0.506033
7439,twn,1989,0.484882
7439,twn,1990,0.507772
7439,twn,1991,0.524207
7439,twn,1992,0.508822
7439,twn,1993,0.543886
7439,twn,1994,0.485353
7439,twn,1995,0.426805
7439,twn,1996,0.458503
7439,twn,1997,0.430614
7439,twn,1998,0.44058
7439,twn,1999,0.417813
7439,twn,2000,0.353665
7439,twn,2001,0.341665
7439,twn,2002,0.376579
7439,twn,2003,0.34297
7439,twn,2004,0.407153
7439,twn,2005,0.296627
7439,twn,2006,0.451469
7439,twn,2007,0.314298
7439,twn,2008,0.326225
7439,twn,2009,0.304031
7439,twn,2010,0.329594
7439,twn,2011,0.296884
7439,twn,2012,0.279005
7439,twn,2013,0.294086
7439,twn,2014,0.300896
7439,twn,2015,0.31188
7439,twn,2016,0.246884
7439,twn,1962,0.55731
7439,twn,1963,0.504701
7439,twn,1964,0.403762
7439,twn,1965,0.592953
7439,twn,1966,0.56717
7439,twn,1967,0.623209
7439,twn,1968,0.569072
7439,twn,1969,0.605532
7439,twn,1970,0.617335
7439,twn,1971,0.662718
7439,twn,1972,0.662534
7439,twn,1973,0.664539
7439,twn,1974,0.507431
7439,twn,1975,0.514714
7439,twn,1976,0.611007
7439,twn,1977,0.563895
7439,twn,1978,0.363877
7439,twn,1979,0.363176
7439,twn,1980,0.326258
7439,twn,1981,0.284456
7439,twn,1982,0.436228
7439,twn,1983,0.414842
7439,twn,1984,0.437543
7439,twn,1985,0.44273
7439,twn,1986,0.42579
7439,twn,1987,0.433578
7439,ans,1988,0.603207
7439,ans,1989,0.571592
7439,ans,1990,0.615634
7439,ans,1991,0.604135
7439,ans,1992,0.601849
7439,ans,1993,0.672128
7439,ans,1994,0.580194
7439,ans,1995,0.540856
7439,ans,1996,0.618225
7439,ans,1997,0.553919
7439,ans,1998,0.546602
7439,ans,1999,0.534674
7439,ans,2000,0.538234
7439,ans,2001,0.544003
7439,ans,2002,0.589312
7439,ans,2003,0.556194
7439,ans,2004,0.558192
7439,ans,2005,0.473932
7439,ans,2006,0.671893
7439,ans,2007,0.487277
7439,ans,2008,0.513571
7439,ans,2009,0.471554
7439,ans,2010,0.518234
7439,ans,2011,0.485386
7439,ans,2012,0.517951
7439,ans,2013,0.464522
7439,ans,2014,0.485531
7439,ans,2015,0.449986
7439,ans,2016,0.404797
7439,ans,1962,0.595081
7439,ans,1963,0.553694
7439,ans,1964,0.498543
7439,ans,1965,0.625141
7439,ans,1966,0.624564
7439,ans,1967,0.665767
7439,ans,1968,0.611212
7439,ans,1969,0.70108
7439,ans,1970,0.681367
7439,ans,1971,0.719385
7439,ans,1972,0.704375
7439,ans,1973,0.679318
7439,ans,1974,0.582276
7439,ans,1975,0.551443
7439,ans,1976,0.646652
7439,ans,1977,0.603146
7439,ans,1978,0.367501
7439,ans,1979,0
7439,ans,1980,0.382821
7439,ans,1981,0.360029
7439,ans,1982,0.531418
7439,ans,1983,0.495561
7439,ans,1984,0.527094
7439,ans,1985,0.496808
7439,ans,1986,0.457106
7439,ans,1987,0.499132
7439,arm,1992,0.686235
7439,arm,1993,0.781151
7439,arm,1994,0.692731
7439,arm,1995,0.587575
7439,arm,1996,0.665623
7439,arm,1997,0.570538
7439,arm,1998,0.58593
7439,arm,1999,0.589916
7439,arm,2000,0.56097
7439,arm,2001,0.562443
7439,arm,2002,0.587946
7439,arm,2003,0.571698
7439,arm,2004,0.614844
7439,arm,2005,0.485891
7439,arm,2006,0.693341
7439,arm,2007,0.463753
7439,arm,2008,0.535238
7439,arm,2009,0.513209
7439,arm,2010,0.559216
7439,arm,2011,0.514362
7439,arm,2012,0.501014
7439,arm,2013,0.514657
7439,arm,2014,0.532038
7439,arm,2015,0.55178
7439,arm,2016,0.476053
7439,aze,1992,0.710864
7439,aze,1993,0.779921
7439,aze,1994,0.69575
7439,aze,1995,0.599854
7439,aze,1996,0.691835
7439,aze,1997,0.618857
7439,aze,1998,0.62362
7439,aze,1999,0.648483
7439,aze,2000,0.597433
7439,aze,2001,0.605804
7439,aze,2002,0.620029
7439,aze,2003,0.596021
7439,aze,2004,0.645056
7439,aze,2005,0.525162
7439,aze,2006,0.703856
7439,aze,2007,0.528213
7439,aze,2008,0.552375
7439,aze,2009,0.528148
7439,aze,2010,0.57528
7439,aze,2011,0.537968
7439,aze,2012,0.543692
7439,aze,2013,0.513403
7439,aze,2014,0.534711
7439,aze,2015,0.535393
7439,aze,2016,0.485145
7439,bih,1992,0.645675
7439,bih,1993,0.69941
7439,bih,1994,0
7439,bih,1995,0
7439,bih,1996,0.637123
7439,bih,1997,0.604632
7439,bih,1998,0.618288
7439,bih,1999,0.596985
7439,bih,2000,0
7439,bih,2001,0.568147
7439,bih,2002,0.593358
7439,bih,2003,0.551911
7439,bih,2004,0.589904
7439,bih,2005,0.47287
7439,bih,2006,0.63851
7439,bih,2007,0
7439,bih,2008,0
7439,bih,2009,0
7439,bih,2010,0
7439,bih,2011,0
7439,bih,2012,0
7439,bih,2013,0
7439,bih,2014,0
7439,bih,2015,0
7439,bih,2016,0
7439,blr,1992,0.690246
7439,blr,1993,0.76142
7439,blr,1994,0.678677
7439,blr,1995,0.579278
7439,blr,1996,0.627325
7439,blr,1997,0.579247
7439,blr,1998,0.54992
7439,blr,1999,0.571501
7439,blr,2000,0.520534
7439,blr,2001,0.519201
7439,blr,2002,0.517703
7439,blr,2003,0.46281
7439,blr,2004,0.52615
7439,blr,2005,0.39752
7439,blr,2006,0.589572
7439,blr,2007,0.416364
7439,blr,2008,0.454304
7439,blr,2009,0.430535
7439,blr,2010,0.482349
7439,blr,2011,0.46714
7439,blr,2012,0.429576
7439,blr,2013,0.383507
7439,blr,2014,0.468571
7439,blr,2015,0.481733
7439,blr,2016,0.410102
7439,est,1992,0.696189
7439,est,1993,0.773008
7439,est,1994,0.688938
7439,est,1995,0.568329
7439,est,1996,0.64382
7439,est,1997,0.605469
7439,est,1998,0.589784
7439,est,1999,0.603152
7439,est,2000,0.551186
7439,est,2001,0
7439,est,2002,0.563452
7439,est,2003,0.509335
7439,est,2004,0.538759
7439,est,2005,0.406599
7439,est,2006,0.572921
7439,est,2007,0.420835
7439,est,2008,0.439251
7439,est,2009,0.432954
7439,est,2010,0.478015
7439,est,2011,0.421179
7439,est,2012,0.428703
7439,est,2013,0
7439,est,2014,0
7439,est,2015,0
7439,est,2016,0
7439,fsm,1992,0.712551
7439,fsm,1993,0.780762
7439,fsm,1994,0.690212
7439,fsm,1995,0.605904
7439,fsm,1996,0.699028
7439,fsm,1997,0.631219
7439,fsm,1998,0.660858
7439,fsm,1999,0.636641
7439,fsm,2000,0.58428
7439,fsm,2001,0.587708
7439,fsm,2002,0.608497
7439,fsm,2003,0.574288
7439,fsm,2004,0.627059
7439,fsm,2005,0.496796
7439,fsm,2006,0.699775
7439,fsm,2007,0.507493
7439,fsm,2008,0.543373
7439,fsm,2009,0.519613
7439,fsm,2010,0.562315
7439,fsm,2011,0.534575
7439,fsm,2012,0.53248
7439,fsm,2013,0.505598
7439,fsm,2014,0.525684
7439,fsm,2015,0.526221
7439,fsm,2016,0.463756
7439,geo,1992,0.695599
7439,geo,1993,0.767328
7439,geo,1994,0.681172
7439,geo,1995,0.558111
7439,geo,1996,0.674949
7439,geo,1997,0.611294
7439,geo,1998,0.642017
7439,geo,1999,0.615435
7439,geo,2000,0.552909
7439,geo,2001,0.584072
7439,geo,2002,0.606215
7439,geo,2003,0.58105
7439,geo,2004,0.628177
7439,geo,2005,0.516451
7439,geo,2006,0.693917
7439,geo,2007,0.552094
7439,geo,2008,0.57687
7439,geo,2009,0.537598
7439,geo,2010,0.594328
7439,geo,2011,0.541595
7439,geo,2012,0.56015
7439,geo,2013,0.527008
7439,geo,2014,0.552687
7439,geo,2015,0.547833
7439,geo,2016,0.50233
7439,hrv,1992,0.632138
7439,hrv,1993,0.711584
7439,hrv,1994,0.639403
7439,hrv,1995,0.536431
7439,hrv,1996,0.618706
7439,hrv,1997,0.567427
7439,hrv,1998,0.588492
7439,hrv,1999,0.579292
7439,hrv,2000,0.526325
7439,hrv,2001,0.51947
7439,hrv,2002,0.53787
7439,hrv,2003,0.497971
7439,hrv,2004,0.527862
7439,hrv,2005,0.400733
7439,hrv,2006,0.553906
7439,hrv,2007,0.37563
7439,hrv,2008,0.418222
7439,hrv,2009,0.385884
7439,hrv,2010,0.446968
7439,hrv,2011,0
7439,hrv,2012,0.415116
7439,hrv,2013,0.39871
7439,hrv,2014,0.418865
7439,hrv,2015,0.446045
7439,hrv,2016,0.378837
7439,kaz,1992,0.721564
7439,kaz,1993,0.790465
7439,kaz,1994,0.712869
7439,kaz,1995,0.600406
7439,kaz,1996,0.679976
7439,kaz,1997,0.643941
7439,kaz,1998,0.682592
7439,kaz,1999,0.667347
7439,kaz,2000,0.61089
7439,kaz,2001,0.621886
7439,kaz,2002,0.633478
7439,kaz,2003,0.600345
7439,kaz,2004,0.66366
7439,kaz,2005,0.524145
7439,kaz,2006,0.708192
7439,kaz,2007,0.544501
7439,kaz,2008,0.581106
7439,kaz,2009,0.551955
7439,kaz,2010,0.596098
7439,kaz,2011,0.562876
7439,kaz,2012,0.551025
7439,kaz,2013,0.544645
7439,kaz,2014,0.550977
7439,kaz,2015,0.558189
7439,kaz,2016,0.502223
7439,kgz,1992,0.698015
7439,kgz,1993,0.768818
7439,kgz,1994,0.707502
7439,kgz,1995,0.580698
7439,kgz,1996,0.667203
7439,kgz,1997,0.629647
7439,kgz,1998,0.654648
7439,kgz,1999,0.646993
7439,kgz,2000,0.580854
7439,kgz,2001,0.617997
7439,kgz,2002,0.634244
7439,kgz,2003,0.61202
7439,kgz,2004,0.665758
7439,kgz,2005,0.545612
7439,kgz,2006,0.711242
7439,kgz,2007,0.549287
7439,kgz,2008,0.574703
7439,kgz,2009,0.541367
7439,kgz,2010,0.609778
7439,kgz,2011,0.577513
7439,kgz,2012,0.543908
7439,kgz,2013,0.50409
7439,kgz,2014,0.557476
7439,kgz,2015,0.541237
7439,kgz,2016,0.463007
7439,ltu,1992,0.651741
7439,ltu,1993,0.789806
7439,ltu,1994,0.677065
7439,ltu,1995,0.592303
7439,ltu,1996,0.66732
7439,ltu,1997,0.619306
7439,ltu,1998,0.645059
7439,ltu,1999,0.636339
7439,ltu,2000,0.565379
7439,ltu,2001,0.573432
7439,ltu,2002,0.605432
7439,ltu,2003,0.573436
7439,ltu,2004,0.600628
7439,ltu,2005,0.453258
7439,ltu,2006,0.630787
7439,ltu,2007,0.450114
7439,ltu,2008,0.478707
7439,ltu,2009,0.473118
7439,ltu,2010,0.486961
7439,ltu,2011,0.419629
7439,ltu,2012,0.429845
7439,ltu,2013,0.393063
7439,ltu,2014,0.411916
7439,ltu,2015,0.43893
7439,ltu,2016,0.399084
7439,lva,1992,0.706423
7439,lva,1993,0.797708
7439,lva,1994,0.703919
7439,lva,1995,0.597178
7439,lva,1996,0.692512
7439,lva,1997,0.620787
7439,lva,1998,0.6466
7439,lva,1999,0.626017
7439,lva,2000,0.539248
7439,lva,2001,0.556115
7439,lva,2002,0.56701
7439,lva,2003,0.524237
7439,lva,2004,0.574882
7439,lva,2005,0.441888
7439,lva,2006,0.628458
7439,lva,2007,0.447488
7439,lva,2008,0.475494
7439,lva,2009,0.446088
7439,lva,2010,0.510923
7439,lva,2011,0.458074
7439,lva,2012,0.466901
7439,lva,2013,0.437484
7439,lva,2014,0.476215
7439,lva,2015,0.484049
7439,lva,2016,0.432153
7439,mda,1992,0.687204
7439,mda,1993,0.758275
7439,mda,1994,0.690505
7439,mda,1995,0.597136
7439,mda,1996,0.69478
7439,mda,1997,0.629196
7439,mda,1998,0.668538
7439,mda,1999,0.636957
7439,mda,2000,0.583676
7439,mda,2001,0.587629
7439,mda,2002,0.621286
7439,mda,2003,0.58057
7439,mda,2004,0.639462
7439,mda,2005,0.516658
7439,mda,2006,0.687773
7439,mda,2007,0.529147
7439,mda,2008,0.573092
7439,mda,2009,0.529546
7439,mda,2010,0.581881
7439,mda,2011,0.546021
7439,mda,2012,0.544007
7439,mda,2013,0.511932
7439,mda,2014,0.558449
7439,mda,2015,0.561066
7439,mda,2016,0.510239
7439,mhl,1992,0.704112
7439,mhl,1993,0.773393
7439,mhl,1994,0.692184
7439,mhl,1995,0.592894
7439,mhl,1996,0.678702
7439,mhl,1997,0.624161
7439,mhl,1998,0.652535
7439,mhl,1999,0.631835
7439,mhl,2000,0.570039
7439,mhl,2001,0.58521
7439,mhl,2002,0.595219
7439,mhl,2003,0.575203
7439,mhl,2004,0.62217
7439,mhl,2005,0.493326
7439,mhl,2006,0.697901
7439,mhl,2007,0.514938
7439,mhl,2008,0.542341
7439,mhl,2009,0.519011
7439,mhl,2010,0.563593
7439,mhl,2011,0.531081
7439,mhl,2012,0.532459
7439,mhl,2013,0.511221
7439,mhl,2014,0.531675
7439,mhl,2015,0.531594
7439,mhl,2016,0.456534
7439,mnp,1992,0.688056
7439,mnp,1993,0.742364
7439,mnp,1994,0.683104
7439,mnp,1995,0.588218
7439,mnp,1996,0.679873
7439,mnp,1997,0.628971
7439,mnp,1998,0.645373
7439,mnp,1999,0.637741
7439,mnp,2000,0.559808
7439,mnp,2001,0.580079
7439,mnp,2002,0.580047
7439,mnp,2003,0.579684
7439,mnp,2004,0.626161
7439,mnp,2005,0.493603
7439,mnp,2006,0.673491
7439,mnp,2007,0.51732
7439,mnp,2008,0.529644
7439,mnp,2009,0.468325
7439,mnp,2010,0.517852
7439,mnp,2011,0.49711
7439,mnp,2012,0.484145
7439,mnp,2013,0.472485
7439,mnp,2014,0
7439,mnp,2015,0.490287
7439,mnp,2016,0.433002
7439,plw,1992,0.705048
7439,plw,1993,0.778981
7439,plw,1994,0.691569
7439,plw,1995,0.594734
7439,plw,1996,0.683474
7439,plw,1997,0.632756
7439,plw,1998,0.668072
7439,plw,1999,0.638345
7439,plw,2000,0.58403
7439,plw,2001,0.584051
7439,plw,2002,0.613157
7439,plw,2003,0.570895
7439,plw,2004,0.621291
7439,plw,2005,0.480601
7439,plw,2006,0.698594
7439,plw,2007,0.516798
7439,plw,2008,0.538561
7439,plw,2009,0.505868
7439,plw,2010,0.569321
7439,plw,2011,0.524159
7439,plw,2012,0.531018
7439,plw,2013,0.493802
7439,plw,2014,0.527837
7439,plw,2015,0.522985
7439,plw,2016,0.464917
7439,rus,1992,0.720978
7439,rus,1993,0.78562
7439,rus,1994,0.708906
7439,rus,1995,0.602502
7439,rus,1996,0.67786
7439,rus,1997,0.62385
7439,rus,1998,0.634596
7439,rus,1999,0.622797
7439,rus,2000,0.552543
7439,rus,2001,0.581422
7439,rus,2002,0.588704
7439,rus,2003,0.54143
7439,rus,2004,0.615012
7439,rus,2005,0.471111
7439,rus,2006,0.677792
7439,rus,2007,0.507437
7439,rus,2008,0.547445
7439,rus,2009,0.527853
7439,rus,2010,0.555218
7439,rus,2011,0.541128
7439,rus,2012,0.546641
7439,rus,2013,0.518382
7439,rus,2014,0.532079
7439,rus,2015,0.539154
7439,rus,2016,0.47735
7439,scg,1992,0.5865
7439,scg,1993,0.647645
7439,scg,1994,0.61552
7439,scg,1995,0.548889
7439,scg,1996,0.651996
7439,scg,1997,0.600783
7439,scg,1998,0.598514
7439,scg,1999,0.578795
7439,scg,2000,0.530741
7439,scg,2001,0.538498
7439,scg,2002,0.545965
7439,scg,2003,0.529266
7439,scg,2004,0.541236
7439,scg,2005,0.435227
7439,scg,2006,0.613766
7439,svn,1992,0.501287
7439,svn,1993,0.584828
7439,svn,1994,0.480374
7439,svn,1995,0.397854
7439,svn,1996,0.426864
7439,svn,1997,0.391158
7439,svn,1998,0.429172
7439,svn,1999,0.402589
7439,svn,2000,0.352166
7439,svn,2001,0.360422
7439,svn,2002,0.383625
7439,svn,2003,0.307648
7439,svn,2004,0.354344
7439,svn,2005,0.242796
7439,svn,2006,0
7439,svn,2007,0
7439,svn,2008,0.271264
7439,svn,2009,0.260945
7439,svn,2010,0
7439,svn,2011,0.286177
7439,svn,2012,0
7439,svn,2013,0.249698
7439,svn,2014,0
7439,svn,2015,0.289063
7439,svn,2016,0.237407
7439,tjk,1992,0.706288
7439,tjk,1993,0.78257
7439,tjk,1994,0.696213
7439,tjk,1995,0.610306
7439,tjk,1996,0.688673
7439,tjk,1997,0.632041
7439,tjk,1998,0.673144
7439,tjk,1999,0.652948
7439,tjk,2000,0.604891
7439,tjk,2001,0.603585
7439,tjk,2002,0.637936
7439,tjk,2003,0.59672
7439,tjk,2004,0.641219
7439,tjk,2005,0.521006
7439,tjk,2006,0.71559
7439,tjk,2007,0.546389
7439,tjk,2008,0.580367
7439,tjk,2009,0.546997
7439,tjk,2010,0.593204
7439,tjk,2011,0.558279
7439,tjk,2012,0.566839
7439,tjk,2013,0.539377
7439,tjk,2014,0.553828
7439,tjk,2015,0.559813
7439,tjk,2016,0.501624
7439,tkm,1992,0.707584
7439,tkm,1993,0.781353
7439,tkm,1994,0.701791
7439,tkm,1995,0.611062
7439,tkm,1996,0.705476
7439,tkm,1997,0.64231
7439,tkm,1998,0.682003
7439,tkm,1999,0.657516
7439,tkm,2000,0.601248
7439,tkm,2001,0.601722
7439,tkm,2002,0.625071
7439,tkm,2003,0.585242
7439,tkm,2004,0.639636
7439,tkm,2005,0.513045
7439,tkm,2006,0.710051
7439,tkm,2007,0.534649
7439,tkm,2008,0.559747
7439,tkm,2009,0.538859
7439,tkm,2010,0.58626
7439,tkm,2011,0.550554
7439,tkm,2012,0.54411
7439,tkm,2013,0.522737
7439,tkm,2014,0.541027
7439,tkm,2015,0.544688
7439,tkm,2016,0.487774
7439,ukr,1992,0.688281
7439,ukr,1993,0.774385
7439,ukr,1994,0.706531
7439,ukr,1995,0.615653
7439,ukr,1996,0.637915
7439,ukr,1997,0.586318
7439,ukr,1998,0.611111
7439,ukr,1999,0.627001
7439,ukr,2000,0.551144
7439,ukr,2001,0.533262
7439,ukr,2002,0.563953
7439,ukr,2003,0.50047
7439,ukr,2004,0.579144
7439,ukr,2005,0.461838
7439,ukr,2006,0.630455
7439,ukr,2007,0.465511
7439,ukr,2008,0.517961
7439,ukr,2009,0.48246
7439,ukr,2010,0.541098
7439,ukr,2011,0.503431
7439,ukr,2012,0.505461
7439,ukr,2013,0.472389
7439,ukr,2014,0.49999
7439,ukr,2015,0.522039
7439,ukr,2016,0.481996
7439,umi,1992,0.709283
7439,umi,2000,0.551604
7439,umi,2001,0.558847
7439,umi,2002,0
7439,umi,2003,0.539977
7439,umi,2004,0.574395
7439,umi,2005,0.457088
7439,umi,2006,0.686809
7439,umi,2007,0.456183
7439,umi,2008,0.448077
7439,umi,2009,0.474806
7439,umi,2010,0.536192
7439,umi,2011,0.499485
7439,umi,2012,0.4658
7439,umi,2013,0
7439,umi,2014,0.402364
7439,umi,2015,0.475519
7439,umi,2016,0.358404
7439,uzb,1992,0.71292
7439,uzb,1993,0.78765
7439,uzb,1994,0.707094
7439,uzb,1995,0.623888
7439,uzb,1996,0.710843
7439,uzb,1997,0.641271
7439,uzb,1998,0.676787
7439,uzb,1999,0.650847
7439,uzb,2000,0.616341
7439,uzb,2001,0.61126
7439,uzb,2002,0.641076
7439,uzb,2003,0.59861
7439,uzb,2004,0.646451
7439,uzb,2005,0.525131
7439,uzb,2006,0.71277
7439,uzb,2007,0.539515
7439,uzb,2008,0.576121
7439,uzb,2009,0.544027
7439,uzb,2010,0.586334
7439,uzb,2011,0.567159
7439,uzb,2012,0.558109
7439,uzb,2013,0.53874
7439,uzb,2014,0.550241
7439,uzb,2015,0.569361
7439,uzb,2016,0.512299
7439,cze,1993,0.519906
7439,cze,1994,0.429641
7439,cze,1995,0.345413
7439,cze,1996,0
7439,cze,1997,0
7439,cze,1998,0
7439,cze,1999,0
7439,cze,2000,0
7439,cze,2001,0
7439,cze,2002,0
7439,cze,2003,0
7439,cze,2004,0
7439,cze,2005,0
7439,cze,2006,0
7439,cze,2007,0
7439,cze,2008,0
7439,cze,2009,0
7439,cze,2010,0
7439,cze,2011,0
7439,cze,2012,0
7439,cze,2013,0
7439,cze,2014,0
7439,cze,2015,0
7439,cze,2016,0
7439,eri,1993,0.773764
7439,eri,1994,0.69628
7439,eri,1995,0.588274
7439,eri,1996,0.676608
7439,eri,1997,0.630575
7439,eri,1998,0.630653
7439,eri,1999,0.604731
7439,eri,2000,0.562724
7439,eri,2001,0.566629
7439,eri,2002,0.543685
7439,eri,2003,0.529484
7439,eri,2004,0.561895
7439,eri,2005,0.485246
7439,eri,2006,0.634682
7439,eri,2007,0.520036
7439,eri,2008,0.529844
7439,eri,2009,0.478346
7439,eri,2010,0.544466
7439,eri,2011,0.538396
7439,eri,2012,0.543707
7439,eri,2013,0.507721
7439,eri,2014,0.535715
7439,eri,2015,0.533934
7439,eri,2016,0.468732
7439,mkd,1993,0.75402
7439,mkd,1994,0.686538
7439,mkd,1995,0.594867
7439,mkd,1996,0.685365
7439,mkd,1997,0.636818
7439,mkd,1998,0.676488
7439,mkd,1999,0.642151
7439,mkd,2000,0.583256
7439,mkd,2001,0.596565
7439,mkd,2002,0.640628
7439,mkd,2003,0.604483
7439,mkd,2004,0.647307
7439,mkd,2005,0.528869
7439,mkd,2006,0.713866
7439,mkd,2007,0.557393
7439,mkd,2008,0.572417
7439,mkd,2009,0.554015
7439,mkd,2010,0.589624
7439,mkd,2011,0.563833
7439,mkd,2012,0.557522
7439,mkd,2013,0.535679
7439,mkd,2014,0.556445
7439,mkd,2015,0.555329
7439,mkd,2016,0.492563
7439,svk,1993,0.633565
7439,svk,1994,0.563178
7439,svk,1995,0.453144
7439,svk,1996,0.53083
7439,svk,1997,0.474938
7439,svk,1998,0.497707
7439,svk,1999,0.493236
7439,svk,2000,0.43382
7439,svk,2001,0.433926
7439,svk,2002,0.4715
7439,svk,2003,0.420302
7439,svk,2004,0.48182
7439,svk,2005,0.341065
7439,svk,2006,0.48396
7439,svk,2007,0.306261
7439,svk,2008,0.347244
7439,svk,2009,0.336803
7439,svk,2010,0.389163
7439,svk,2011,0.342321
7439,svk,2012,0.373771
7439,svk,2013,0.322097
7439,svk,2014,0.344152
7439,svk,2015,0
7439,svk,2016,0
7439,lux,1999,0.492798
7439,lux,2000,0.459895
7439,lux,2001,0.45741
7439,lux,2002,0.482031
7439,lux,2003,0.453116
7439,lux,2004,0.504516
7439,lux,2005,0.364821
7439,lux,2006,0.557588
7439,lux,2007,0.404672
7439,lux,2008,0.416843
7439,lux,2009,0.418766
7439,lux,2010,0.439478
7439,lux,2011,0.402228
7439,lux,2012,0.408819
7439,lux,2013,0.401951
7439,lux,2014,0.420593
7439,lux,2015,0.406034
7439,lux,2016,0.347796
7439,asm,2000,0.504662
7439,asm,2001,0.513831
7439,asm,2002,0.546548
7439,asm,2003,0.51247
7439,asm,2004,0.547655
7439,asm,2005,0.383924
7439,asm,2006,0.676903
7439,asm,2007,0.479564
7439,asm,2008,0.504663
7439,asm,2009,0.435481
7439,asm,2010,0.504171
7439,asm,2011,0.502251
7439,asm,2012,0.477819
7439,asm,2013,0.489438
7439,asm,2014,0.472911
7439,asm,2015,0.493011
7439,asm,2016,0.449205
7439,ata,2000,0.536527
7439,ata,2001,0.570313
7439,ata,2002,0
7439,ata,2003,0.542052
7439,ata,2004,0.597019
7439,ata,2005,0.46815
7439,ata,2006,0.64369
7439,ata,2007,0.472499
7439,ata,2008,0.507141
7439,ata,2009,0.462905
7439,ata,2010,0.525105
7439,ata,2011,0.472105
7439,ata,2012,0.457072
7439,ata,2013,0.482306
7439,ata,2014,0
7439,ata,2015,0.471709
7439,ata,2016,0.427811
7439,bvt,2000,0.573785
7439,bvt,2001,0.573914
7439,bvt,2002,0.589378
7439,bvt,2003,0.551567
7439,bvt,2004,0.604098
7439,bvt,2005,0.46168
7439,bvt,2006,0.683762
7439,bvt,2007,0.486655
7439,bvt,2008,0.51746
7439,bvt,2009,0.487013
7439,bvt,2010,0.553132
7439,bvt,2011,0.509783
7439,bvt,2012,0
7439,bvt,2013,0
7439,bvt,2014,0.523998
7439,bvt,2015,0.518514
7439,bvt,2016,0.447573
7439,bwa,2000,0.593006
7439,bwa,2001,0.598754
7439,bwa,2002,0.618259
7439,bwa,2003,0.577086
7439,bwa,2004,0.638923
7439,bwa,2005,0.509924
7439,bwa,2006,0.718108
7439,bwa,2007,0.539996
7439,bwa,2008,0.561629
7439,bwa,2009,0.508244
7439,bwa,2010,0.583008
7439,bwa,2011,0.540216
7439,bwa,2012,0.551092
7439,bwa,2013,0.517905
7439,bwa,2014,0.54137
7439,bwa,2015,0.540307
7439,bwa,2016,0.481773
7439,gum,2000,0.575988
7439,gum,2001,0.581769
7439,gum,2002,0.608842
7439,gum,2003,0
7439,gum,2004,0
7439,gum,2005,0.478838
7439,gum,2006,0.633983
7439,gum,2007,0.501861
7439,gum,2008,0.527451
7439,gum,2009,0
7439,gum,2010,0.53753
7439,gum,2011,0.444681
7439,gum,2012,0.453323
7439,gum,2013,0.481042
7439,gum,2014,0.49183
7439,gum,2015,0.475186
7439,gum,2016,0.40336
7439,hmd,2000,0.545501
7439,hmd,2001,0.566399
7439,hmd,2002,0.597311
7439,hmd,2003,0.567273
7439,hmd,2004,0.620208
7439,hmd,2005,0.485641
7439,hmd,2006,0.668125
7439,hmd,2007,0.487753
7439,hmd,2008,0.52468
7439,hmd,2009,0.481648
7439,hmd,2010,0.512835
7439,hmd,2011,0.495377
7439,hmd,2012,0.503206
7439,hmd,2013,0.491508
7439,hmd,2014,0.500968
7439,hmd,2015,0.516572
7439,hmd,2016,0.447736
7439,lso,2000,0.574712
7439,lso,2001,0.587871
7439,lso,2002,0.615833
7439,lso,2003,0.576919
7439,lso,2004,0.629413
7439,lso,2005,0.49835
7439,lso,2006,0.692717
7439,lso,2007,0.517472
7439,lso,2008,0.550532
7439,lso,2009,0.523502
7439,lso,2010,0.585505
7439,lso,2011,0.553736
7439,lso,2012,0.554699
7439,lso,2013,0.530995
7439,lso,2014,0.54263
7439,lso,2015,0.550766
7439,lso,2016,0.494836
7439,myt,2000,0.545063
7439,myt,2001,0.503335
7439,myt,2002,0.586578
7439,myt,2003,0.539083
7439,myt,2004,0.557927
7439,myt,2005,0.431545
7439,myt,2006,0.615418
7439,myt,2007,0.465255
7439,myt,2008,0.503211
7439,myt,2009,0.46004
7439,myt,2010,0.506574
7439,myt,2011,0.499336
7439,myt,2012,0.518675
7439,myt,2013,0.504726
7439,nam,2000,0.617644
7439,nam,2001,0.615189
7439,nam,2002,0.634555
7439,nam,2003,0.594197
7439,nam,2004,0.669733
7439,nam,2005,0.548984
7439,nam,2006,0.732351
7439,nam,2007,0.559922
7439,nam,2008,0.574391
7439,nam,2009,0.551008
7439,nam,2010,0.610239
7439,nam,2011,0.57145
7439,nam,2012,0.575863
7439,nam,2013,0.538717
7439,nam,2014,0.568477
7439,nam,2015,0.558683
7439,nam,2016,0.503519
7439,pse,2000,0.454192
7439,pse,2001,0.498205
7439,pse,2002,0.570138
7439,pse,2003,0.533802
7439,pse,2004,0.608901
7439,pse,2005,0.489126
7439,pse,2006,0.672076
7439,pse,2007,0.520723
7439,pse,2008,0.540637
7439,pse,2009,0.497473
7439,pse,2010,0.531584
7439,pse,2011,0.515516
7439,pse,2012,0.538477
7439,pse,2013,0.511861
7439,pse,2014,0.518652
7439,pse,2015,0.528155
7439,pse,2016,0.476122
7439,sgs,2000,0.568989
7439,sgs,2001,0.571782
7439,sgs,2002,0.581923
7439,sgs,2003,0.538693
7439,sgs,2004,0.614802
7439,sgs,2005,0.484489
7439,sgs,2006,0.671037
7439,sgs,2007,0.51029
7439,sgs,2008,0.521423
7439,sgs,2009,0.512069
7439,sgs,2010,0.55142
7439,sgs,2011,0.503657
7439,sgs,2012,0.50385
7439,sgs,2013,0.48873
7439,sgs,2014,0.499156
7439,sgs,2015,0.507431
7439,sgs,2016,0.435316
7439,smr,2000,0.490929
7439,smr,2001,0.497485
7439,smr,2002,0.517959
7439,smr,2003,0.498953
7439,smr,2004,0.518049
7439,smr,2005,0.40663
7439,smr,2006,0.580526
7439,smr,2007,0.410956
7439,smr,2008,0.437944
7439,smr,2009,0.440628
7439,smr,2010,0.486811
7439,smr,2011,0.431226
7439,smr,2012,0.455567
7439,smr,2013,0
7439,smr,2014,0
7439,smr,2015,0.454611
7439,smr,2016,0.404119
7439,swz,2000,0.547851
7439,swz,2001,0.502558
7439,swz,2002,0.554503
7439,swz,2003,0.506281
7439,swz,2004,0.551283
7439,swz,2005,0.44974
7439,swz,2006,0.551718
7439,swz,2007,0.434278
7439,swz,2008,0.463448
7439,swz,2009,0.450094
7439,swz,2010,0
7439,swz,2011,0.51537
7439,swz,2012,0.53123
7439,swz,2013,0.509959
7439,swz,2014,0.500719
7439,swz,2015,0.50918
7439,swz,2016,0.464228
7439,vat,2000,0.557987
7439,vat,2001,0.570993
7439,vat,2002,0.576787
7439,vat,2003,0.543918
7439,vat,2004,0.579278
7439,vat,2005,0.451455
7439,vat,2006,0.646653
7439,vat,2007,0
7439,vat,2008,0.495982
7439,vat,2009,0.489053
7439,vat,2010,0.49135
7439,vat,2011,0.474745
7439,vat,2012,0.473891
7439,vat,2013,0.436378
7439,vat,2014,0.458867
7439,vat,2015,0.493498
7439,vat,2016,0
7439,srb,2005,0
7439,srb,2006,0.615602
7439,srb,2007,0.435865
7439,srb,2008,0.495286
7439,srb,2009,0.461054
7439,srb,2010,0.518258
7439,srb,2011,0.492634
7439,srb,2012,0.485063
7439,srb,2013,0.474989
7439,srb,2014,0.495563
7439,srb,2015,0.494001
7439,srb,2016,0.42461
7439,mne,2006,0.689182
7439,mne,2007,0.514303
7439,mne,2008,0.537332
7439,mne,2009,0.499137
7439,mne,2010,0.563331
7439,mne,2011,0.524193
7439,mne,2012,0.537434
7439,mne,2013,0.513547
7439,mne,2014,0.54171
7439,mne,2015,0.537944
7439,mne,2016,0.47554
7439,bes,2011,0.505507
7439,bes,2012,0.512925
7439,bes,2013,0.470018
7439,bes,2014,0.513919
7439,bes,2015,0.491298
7439,bes,2016,0.450577
7439,cuw,2011,0.521016
7439,cuw,2012,0.521128
7439,cuw,2013,0.500881
7439,cuw,2014,0.532421
7439,cuw,2015,0.526889
7439,cuw,2016,0.471181
7439,sxm,2011,0.509851
7439,sxm,2012,0.501922
7439,sxm,2013,0.485125
7439,sxm,2014,0.515845
7439,sxm,2015,0.490704
7439,sxm,2016,0.424115
7439,ssd,2012,0.531888
7439,ssd,2013,0.504503
7439,ssd,2014,0.52449
7439,ssd,2015,0.529262
7439,ssd,2016,0.469932
7439,blm,2013,0.466705
7439,blm,2014,0.514252
7439,blm,2015,0.516195
7439,blm,2016,0.428968
7439,pcz,1962,0.529147
7439,pcz,1963,0.483544
7439,pcz,1964,0.37803
7439,pcz,1965,0.585339
7439,pcz,1966,0.585254
7439,pcz,1967,0.637099
7439,pcz,1968,0.604637
7439,pcz,1969,0.599388
7439,pcz,1970,0
7439,pcz,1971,0.676794
7439,pcz,1972,0.69218
7439,pcz,1973,0.64197
7439,pcz,1974,0.583001
7439,pcz,1975,0.570557
7439,pcz,1976,0.611282
7439,pcz,1977,0.587924
7439,vdr,1962,0.574829
7439,vdr,1963,0.535849
7439,vdr,1964,0.451909
7439,vdr,1965,0.642727
7439,vdr,1966,0.651239
7439,vdr,1967,0.690406
7439,vdr,1968,0.62953
7439,vdr,1969,0.708095
7439,vdr,1970,0.715611
7439,vdr,1971,0.728647
7439,vdr,1972,0.740266
7439,vdr,1973,0.731915
7439,vdr,1974,0.604205
7439,vir,1962,0
7439,vir,1963,0.505286
7439,vir,1964,0.410128
7439,vir,1965,0
7439,vir,1966,0.642281
7439,vir,1967,0
7439,vir,1968,0
7439,vir,1969,0.697954
7439,vir,1970,0.693856
7439,vir,1971,0.717316
7439,vir,1972,0.707423
7439,vir,1973,0.712638
7439,vir,1974,0.57314
7439,vir,1975,0.566996
7439,vir,1976,0.65251
7439,vir,1977,0.613191
7439,vir,1978,0.405847
7439,vir,1979,0.41664
7439,vir,1980,0.358467
