product_code_sitc,location,year,cog
6576,abw,1988,-0.393143
6576,abw,1989,-0.314546
6576,abw,1990,-0.405919
6576,abw,1991,-0.505323
6576,abw,1992,-0.408462
6576,abw,1993,-0.381412
6576,abw,1994,-0.355795
6576,abw,1995,-0.397745
6576,abw,1996,-0.372935
6576,abw,1997,-0.201955
6576,abw,1998,-0.257744
6576,abw,1999,-0.289005
6576,abw,2000,-0.212582
6576,abw,2001,-0.234818
6576,abw,2002,-0.325595
6576,abw,2003,-0.238333
6576,abw,2004,-0.295957
6576,abw,2005,-0.144478
6576,abw,2006,-0.17191
6576,abw,2007,-0.140943
6576,abw,2008,0
6576,abw,2009,-0.20123
6576,abw,2010,-0.133987
6576,abw,2011,-0.05963
6576,abw,2012,-0.070048
6576,abw,2013,-0.122032
6576,abw,2014,-0.100101
6576,abw,2015,-0.112452
6576,abw,2016,-0.0572
6576,afg,1988,-0.345035
6576,afg,1989,-0.288281
6576,afg,1990,-0.373308
6576,afg,1991,-0.425369
6576,afg,1992,-0.343303
6576,afg,1993,-0.300928
6576,afg,1994,-0.312889
6576,afg,1995,-0.313968
6576,afg,1996,-0.307498
6576,afg,1997,-0.153591
6576,afg,1998,-0.205704
6576,afg,1999,-0.237853
6576,afg,2000,-0.166811
6576,afg,2001,-0.186341
6576,afg,2002,-0.246325
6576,afg,2003,-0.162341
6576,afg,2004,-0.229384
6576,afg,2005,-0.074295
6576,afg,2006,-0.112981
6576,afg,2007,-0.08044
6576,afg,2008,-0.16361
6576,afg,2009,-0.163568
6576,afg,2010,-0.06152
6576,afg,2011,-0.014461
6576,afg,2012,-0.031723
6576,afg,2013,-0.069211
6576,afg,2014,-0.047725
6576,afg,2015,-0.044885
6576,afg,2016,-0.003154
6576,afg,1962,0.001349
6576,afg,1963,-0.049825
6576,afg,1964,0.039649
6576,afg,1965,-0.084551
6576,afg,1966,-0.122801
6576,afg,1967,-0.080429
6576,afg,1968,-0.12694
6576,afg,1969,-0.058524
6576,afg,1970,-0.011815
6576,afg,1971,-0.211404
6576,afg,1972,-0.244687
6576,afg,1973,-0.234633
6576,afg,1974,-0.258014
6576,afg,1975,-0.253292
6576,afg,1976,-0.299143
6576,afg,1977,-0.253182
6576,afg,1978,-0.267109
6576,afg,1979,-0.180339
6576,afg,1980,-0.272014
6576,afg,1981,-0.293273
6576,afg,1982,-0.215872
6576,afg,1983,-0.300114
6576,afg,1984,-0.321952
6576,afg,1985,-0.421366
6576,afg,1986,-0.290864
6576,afg,1987,-0.397724
6576,ago,1988,-0.382069
6576,ago,1989,-0.323447
6576,ago,1990,-0.420994
6576,ago,1991,-0.50877
6576,ago,1992,-0.416163
6576,ago,1993,-0.385149
6576,ago,1994,-0.359032
6576,ago,1995,-0.401496
6576,ago,1996,-0.37877
6576,ago,1997,-0.207358
6576,ago,1998,-0.256187
6576,ago,1999,-0.295083
6576,ago,2000,-0.222955
6576,ago,2001,-0.253405
6576,ago,2002,-0.339803
6576,ago,2003,-0.245447
6576,ago,2004,-0.313729
6576,ago,2005,-0.147343
6576,ago,2006,-0.175342
6576,ago,2007,-0.138629
6576,ago,2008,-0.207501
6576,ago,2009,-0.190784
6576,ago,2010,-0.109117
6576,ago,2011,-0.058875
6576,ago,2012,-0.067534
6576,ago,2013,-0.120028
6576,ago,2014,-0.101511
6576,ago,2015,-0.108482
6576,ago,2016,-0.057329
6576,ago,1962,0.070096
6576,ago,1963,0.020904
6576,ago,1964,0.074384
6576,ago,1965,-0.019445
6576,ago,1966,-0.037828
6576,ago,1967,0.003972
6576,ago,1968,-0.03081
6576,ago,1969,0.038614
6576,ago,1970,0.042122
6576,ago,1971,-0.10233
6576,ago,1972,-0.159886
6576,ago,1973,-0.170574
6576,ago,1974,-0.15469
6576,ago,1975,-0.179459
6576,ago,1976,-0.335242
6576,ago,1977,-0.309132
6576,ago,1978,-0.280355
6576,ago,1979,-0.227294
6576,ago,1980,-0.298017
6576,ago,1981,-0.339988
6576,ago,1982,-0.233772
6576,ago,1983,-0.318394
6576,ago,1984,-0.369625
6576,ago,1985,-0.462588
6576,ago,1986,-0.322233
6576,ago,1987,-0.45231
6576,aia,1988,-0.367818
6576,aia,1989,-0.33754
6576,aia,1990,-0.396986
6576,aia,1991,-0.503282
6576,aia,1992,-0.413826
6576,aia,1993,-0.382488
6576,aia,1994,-0.363295
6576,aia,1995,-0.389452
6576,aia,1996,-0.364219
6576,aia,1997,-0.217604
6576,aia,1998,-0.264554
6576,aia,1999,-0.28772
6576,aia,2000,-0.230183
6576,aia,2001,-0.265246
6576,aia,2002,-0.351963
6576,aia,2003,-0.247471
6576,aia,2004,-0.325345
6576,aia,2005,-0.153037
6576,aia,2006,-0.179875
6576,aia,2007,-0.154996
6576,aia,2008,-0.226441
6576,aia,2009,-0.208174
6576,aia,2010,-0.14129
6576,aia,2011,-0.078054
6576,aia,2012,-0.092756
6576,aia,2013,-0.151156
6576,aia,2014,-0.108204
6576,aia,2015,-0.121496
6576,aia,2016,-0.080564
6576,aia,1981,-0.360139
6576,aia,1982,-0.271771
6576,aia,1983,-0.353862
6576,aia,1984,-0.391153
6576,aia,1985,-0.47672
6576,aia,1986,-0.333795
6576,aia,1987,-0.441885
6576,alb,1988,-0.300563
6576,alb,1989,-0.255109
6576,alb,1990,-0.304118
6576,alb,1991,-0.383386
6576,alb,1992,-0.311411
6576,alb,1993,-0.259786
6576,alb,1994,-0.223604
6576,alb,1995,-0.248781
6576,alb,1996,-0.21199
6576,alb,1997,-0.102461
6576,alb,1998,-0.153445
6576,alb,1999,-0.175855
6576,alb,2000,-0.132738
6576,alb,2001,0
6576,alb,2002,-0.233824
6576,alb,2003,-0.147804
6576,alb,2004,0
6576,alb,2005,-0.033094
6576,alb,2006,-0.071282
6576,alb,2007,0
6576,alb,2008,-0.111113
6576,alb,2009,-0.093812
6576,alb,2010,-0.003559
6576,alb,2011,0.013889
6576,alb,2012,-0.006027
6576,alb,2013,-0.033066
6576,alb,2014,-0.014235
6576,alb,2015,-0.001967
6576,alb,2016,0.009026
6576,alb,1962,-0.023252
6576,alb,1963,-0.052058
6576,alb,1964,0.03012
6576,alb,1965,-0.069022
6576,alb,1966,-0.092862
6576,alb,1967,-0.072902
6576,alb,1968,-0.123234
6576,alb,1969,-0.064047
6576,alb,1970,-0.025508
6576,alb,1971,-0.211199
6576,alb,1972,-0.227631
6576,alb,1973,-0.234784
6576,alb,1974,-0.262756
6576,alb,1975,-0.237547
6576,alb,1976,-0.324837
6576,alb,1977,-0.297365
6576,alb,1978,-0.25728
6576,alb,1979,-0.169964
6576,alb,1980,-0.268532
6576,alb,1981,-0.278287
6576,alb,1982,-0.194487
6576,alb,1983,-0.279067
6576,alb,1984,-0.30949
6576,alb,1985,-0.404492
6576,alb,1986,-0.29582
6576,alb,1987,0
6576,and,1988,-0.35997
6576,and,1989,-0.316481
6576,and,1990,-0.394076
6576,and,1991,-0.46153
6576,and,1992,-0.403774
6576,and,1993,-0.358614
6576,and,1994,-0.350961
6576,and,1995,-0.381748
6576,and,1996,-0.351011
6576,and,1997,-0.183123
6576,and,1998,-0.242395
6576,and,1999,-0.267033
6576,and,2000,-0.220062
6576,and,2001,-0.223684
6576,and,2002,-0.331439
6576,and,2003,-0.242335
6576,and,2004,-0.288311
6576,and,2005,-0.148262
6576,and,2006,-0.17066
6576,and,2007,-0.15497
6576,and,2008,-0.206375
6576,and,2009,-0.199073
6576,and,2010,-0.115797
6576,and,2011,-0.072505
6576,and,2012,-0.079649
6576,and,2013,-0.135406
6576,and,2014,0
6576,and,2015,-0.117641
6576,and,2016,-0.074955
6576,and,1962,-0.058426
6576,and,1964,-0.062423
6576,and,1965,-0.156502
6576,and,1966,-0.208688
6576,and,1967,-0.160723
6576,and,1968,-0.19287
6576,and,1969,-0.12132
6576,and,1970,-0.078276
6576,and,1971,-0.255319
6576,and,1972,-0.342215
6576,and,1973,-0.309432
6576,and,1974,-0.327596
6576,and,1975,-0.325889
6576,and,1976,-0.427289
6576,and,1977,-0.376604
6576,and,1978,-0.312677
6576,and,1979,-0.235486
6576,and,1980,-0.315975
6576,and,1981,-0.339596
6576,and,1982,-0.265933
6576,and,1983,-0.338139
6576,and,1984,-0.361776
6576,and,1985,-0.44481
6576,and,1986,-0.323094
6576,and,1987,-0.436041
6576,ant,1988,-0.371744
6576,ant,1989,-0.309982
6576,ant,1990,-0.417444
6576,ant,1991,-0.498724
6576,ant,1992,-0.404409
6576,ant,1993,-0.364245
6576,ant,1994,-0.341146
6576,ant,1995,-0.369075
6576,ant,1996,-0.35392
6576,ant,1997,-0.187589
6576,ant,1998,-0.242894
6576,ant,1999,-0.273954
6576,ant,2000,0
6576,ant,2001,0
6576,ant,2002,0
6576,ant,2003,0
6576,ant,2004,0
6576,ant,2005,0
6576,ant,2006,0
6576,ant,2007,0
6576,ant,2008,0
6576,ant,2009,-0.189333
6576,ant,2010,-0.094803
6576,ant,1962,-0.045474
6576,ant,1963,-0.110996
6576,ant,1964,-0.019493
6576,ant,1965,-0.137298
6576,ant,1966,-0.161292
6576,ant,1967,-0.13283
6576,ant,1968,-0.182194
6576,ant,1969,-0.110133
6576,ant,1970,-0.090719
6576,ant,1971,-0.267127
6576,ant,1972,-0.304341
6576,ant,1973,-0.315793
6576,ant,1974,-0.331385
6576,ant,1975,-0.327711
6576,ant,1976,-0.39821
6576,ant,1977,-0.373799
6576,ant,1978,-0.313516
6576,ant,1979,-0.243361
6576,ant,1980,-0.319463
6576,ant,1981,-0.348652
6576,ant,1982,-0.269842
6576,ant,1983,-0.343364
6576,ant,1984,-0.377284
6576,ant,1985,-0.450867
6576,ant,1986,-0.327793
6576,ant,1987,-0.45324
6576,are,1988,-0.36731
6576,are,1989,-0.30458
6576,are,1990,-0.396634
6576,are,1991,-0.472306
6576,are,1992,-0.379865
6576,are,1993,-0.334078
6576,are,1994,-0.30753
6576,are,1995,-0.350358
6576,are,1996,-0.318202
6576,are,1997,-0.169474
6576,are,1998,-0.199242
6576,are,1999,-0.221469
6576,are,2000,-0.166905
6576,are,2001,-0.184338
6576,are,2002,-0.259769
6576,are,2003,-0.194462
6576,are,2004,-0.252866
6576,are,2005,-0.104903
6576,are,2006,-0.149833
6576,are,2007,-0.104226
6576,are,2008,-0.183567
6576,are,2009,-0.169995
6576,are,2010,-0.083982
6576,are,2011,-0.032379
6576,are,2012,-0.055903
6576,are,2013,-0.10313
6576,are,2014,-0.082961
6576,are,2015,-0.079452
6576,are,2016,-0.039422
6576,are,1962,-0.053122
6576,are,1963,-0.114583
6576,are,1964,0
6576,are,1967,-0.152184
6576,are,1968,-0.188951
6576,are,1969,-0.072958
6576,are,1970,-0.069004
6576,are,1971,-0.262661
6576,are,1972,-0.313661
6576,are,1973,-0.316134
6576,are,1974,-0.317879
6576,are,1975,-0.337283
6576,are,1976,-0.418369
6576,are,1977,-0.363829
6576,are,1978,-0.311032
6576,are,1979,-0.248946
6576,are,1980,-0.329111
6576,are,1981,-0.34999
6576,are,1982,-0.262144
6576,are,1983,-0.337558
6576,are,1984,-0.377169
6576,are,1985,-0.460878
6576,are,1986,-0.324705
6576,are,1987,-0.444439
6576,arg,1988,-0.249932
6576,arg,1989,-0.220426
6576,arg,1990,-0.267686
6576,arg,1991,-0.348714
6576,arg,1992,-0.291457
6576,arg,1993,-0.265
6576,arg,1994,-0.236088
6576,arg,1995,-0.274002
6576,arg,1996,-0.250269
6576,arg,1997,-0.119756
6576,arg,1998,-0.179647
6576,arg,1999,-0.199836
6576,arg,2000,-0.148296
6576,arg,2001,-0.154774
6576,arg,2002,-0.203926
6576,arg,2003,-0.127325
6576,arg,2004,-0.199132
6576,arg,2005,-0.042032
6576,arg,2006,-0.086355
6576,arg,2007,-0.047919
6576,arg,2008,-0.123313
6576,arg,2009,-0.103566
6576,arg,2010,-0.022793
6576,arg,2011,-0.001522
6576,arg,2012,-0.006644
6576,arg,2013,-0.047663
6576,arg,2014,-0.031482
6576,arg,2015,-0.01354
6576,arg,2016,0.030951
6576,arg,1962,0.057372
6576,arg,1963,-0.013326
6576,arg,1964,0.068589
6576,arg,1965,-0.042195
6576,arg,1966,-0.072932
6576,arg,1967,-0.040771
6576,arg,1968,-0.075452
6576,arg,1969,-0.02188
6576,arg,1970,0.019341
6576,arg,1971,-0.107564
6576,arg,1972,-0.165721
6576,arg,1973,-0.193975
6576,arg,1974,-0.212176
6576,arg,1975,-0.222159
6576,arg,1976,-0.258431
6576,arg,1977,-0.213366
6576,arg,1978,-0.195099
6576,arg,1979,-0.12859
6576,arg,1980,0
6576,arg,1981,-0.249499
6576,arg,1982,-0.142223
6576,arg,1983,-0.21572
6576,arg,1984,-0.264992
6576,arg,1985,-0.320464
6576,arg,1986,-0.237922
6576,arg,1987,-0.322003
6576,atf,1988,-0.392922
6576,atf,1989,-0.334679
6576,atf,1990,-0.438231
6576,atf,1991,-0.508994
6576,atf,1992,-0.427858
6576,atf,1993,-0.388894
6576,atf,1994,-0.374927
6576,atf,1995,-0.406478
6576,atf,1996,-0.379654
6576,atf,1997,-0.215693
6576,atf,1998,-0.268302
6576,atf,1999,-0.306149
6576,atf,2000,-0.234551
6576,atf,2001,-0.259373
6576,atf,2002,-0.341564
6576,atf,2003,0
6576,atf,2004,-0.318326
6576,atf,2005,-0.138378
6576,atf,2006,-0.177486
6576,atf,2007,-0.136597
6576,atf,2008,-0.194993
6576,atf,2009,-0.180696
6576,atf,2010,-0.11173
6576,atf,2011,-0.062502
6576,atf,2012,-0.074867
6576,atf,2013,-0.126062
6576,atf,2014,-0.109057
6576,atf,2015,-0.110249
6576,atf,2016,-0.058344
6576,atf,1972,0
6576,atf,1973,0
6576,atf,1974,0
6576,atf,1975,0
6576,atf,1976,-0.409196
6576,atf,1977,-0.396492
6576,atf,1979,0
6576,atf,1980,0
6576,atf,1981,-0.364245
6576,atf,1982,-0.279833
6576,atf,1983,-0.355373
6576,atf,1985,0
6576,atf,1986,-0.341171
6576,atf,1987,-0.463218
6576,atg,1988,-0.367642
6576,atg,1989,-0.312695
6576,atg,1990,-0.399496
6576,atg,1991,-0.467599
6576,atg,1992,-0.391465
6576,atg,1993,-0.351816
6576,atg,1994,-0.328044
6576,atg,1995,-0.353194
6576,atg,1996,-0.348585
6576,atg,1997,-0.197997
6576,atg,1998,-0.242796
6576,atg,1999,-0.240857
6576,atg,2000,0
6576,atg,2001,-0.231344
6576,atg,2002,-0.3269
6576,atg,2003,-0.21928
6576,atg,2004,-0.277036
6576,atg,2005,-0.127892
6576,atg,2006,-0.160442
6576,atg,2007,-0.117311
6576,atg,2008,-0.192855
6576,atg,2009,-0.181198
6576,atg,2010,-0.105977
6576,atg,2011,-0.060855
6576,atg,2012,-0.087814
6576,atg,2013,-0.115618
6576,atg,2014,-0.098197
6576,atg,2015,-0.106616
6576,atg,2016,-0.050944
6576,atg,1962,0
6576,atg,1963,0
6576,atg,1964,0
6576,atg,1965,-0.146557
6576,atg,1966,0
6576,atg,1967,0
6576,atg,1968,-0.186472
6576,atg,1969,0
6576,atg,1970,-0.09406
6576,atg,1971,-0.279508
6576,atg,1972,-0.320245
6576,atg,1973,-0.315622
6576,atg,1974,-0.295608
6576,atg,1975,-0.346753
6576,atg,1976,-0.406357
6576,atg,1977,-0.377271
6576,atg,1978,-0.324557
6576,atg,1979,-0.256605
6576,atg,1980,-0.313233
6576,atg,1981,-0.342755
6576,atg,1982,-0.256725
6576,atg,1983,-0.31957
6576,atg,1984,-0.374282
6576,atg,1985,-0.462395
6576,atg,1986,-0.325803
6576,atg,1987,-0.457997
6576,aus,1988,-0.286248
6576,aus,1989,-0.244769
6576,aus,1990,-0.292211
6576,aus,1991,-0.369687
6576,aus,1992,-0.270421
6576,aus,1993,-0.242255
6576,aus,1994,-0.233473
6576,aus,1995,-0.276378
6576,aus,1996,-0.26708
6576,aus,1997,-0.117381
6576,aus,1998,-0.163195
6576,aus,1999,-0.181821
6576,aus,2000,-0.116726
6576,aus,2001,-0.14206
6576,aus,2002,-0.188533
6576,aus,2003,-0.108312
6576,aus,2004,0
6576,aus,2005,0
6576,aus,2006,-0.084773
6576,aus,2007,-0.047344
6576,aus,2008,-0.119612
6576,aus,2009,-0.105899
6576,aus,2010,-0.027781
6576,aus,2011,-0.018431
6576,aus,2012,-0.030856
6576,aus,2013,-0.075673
6576,aus,2014,-0.059256
6576,aus,2015,-0.034725
6576,aus,2016,-0.009236
6576,aus,1962,0.044469
6576,aus,1963,-0.00034
6576,aus,1964,0.068058
6576,aus,1965,-0.048395
6576,aus,1966,-0.081127
6576,aus,1967,-0.047104
6576,aus,1968,-0.069756
6576,aus,1969,0.00268
6576,aus,1970,0.022895
6576,aus,1971,-0.149563
6576,aus,1972,-0.1911
6576,aus,1973,-0.208529
6576,aus,1974,-0.23893
6576,aus,1975,-0.232274
6576,aus,1976,-0.303164
6576,aus,1977,-0.268551
6576,aus,1978,-0.188579
6576,aus,1979,-0.147012
6576,aus,1980,-0.22256
6576,aus,1981,-0.256367
6576,aus,1982,-0.156035
6576,aus,1983,-0.25089
6576,aus,1984,-0.300539
6576,aus,1985,-0.371648
6576,aus,1986,-0.254796
6576,aus,1987,-0.368376
6576,aut,1988,-0.4396
6576,aut,1989,-0.389167
6576,aut,1990,-0.474193
6576,aut,1991,-0.534326
6576,aut,1992,-0.474337
6576,aut,1993,-0.465563
6576,aut,1994,-0.441147
6576,aut,1995,-0.483533
6576,aut,1996,-0.473095
6576,aut,1997,-0.318927
6576,aut,1998,-0.36758
6576,aut,1999,-0.395308
6576,aut,2000,-0.329322
6576,aut,2001,-0.357551
6576,aut,2002,-0.412701
6576,aut,2003,-0.36903
6576,aut,2004,-0.417417
6576,aut,2005,-0.283885
6576,aut,2006,-0.288459
6576,aut,2007,-0.311613
6576,aut,2008,-0.337688
6576,aut,2009,-0.321762
6576,aut,2010,-0.299007
6576,aut,2011,-0.229004
6576,aut,2012,-0.198419
6576,aut,2013,-0.256333
6576,aut,2014,-0.235748
6576,aut,2015,-0.248392
6576,aut,2016,-0.180112
6576,aut,1962,0
6576,aut,1963,0
6576,aut,1964,0
6576,aut,1965,0
6576,aut,1966,0
6576,aut,1967,0
6576,aut,1968,0
6576,aut,1969,0
6576,aut,1970,0
6576,aut,1971,0
6576,aut,1972,-0.467519
6576,aut,1973,-0.445663
6576,aut,1974,-0.446751
6576,aut,1975,-0.476709
6576,aut,1976,-0.500189
6576,aut,1977,-0.472421
6576,aut,1978,-0.392974
6576,aut,1979,-0.319964
6576,aut,1980,-0.370472
6576,aut,1981,-0.369603
6576,aut,1982,-0.340051
6576,aut,1983,-0.392112
6576,aut,1984,-0.407655
6576,aut,1985,-0.481047
6576,aut,1986,-0.359586
6576,aut,1987,-0.470956
6576,bdi,1988,-0.359635
6576,bdi,1989,-0.30223
6576,bdi,1990,-0.384325
6576,bdi,1991,-0.470832
6576,bdi,1992,-0.363971
6576,bdi,1993,-0.329017
6576,bdi,1994,-0.311206
6576,bdi,1995,-0.358338
6576,bdi,1996,-0.333269
6576,bdi,1997,-0.178918
6576,bdi,1998,-0.246638
6576,bdi,1999,-0.270322
6576,bdi,2000,-0.200155
6576,bdi,2001,-0.222005
6576,bdi,2002,-0.287217
6576,bdi,2003,-0.202661
6576,bdi,2004,-0.259066
6576,bdi,2005,-0.106033
6576,bdi,2006,-0.153416
6576,bdi,2007,-0.102471
6576,bdi,2008,-0.165052
6576,bdi,2009,-0.160448
6576,bdi,2010,-0.072259
6576,bdi,2011,-0.021357
6576,bdi,2012,-0.048653
6576,bdi,2013,-0.093726
6576,bdi,2014,-0.068452
6576,bdi,2015,-0.074273
6576,bdi,2016,-0.03286
6576,bdi,1962,-0.007866
6576,bdi,1963,-0.076715
6576,bdi,1964,0.00173
6576,bdi,1965,-0.123163
6576,bdi,1966,-0.149167
6576,bdi,1967,-0.112829
6576,bdi,1968,-0.158264
6576,bdi,1969,-0.062006
6576,bdi,1970,-0.058119
6576,bdi,1971,-0.22758
6576,bdi,1972,-0.268359
6576,bdi,1973,-0.26075
6576,bdi,1974,-0.289724
6576,bdi,1975,-0.311816
6576,bdi,1976,-0.393559
6576,bdi,1977,-0.369358
6576,bdi,1978,-0.29258
6576,bdi,1979,-0.225093
6576,bdi,1980,-0.296566
6576,bdi,1981,-0.326141
6576,bdi,1982,-0.243212
6576,bdi,1983,-0.318821
6576,bdi,1984,-0.36483
6576,bdi,1985,-0.448126
6576,bdi,1986,-0.320907
6576,bdi,1987,-0.428637
6576,bel,1988,-0.391191
6576,bel,1989,-0.337749
6576,bel,1990,-0.40063
6576,bel,1991,-0.490223
6576,bel,1992,-0.417978
6576,bel,1993,-0.395825
6576,bel,1994,-0.365588
6576,bel,1995,-0.414077
6576,bel,1996,-0.41511
6576,bel,1997,-0.23694
6576,bel,1998,-0.288403
6576,bel,1999,-0.299222
6576,bel,2000,-0.229296
6576,bel,2001,-0.268355
6576,bel,2002,-0.331896
6576,bel,2003,-0.251741
6576,bel,2004,-0.306276
6576,bel,2005,-0.165776
6576,bel,2006,-0.195054
6576,bel,2007,-0.17162
6576,bel,2008,-0.22857
6576,bel,2009,-0.216733
6576,bel,2010,-0.159595
6576,bel,2011,-0.09341
6576,bel,2012,-0.088279
6576,bel,2013,-0.147973
6576,bel,2014,-0.131477
6576,bel,2015,-0.125371
6576,bel,2016,-0.095598
6576,bel,1962,0
6576,bel,1963,0
6576,bel,1964,-0.085683
6576,bel,1965,-0.194613
6576,bel,1966,-0.232321
6576,bel,1967,-0.18265
6576,bel,1968,-0.247017
6576,bel,1969,-0.174089
6576,bel,1970,-0.155296
6576,bel,1971,-0.332457
6576,bel,1972,-0.342776
6576,bel,1973,-0.34873
6576,bel,1974,-0.377894
6576,bel,1975,-0.370699
6576,bel,1976,-0.419749
6576,bel,1977,-0.384096
6576,bel,1978,-0.345443
6576,bel,1979,-0.280238
6576,bel,1980,-0.330188
6576,bel,1981,-0.334574
6576,bel,1982,-0.285786
6576,bel,1983,-0.345665
6576,bel,1984,-0.372055
6576,bel,1985,-0.434085
6576,bel,1986,-0.317808
6576,bel,1987,-0.420714
6576,ben,1988,-0.324617
6576,ben,1989,-0.297433
6576,ben,1990,-0.370729
6576,ben,1991,-0.454391
6576,ben,1992,-0.367339
6576,ben,1993,-0.328827
6576,ben,1994,-0.301606
6576,ben,1995,-0.33112
6576,ben,1996,-0.308881
6576,ben,1997,-0.176219
6576,ben,1998,-0.222924
6576,ben,1999,-0.227513
6576,ben,2000,-0.172051
6576,ben,2001,-0.215027
6576,ben,2002,-0.271667
6576,ben,2003,-0.172489
6576,ben,2004,-0.271131
6576,ben,2005,-0.083541
6576,ben,2006,-0.123172
6576,ben,2007,-0.085859
6576,ben,2008,-0.151658
6576,ben,2009,-0.148672
6576,ben,2010,-0.064241
6576,ben,2011,-0.019418
6576,ben,2012,-0.038543
6576,ben,2013,-0.067282
6576,ben,2014,-0.066503
6576,ben,2015,-0.076279
6576,ben,2016,-0.024046
6576,ben,1962,0.040708
6576,ben,1963,-0.015888
6576,ben,1964,0.045377
6576,ben,1965,-0.046368
6576,ben,1966,-0.067797
6576,ben,1967,-0.043543
6576,ben,1968,-0.075909
6576,ben,1969,-0.002881
6576,ben,1970,0.010968
6576,ben,1971,-0.17812
6576,ben,1972,-0.20561
6576,ben,1973,-0.196277
6576,ben,1974,-0.210737
6576,ben,1975,-0.220229
6576,ben,1976,-0.319393
6576,ben,1977,-0.262542
6576,ben,1978,-0.239401
6576,ben,1979,-0.21389
6576,ben,1980,-0.280625
6576,ben,1981,-0.296116
6576,ben,1982,-0.231697
6576,ben,1983,-0.305527
6576,ben,1984,-0.344751
6576,ben,1985,-0.423045
6576,ben,1986,-0.302792
6576,ben,1987,-0.414491
6576,bfa,1988,-0.359199
6576,bfa,1989,-0.308814
6576,bfa,1990,-0.388896
6576,bfa,1991,-0.476372
6576,bfa,1992,0
6576,bfa,1993,-0.364721
6576,bfa,1994,-0.325186
6576,bfa,1995,-0.359046
6576,bfa,1996,-0.337307
6576,bfa,1997,-0.188231
6576,bfa,1998,-0.228335
6576,bfa,1999,-0.261986
6576,bfa,2000,-0.173693
6576,bfa,2001,-0.171049
6576,bfa,2002,-0.219396
6576,bfa,2003,-0.178099
6576,bfa,2004,-0.258625
6576,bfa,2005,-0.078054
6576,bfa,2006,-0.127397
6576,bfa,2007,-0.072187
6576,bfa,2008,0
6576,bfa,2009,-0.135686
6576,bfa,2010,-0.055645
6576,bfa,2011,-0.032419
6576,bfa,2012,-0.046408
6576,bfa,2013,-0.090852
6576,bfa,2014,-0.056661
6576,bfa,2015,-0.08024
6576,bfa,2016,-0.039253
6576,bfa,1962,0.016037
6576,bfa,1963,-0.040942
6576,bfa,1964,0.041372
6576,bfa,1965,-0.080345
6576,bfa,1966,-0.09384
6576,bfa,1967,-0.084615
6576,bfa,1968,-0.127605
6576,bfa,1969,-0.064816
6576,bfa,1970,-0.050147
6576,bfa,1971,-0.201458
6576,bfa,1972,-0.257734
6576,bfa,1973,-0.258855
6576,bfa,1974,-0.281511
6576,bfa,1975,-0.285099
6576,bfa,1976,0
6576,bfa,1977,0
6576,bfa,1978,-0.287553
6576,bfa,1979,0
6576,bfa,1980,-0.266998
6576,bfa,1981,-0.307099
6576,bfa,1982,-0.21559
6576,bfa,1983,-0.295128
6576,bfa,1984,-0.35822
6576,bfa,1985,-0.423674
6576,bfa,1986,-0.304384
6576,bfa,1987,-0.420837
6576,bgd,1988,-0.291
6576,bgd,1989,-0.231036
6576,bgd,1990,-0.313535
6576,bgd,1991,-0.389596
6576,bgd,1992,-0.299679
6576,bgd,1993,-0.268854
6576,bgd,1994,-0.253191
6576,bgd,1995,-0.249469
6576,bgd,1996,-0.244094
6576,bgd,1997,-0.121438
6576,bgd,1998,-0.165367
6576,bgd,1999,-0.194446
6576,bgd,2000,-0.128541
6576,bgd,2001,-0.156466
6576,bgd,2002,-0.245988
6576,bgd,2003,-0.130221
6576,bgd,2004,-0.163399
6576,bgd,2005,-0.014605
6576,bgd,2006,0
6576,bgd,2007,-0.022302
6576,bgd,2008,0
6576,bgd,2009,0
6576,bgd,2010,0
6576,bgd,2011,0.040397
6576,bgd,2012,0.017506
6576,bgd,2013,0
6576,bgd,2014,-0.015813
6576,bgd,2015,0
6576,bgd,2016,0.0024
6576,bgd,1972,-0.302337
6576,bgd,1973,-0.274979
6576,bgd,1974,-0.315185
6576,bgd,1975,-0.279851
6576,bgd,1976,-0.354888
6576,bgd,1977,-0.329499
6576,bgd,1978,-0.261547
6576,bgd,1979,-0.191657
6576,bgd,1980,-0.26276
6576,bgd,1981,-0.291427
6576,bgd,1982,-0.171853
6576,bgd,1983,-0.209571
6576,bgd,1984,-0.271362
6576,bgd,1985,-0.379287
6576,bgd,1986,-0.268006
6576,bgd,1987,-0.372937
6576,bgr,1988,-0.307038
6576,bgr,1989,-0.277547
6576,bgr,1990,-0.322254
6576,bgr,1991,-0.34352
6576,bgr,1992,-0.270039
6576,bgr,1993,0
6576,bgr,1994,0
6576,bgr,1995,0
6576,bgr,1996,-0.251248
6576,bgr,1997,-0.127439
6576,bgr,1998,-0.171333
6576,bgr,1999,-0.169096
6576,bgr,2000,-0.133751
6576,bgr,2001,-0.143432
6576,bgr,2002,-0.208736
6576,bgr,2003,-0.146017
6576,bgr,2004,-0.179264
6576,bgr,2005,-0.051577
6576,bgr,2006,-0.111751
6576,bgr,2007,-0.074005
6576,bgr,2008,-0.135275
6576,bgr,2009,-0.124003
6576,bgr,2010,-0.059325
6576,bgr,2011,-0.032957
6576,bgr,2012,-0.039352
6576,bgr,2013,-0.08339
6576,bgr,2014,-0.064216
6576,bgr,2015,-0.060783
6576,bgr,2016,-0.033972
6576,bgr,1962,0.066267
6576,bgr,1963,0.00534
6576,bgr,1964,0.07428
6576,bgr,1965,-0.037408
6576,bgr,1966,-0.064733
6576,bgr,1967,-0.006848
6576,bgr,1968,-0.087458
6576,bgr,1969,-0.034188
6576,bgr,1970,-0.045528
6576,bgr,1971,-0.170147
6576,bgr,1972,-0.225053
6576,bgr,1973,-0.225977
6576,bgr,1974,-0.233908
6576,bgr,1975,-0.227489
6576,bgr,1976,-0.333148
6576,bgr,1977,-0.294751
6576,bgr,1978,-0.232269
6576,bgr,1979,-0.140026
6576,bgr,1980,-0.272152
6576,bgr,1981,-0.28501
6576,bgr,1982,-0.22139
6576,bgr,1983,-0.291508
6576,bgr,1984,-0.316719
6576,bgr,1985,-0.400169
6576,bgr,1986,-0.297084
6576,bgr,1987,-0.382217
6576,bhr,1988,-0.38313
6576,bhr,1989,-0.315179
6576,bhr,1990,-0.396726
6576,bhr,1991,-0.484565
6576,bhr,1992,-0.375248
6576,bhr,1993,-0.355437
6576,bhr,1994,-0.32473
6576,bhr,1995,-0.347545
6576,bhr,1996,-0.303505
6576,bhr,1997,-0.176326
6576,bhr,1998,-0.230014
6576,bhr,1999,-0.251599
6576,bhr,2000,-0.17088
6576,bhr,2001,-0.209882
6576,bhr,2002,-0.303734
6576,bhr,2003,-0.216531
6576,bhr,2004,-0.268257
6576,bhr,2005,-0.11815
6576,bhr,2006,-0.15697
6576,bhr,2007,-0.112334
6576,bhr,2008,-0.186386
6576,bhr,2009,-0.16295
6576,bhr,2010,-0.086367
6576,bhr,2011,-0.042494
6576,bhr,2012,-0.060801
6576,bhr,2013,-0.109863
6576,bhr,2014,-0.094619
6576,bhr,2015,-0.090529
6576,bhr,2016,-0.046364
6576,bhr,1962,-0.049601
6576,bhr,1963,-0.113849
6576,bhr,1964,-0.01753
6576,bhr,1965,-0.129243
6576,bhr,1966,-0.170736
6576,bhr,1967,-0.133423
6576,bhr,1968,-0.168883
6576,bhr,1969,-0.092065
6576,bhr,1970,-0.081959
6576,bhr,1971,-0.260641
6576,bhr,1972,-0.31323
6576,bhr,1973,-0.305879
6576,bhr,1974,-0.310326
6576,bhr,1975,0
6576,bhr,1976,-0.370019
6576,bhr,1977,0
6576,bhr,1978,-0.317848
6576,bhr,1979,-0.250865
6576,bhr,1980,-0.327076
6576,bhr,1981,-0.354876
6576,bhr,1982,-0.264726
6576,bhr,1983,-0.336011
6576,bhr,1984,-0.379981
6576,bhr,1985,-0.455069
6576,bhr,1986,-0.319256
6576,bhr,1987,-0.442566
6576,bhs,1988,-0.38168
6576,bhs,1989,-0.327345
6576,bhs,1990,-0.426645
6576,bhs,1991,-0.500634
6576,bhs,1992,-0.396991
6576,bhs,1993,-0.36348
6576,bhs,1994,-0.341669
6576,bhs,1995,-0.368067
6576,bhs,1996,-0.356324
6576,bhs,1997,-0.197732
6576,bhs,1998,-0.244789
6576,bhs,1999,-0.289423
6576,bhs,2000,-0.20585
6576,bhs,2001,-0.215379
6576,bhs,2002,-0.307654
6576,bhs,2003,-0.233458
6576,bhs,2004,-0.301853
6576,bhs,2005,-0.132862
6576,bhs,2006,-0.171074
6576,bhs,2007,-0.144423
6576,bhs,2008,-0.207051
6576,bhs,2009,-0.179976
6576,bhs,2010,-0.109788
6576,bhs,2011,-0.055251
6576,bhs,2012,-0.063863
6576,bhs,2013,-0.127006
6576,bhs,2014,-0.108709
6576,bhs,2015,-0.110831
6576,bhs,2016,-0.05756
6576,bhs,1962,-0.028849
6576,bhs,1963,-0.11305
6576,bhs,1964,-0.007757
6576,bhs,1965,-0.117741
6576,bhs,1966,-0.152538
6576,bhs,1967,-0.134345
6576,bhs,1968,-0.175303
6576,bhs,1969,-0.088147
6576,bhs,1970,-0.062749
6576,bhs,1971,-0.254257
6576,bhs,1972,-0.302834
6576,bhs,1973,-0.299078
6576,bhs,1974,-0.297698
6576,bhs,1975,-0.32121
6576,bhs,1976,-0.398374
6576,bhs,1977,-0.376228
6576,bhs,1978,-0.300312
6576,bhs,1979,-0.249755
6576,bhs,1980,-0.317009
6576,bhs,1981,-0.355447
6576,bhs,1982,-0.266306
6576,bhs,1983,-0.348379
6576,bhs,1984,-0.377803
6576,bhs,1985,-0.466739
6576,bhs,1986,-0.335898
6576,bhs,1987,-0.451461
6576,blz,1988,-0.32623
6576,blz,1989,-0.264545
6576,blz,1990,0
6576,blz,1991,-0.412214
6576,blz,1992,-0.345294
6576,blz,1993,-0.299945
6576,blz,1994,-0.315934
6576,blz,1995,-0.350387
6576,blz,1996,-0.332839
6576,blz,1997,-0.172353
6576,blz,1998,-0.233183
6576,blz,1999,-0.25628
6576,blz,2000,-0.161355
6576,blz,2001,-0.219237
6576,blz,2002,-0.280681
6576,blz,2003,-0.203584
6576,blz,2004,-0.262017
6576,blz,2005,-0.097566
6576,blz,2006,-0.137754
6576,blz,2007,-0.100701
6576,blz,2008,-0.162666
6576,blz,2009,-0.152881
6576,blz,2010,-0.075243
6576,blz,2011,-0.027429
6576,blz,2012,-0.035841
6576,blz,2013,-0.087931
6576,blz,2014,-0.070816
6576,blz,2015,-0.080186
6576,blz,2016,-0.037921
6576,blz,1962,-0.054331
6576,blz,1963,-0.119884
6576,blz,1964,-0.018755
6576,blz,1965,0
6576,blz,1966,0
6576,blz,1967,-0.150367
6576,blz,1968,-0.18988
6576,blz,1969,-0.115841
6576,blz,1970,-0.024753
6576,blz,1971,-0.209969
6576,blz,1972,-0.249943
6576,blz,1973,-0.243417
6576,blz,1974,-0.270483
6576,blz,1975,-0.255796
6576,blz,1976,-0.336287
6576,blz,1977,-0.316041
6576,blz,1978,-0.252585
6576,blz,1979,-0.187574
6576,blz,1980,-0.261703
6576,blz,1981,-0.285128
6576,blz,1982,-0.217711
6576,blz,1983,-0.278813
6576,blz,1984,-0.30561
6576,blz,1985,-0.376087
6576,blz,1986,-0.279315
6576,blz,1987,-0.398181
6576,bmu,1988,-0.398593
6576,bmu,1989,-0.339276
6576,bmu,1990,-0.433563
6576,bmu,1991,-0.495394
6576,bmu,1992,-0.405154
6576,bmu,1993,-0.377938
6576,bmu,1994,-0.357757
6576,bmu,1995,-0.409568
6576,bmu,1996,-0.381181
6576,bmu,1997,-0.210915
6576,bmu,1998,-0.261549
6576,bmu,1999,-0.286765
6576,bmu,2000,-0.223
6576,bmu,2001,-0.254278
6576,bmu,2002,-0.336596
6576,bmu,2003,-0.247871
6576,bmu,2004,-0.307154
6576,bmu,2005,-0.144001
6576,bmu,2006,-0.171472
6576,bmu,2007,-0.140893
6576,bmu,2008,-0.210469
6576,bmu,2009,-0.195547
6576,bmu,2010,-0.112235
6576,bmu,2011,-0.061496
6576,bmu,2012,-0.076434
6576,bmu,2013,-0.132486
6576,bmu,2014,-0.109583
6576,bmu,2015,-0.115458
6576,bmu,2016,-0.062446
6576,bmu,1962,-0.089646
6576,bmu,1963,-0.116591
6576,bmu,1964,-0.037508
6576,bmu,1965,-0.140044
6576,bmu,1966,-0.171721
6576,bmu,1967,-0.126436
6576,bmu,1968,-0.168314
6576,bmu,1969,-0.086809
6576,bmu,1970,-0.073268
6576,bmu,1971,-0.258856
6576,bmu,1972,-0.331816
6576,bmu,1973,-0.324812
6576,bmu,1974,-0.322589
6576,bmu,1975,-0.346987
6576,bmu,1976,-0.413547
6576,bmu,1977,-0.371665
6576,bmu,1978,-0.305882
6576,bmu,1979,-0.243277
6576,bmu,1980,-0.319851
6576,bmu,1981,-0.348037
6576,bmu,1982,-0.263316
6576,bmu,1983,-0.33397
6576,bmu,1984,-0.387385
6576,bmu,1985,-0.477237
6576,bmu,1986,-0.335088
6576,bmu,1987,-0.463577
6576,bol,1988,-0.323993
6576,bol,1989,-0.259421
6576,bol,1990,0
6576,bol,1991,0
6576,bol,1992,0
6576,bol,1993,0
6576,bol,1994,0
6576,bol,1995,0
6576,bol,1996,0
6576,bol,1997,0
6576,bol,1998,0
6576,bol,1999,0
6576,bol,2000,0
6576,bol,2001,0
6576,bol,2002,0
6576,bol,2003,0
6576,bol,2004,0
6576,bol,2005,0
6576,bol,2006,0
6576,bol,2007,0
6576,bol,2008,0
6576,bol,2009,0
6576,bol,2010,0
6576,bol,2011,0
6576,bol,2012,0
6576,bol,2013,0
6576,bol,2014,0
6576,bol,2015,0
6576,bol,2016,0
6576,bol,1962,-0.002561
6576,bol,1963,-0.071675
6576,bol,1964,0.015327
6576,bol,1965,-0.103449
6576,bol,1966,0
6576,bol,1967,-0.095289
6576,bol,1968,-0.139865
6576,bol,1969,-0.067769
6576,bol,1970,-0.054886
6576,bol,1971,-0.220735
6576,bol,1972,-0.223437
6576,bol,1973,-0.23869
6576,bol,1974,-0.268417
6576,bol,1975,-0.27264
6576,bol,1976,-0.347687
6576,bol,1977,-0.332126
6576,bol,1978,-0.248918
6576,bol,1979,-0.197565
6576,bol,1980,-0.26179
6576,bol,1981,-0.297593
6576,bol,1982,-0.230623
6576,bol,1983,-0.298791
6576,bol,1984,-0.339523
6576,bol,1985,-0.417311
6576,bol,1986,-0.272648
6576,bol,1987,-0.392079
6576,bra,1988,0
6576,bra,1989,0
6576,bra,1990,0
6576,bra,1991,0
6576,bra,1992,0
6576,bra,1993,0
6576,bra,1994,0
6576,bra,1995,0
6576,bra,1996,0
6576,bra,1997,0
6576,bra,1998,0
6576,bra,1999,0
6576,bra,2000,0
6576,bra,2001,0
6576,bra,2002,0
6576,bra,2003,0
6576,bra,2004,0
6576,bra,2005,0
6576,bra,2006,0
6576,bra,2007,0
6576,bra,2008,0
6576,bra,2009,0
6576,bra,2010,0
6576,bra,2011,-0.002962
6576,bra,2012,-0.023696
6576,bra,2013,-0.071414
6576,bra,2014,-0.038058
6576,bra,2015,-0.037037
6576,bra,2016,0.000735
6576,bra,1962,0.086353
6576,bra,1963,0.005392
6576,bra,1964,0.104871
6576,bra,1965,0.022248
6576,bra,1966,-0.004562
6576,bra,1967,-0.001505
6576,bra,1968,0
6576,bra,1969,0.039333
6576,bra,1970,0
6576,bra,1971,0
6576,bra,1972,0
6576,bra,1973,0
6576,bra,1974,0
6576,bra,1975,0
6576,bra,1976,0
6576,bra,1977,0
6576,bra,1978,0
6576,bra,1979,0
6576,bra,1980,0
6576,bra,1981,0
6576,bra,1982,0
6576,bra,1983,0
6576,bra,1984,0
6576,bra,1985,0
6576,bra,1986,0
6576,bra,1987,0
6576,brb,1988,-0.350525
6576,brb,1989,-0.30316
6576,brb,1990,-0.375656
6576,brb,1991,0
6576,brb,1992,-0.388719
6576,brb,1993,-0.348042
6576,brb,1994,-0.328767
6576,brb,1995,-0.390035
6576,brb,1996,-0.351925
6576,brb,1997,-0.198982
6576,brb,1998,-0.251204
6576,brb,1999,-0.274899
6576,brb,2000,-0.217497
6576,brb,2001,-0.225574
6576,brb,2002,0
6576,brb,2003,-0.224441
6576,brb,2004,-0.291818
6576,brb,2005,-0.146521
6576,brb,2006,-0.176397
6576,brb,2007,-0.151562
6576,brb,2008,-0.215847
6576,brb,2009,-0.210331
6576,brb,2010,-0.13769
6576,brb,2011,-0.050385
6576,brb,2012,-0.081393
6576,brb,2013,-0.120245
6576,brb,2014,-0.081107
6576,brb,2015,-0.103106
6576,brb,2016,-0.060945
6576,brb,1962,-0.036507
6576,brb,1963,-0.094197
6576,brb,1964,-0.007273
6576,brb,1965,-0.106963
6576,brb,1966,-0.171295
6576,brb,1967,-0.129006
6576,brb,1968,-0.11774
6576,brb,1969,-0.05339
6576,brb,1970,-0.032342
6576,brb,1971,-0.19718
6576,brb,1972,-0.308074
6576,brb,1973,-0.302794
6576,brb,1974,0
6576,brb,1975,-0.289976
6576,brb,1976,-0.377029
6576,brb,1977,-0.370887
6576,brb,1978,-0.295675
6576,brb,1979,-0.220363
6576,brb,1980,-0.290463
6576,brb,1981,-0.310847
6576,brb,1982,-0.240933
6576,brb,1983,-0.32808
6576,brb,1984,-0.355225
6576,brb,1985,-0.442975
6576,brb,1986,-0.311354
6576,brb,1987,-0.411478
6576,brn,1988,-0.389656
6576,brn,1989,-0.33118
6576,brn,1990,-0.420208
6576,brn,1991,-0.50533
6576,brn,1992,-0.41261
6576,brn,1993,-0.381271
6576,brn,1994,-0.356754
6576,brn,1995,-0.396102
6576,brn,1996,-0.369462
6576,brn,1997,-0.200205
6576,brn,1998,-0.251008
6576,brn,1999,-0.28012
6576,brn,2000,-0.209829
6576,brn,2001,-0.240635
6576,brn,2002,-0.33221
6576,brn,2003,-0.236197
6576,brn,2004,-0.293467
6576,brn,2005,-0.137594
6576,brn,2006,-0.170246
6576,brn,2007,-0.138798
6576,brn,2008,-0.206122
6576,brn,2009,-0.193229
6576,brn,2010,-0.114201
6576,brn,2011,-0.064127
6576,brn,2012,-0.072542
6576,brn,2013,-0.129337
6576,brn,2014,-0.10396
6576,brn,2015,-0.114578
6576,brn,2016,-0.060729
6576,brn,1962,-0.019767
6576,brn,1963,-0.07505
6576,brn,1964,-0.008101
6576,brn,1965,-0.136867
6576,brn,1966,-0.175454
6576,brn,1967,-0.130634
6576,brn,1968,-0.157157
6576,brn,1969,-0.09331
6576,brn,1970,-0.070844
6576,brn,1971,-0.273892
6576,brn,1972,-0.314296
6576,brn,1973,-0.318844
6576,brn,1974,-0.31619
6576,brn,1975,-0.336831
6576,brn,1976,-0.420756
6576,brn,1977,-0.365605
6576,brn,1978,-0.305855
6576,brn,1979,-0.248188
6576,brn,1980,-0.33026
6576,brn,1981,-0.357275
6576,brn,1982,-0.272168
6576,brn,1983,-0.346901
6576,brn,1984,-0.386772
6576,brn,1985,-0.474311
6576,brn,1986,-0.338343
6576,brn,1987,-0.454917
6576,btn,1988,-0.361201
6576,btn,1989,-0.321766
6576,btn,1990,-0.393653
6576,btn,1991,-0.468985
6576,btn,1992,-0.393643
6576,btn,1993,-0.354665
6576,btn,1994,-0.343313
6576,btn,1995,-0.363024
6576,btn,1996,-0.343666
6576,btn,1997,-0.190174
6576,btn,1998,-0.236018
6576,btn,1999,-0.26337
6576,btn,2000,-0.212628
6576,btn,2001,-0.216552
6576,btn,2002,-0.302413
6576,btn,2003,-0.233939
6576,btn,2004,-0.29768
6576,btn,2005,-0.148816
6576,btn,2006,-0.166815
6576,btn,2007,-0.136962
6576,btn,2008,-0.194835
6576,btn,2009,-0.182859
6576,btn,2010,-0.107856
6576,btn,2011,-0.043592
6576,btn,2012,-0.064376
6576,btn,2013,-0.121151
6576,btn,2014,-0.096842
6576,btn,2015,-0.096374
6576,btn,2016,-0.053057
6576,btn,1965,0
6576,btn,1969,-0.11796
6576,btn,1970,-0.100065
6576,btn,1971,-0.284296
6576,btn,1972,-0.319067
6576,btn,1973,-0.319545
6576,btn,1974,-0.303808
6576,btn,1975,-0.332497
6576,btn,1976,-0.387338
6576,btn,1977,-0.38482
6576,btn,1978,-0.322789
6576,btn,1979,-0.257282
6576,btn,1980,-0.32383
6576,btn,1981,-0.341943
6576,btn,1982,-0.25493
6576,btn,1983,-0.340284
6576,btn,1984,-0.36701
6576,btn,1985,-0.466575
6576,btn,1986,-0.325396
6576,btn,1987,-0.443574
6576,caf,1988,-0.341807
6576,caf,1989,-0.290919
6576,caf,1990,-0.388707
6576,caf,1991,-0.464988
6576,caf,1992,-0.378251
6576,caf,1993,-0.332561
6576,caf,1994,-0.319117
6576,caf,1995,-0.37015
6576,caf,1996,-0.330335
6576,caf,1997,-0.184853
6576,caf,1998,-0.246751
6576,caf,1999,-0.275425
6576,caf,2000,-0.20518
6576,caf,2001,-0.229459
6576,caf,2002,-0.302637
6576,caf,2003,-0.214041
6576,caf,2004,-0.292758
6576,caf,2005,-0.115395
6576,caf,2006,-0.156736
6576,caf,2007,-0.120277
6576,caf,2008,-0.191481
6576,caf,2009,-0.169705
6576,caf,2010,-0.101018
6576,caf,2011,-0.046048
6576,caf,2012,-0.06788
6576,caf,2013,-0.104101
6576,caf,2014,-0.094729
6576,caf,2015,-0.097967
6576,caf,2016,-0.048802
6576,caf,1962,0.026332
6576,caf,1963,-0.022743
6576,caf,1964,0.034458
6576,caf,1965,-0.090302
6576,caf,1966,-0.12778
6576,caf,1967,-0.086957
6576,caf,1968,-0.128324
6576,caf,1969,-0.059991
6576,caf,1970,-0.018004
6576,caf,1971,-0.212073
6576,caf,1972,-0.244351
6576,caf,1973,-0.244486
6576,caf,1974,-0.264271
6576,caf,1975,-0.284514
6576,caf,1976,-0.354079
6576,caf,1977,-0.331241
6576,caf,1978,-0.256969
6576,caf,1979,-0.197942
6576,caf,1980,-0.279081
6576,caf,1981,-0.304117
6576,caf,1982,-0.21411
6576,caf,1983,-0.296832
6576,caf,1984,-0.334079
6576,caf,1985,-0.406979
6576,caf,1986,-0.301661
6576,caf,1987,-0.390863
6576,can,1988,-0.34768
6576,can,1989,-0.298761
6576,can,1990,-0.350848
6576,can,1991,-0.433587
6576,can,1992,-0.354728
6576,can,1993,-0.320572
6576,can,1994,-0.304295
6576,can,1995,-0.360226
6576,can,1996,-0.342676
6576,can,1997,-0.193831
6576,can,1998,-0.238787
6576,can,1999,-0.258645
6576,can,2000,-0.20693
6576,can,2001,-0.235004
6576,can,2002,-0.298844
6576,can,2003,-0.215405
6576,can,2004,-0.255096
6576,can,2005,-0.130266
6576,can,2006,-0.159254
6576,can,2007,-0.130914
6576,can,2008,-0.176908
6576,can,2009,-0.16855
6576,can,2010,-0.086262
6576,can,2011,-0.046135
6576,can,2012,-0.053123
6576,can,2013,-0.108284
6576,can,2014,-0.079625
6576,can,2015,-0.08327
6576,can,2016,-0.051196
6576,can,1962,0.059772
6576,can,1963,-0.01005
6576,can,1964,0.058722
6576,can,1965,-0.038879
6576,can,1966,-0.080726
6576,can,1967,-0.04989
6576,can,1968,-0.111952
6576,can,1969,-0.033608
6576,can,1970,-0.030437
6576,can,1971,-0.1985
6576,can,1972,-0.23932
6576,can,1973,-0.222036
6576,can,1974,-0.277036
6576,can,1975,-0.283933
6576,can,1976,-0.353082
6576,can,1977,-0.307122
6576,can,1978,-0.240057
6576,can,1979,-0.193864
6576,can,1980,-0.27768
6576,can,1981,-0.303216
6576,can,1982,-0.22397
6576,can,1983,-0.288158
6576,can,1984,-0.337174
6576,can,1985,-0.41691
6576,can,1986,-0.301706
6576,can,1987,-0.403114
6576,cck,1988,-0.366886
6576,cck,1989,-0.332495
6576,cck,1990,-0.423244
6576,cck,1991,-0.472771
6576,cck,1992,-0.388976
6576,cck,1993,-0.36998
6576,cck,1994,-0.32948
6576,cck,1995,-0.32169
6576,cck,1996,-0.358294
6576,cck,1997,-0.20821
6576,cck,1998,-0.243921
6576,cck,1999,-0.289366
6576,cck,2000,-0.234245
6576,cck,2001,-0.25922
6576,cck,2002,-0.312087
6576,cck,2003,-0.25392
6576,cck,2004,-0.306008
6576,cck,2005,-0.155197
6576,cck,2006,-0.20454
6576,cck,2007,-0.141812
6576,cck,2008,-0.23007
6576,cck,2009,-0.209531
6576,cck,2010,-0.126979
6576,cck,2011,-0.068029
6576,cck,2012,-0.085108
6576,cck,2013,-0.137384
6576,cck,2014,-0.103342
6576,cck,2015,-0.129462
6576,cck,2016,-0.073891
6576,cck,1970,0
6576,cck,1971,-0.28838
6576,cck,1972,-0.336887
6576,cck,1973,-0.330114
6576,cck,1974,0
6576,cck,1975,-0.379882
6576,cck,1976,-0.41064
6576,cck,1977,-0.39197
6576,cck,1978,-0.318047
6576,cck,1979,-0.252376
6576,cck,1980,0
6576,cck,1981,-0.337863
6576,cck,1982,-0.258303
6576,cck,1983,-0.332233
6576,cck,1984,-0.385335
6576,cck,1985,-0.443108
6576,cck,1986,-0.338509
6576,cck,1987,-0.454628
6576,che,1988,-0.431209
6576,che,1989,-0.377106
6576,che,1990,-0.479417
6576,che,1991,-0.553168
6576,che,1992,-0.485615
6576,che,1993,-0.469963
6576,che,1994,-0.447027
6576,che,1995,-0.472561
6576,che,1996,-0.458138
6576,che,1997,-0.310507
6576,che,1998,-0.355559
6576,che,1999,-0.378883
6576,che,2000,-0.31404
6576,che,2001,-0.343603
6576,che,2002,-0.414563
6576,che,2003,-0.355041
6576,che,2004,-0.396259
6576,che,2005,-0.274048
6576,che,2006,-0.275744
6576,che,2007,-0.278904
6576,che,2008,-0.29888
6576,che,2009,-0.278551
6576,che,2010,-0.259587
6576,che,2011,-0.184798
6576,che,2012,-0.155546
6576,che,2013,-0.197223
6576,che,2014,-0.191854
6576,che,2015,-0.193599
6576,che,2016,-0.134017
6576,che,1962,0
6576,che,1963,0
6576,che,1964,0
6576,che,1965,0
6576,che,1966,0
6576,che,1967,0
6576,che,1968,0
6576,che,1969,0
6576,che,1970,0
6576,che,1971,0
6576,che,1972,0
6576,che,1973,0
6576,che,1974,0
6576,che,1975,0
6576,che,1976,0
6576,che,1977,0
6576,che,1978,0
6576,che,1979,0
6576,che,1980,-0.383264
6576,che,1981,-0.38682
6576,che,1982,0
6576,che,1983,-0.41275
6576,che,1984,-0.421378
6576,che,1985,-0.489374
6576,che,1986,-0.371151
6576,che,1987,-0.481993
6576,chl,1988,-0.300014
6576,chl,1989,-0.245895
6576,chl,1990,-0.311607
6576,chl,1991,-0.39702
6576,chl,1992,-0.309371
6576,chl,1993,-0.267249
6576,chl,1994,-0.245131
6576,chl,1995,-0.292777
6576,chl,1996,-0.288433
6576,chl,1997,-0.142557
6576,chl,1998,-0.194245
6576,chl,1999,-0.213524
6576,chl,2000,-0.160417
6576,chl,2001,-0.165557
6576,chl,2002,-0.249021
6576,chl,2003,-0.156471
6576,chl,2004,-0.228643
6576,chl,2005,-0.076645
6576,chl,2006,-0.127535
6576,chl,2007,-0.092671
6576,chl,2008,-0.145174
6576,chl,2009,-0.126351
6576,chl,2010,-0.048173
6576,chl,2011,-0.014805
6576,chl,2012,-0.02848
6576,chl,2013,-0.080649
6576,chl,2014,-0.051602
6576,chl,2015,-0.049665
6576,chl,2016,-0.021406
6576,chl,1962,-0.011631
6576,chl,1963,-0.063667
6576,chl,1964,0.020385
6576,chl,1965,-0.097011
6576,chl,1966,-0.145516
6576,chl,1967,-0.106397
6576,chl,1968,-0.145555
6576,chl,1969,-0.067986
6576,chl,1970,-0.050504
6576,chl,1971,-0.21625
6576,chl,1972,-0.271486
6576,chl,1973,-0.261758
6576,chl,1974,-0.30058
6576,chl,1975,-0.274216
6576,chl,1976,-0.337578
6576,chl,1977,-0.283663
6576,chl,1978,-0.248945
6576,chl,1979,-0.181325
6576,chl,1980,-0.265557
6576,chl,1981,-0.299264
6576,chl,1982,-0.205607
6576,chl,1983,-0.280933
6576,chl,1984,-0.332661
6576,chl,1985,-0.39345
6576,chl,1986,-0.26632
6576,chl,1987,-0.385645
6576,chn,1988,0
6576,chn,1989,0
6576,chn,1990,0
6576,chn,1991,0
6576,chn,1992,0
6576,chn,1993,0
6576,chn,1994,0
6576,chn,1995,0
6576,chn,1996,0
6576,chn,1997,0
6576,chn,1998,0
6576,chn,1999,0
6576,chn,2000,0
6576,chn,2001,0
6576,chn,2002,0
6576,chn,2003,0
6576,chn,2004,0
6576,chn,2005,0
6576,chn,2006,0
6576,chn,2007,0
6576,chn,2008,0
6576,chn,2009,0
6576,chn,2010,0
6576,chn,2011,0
6576,chn,2012,0
6576,chn,2013,0
6576,chn,2014,0
6576,chn,2015,0
6576,chn,2016,0
6576,chn,1962,0
6576,chn,1963,0
6576,chn,1964,0
6576,chn,1965,0
6576,chn,1966,0
6576,chn,1967,0
6576,chn,1968,0
6576,chn,1969,0
6576,chn,1970,0
6576,chn,1971,0
6576,chn,1972,0
6576,chn,1973,0
6576,chn,1974,0
6576,chn,1975,0
6576,chn,1976,0
6576,chn,1977,0
6576,chn,1978,0
6576,chn,1979,0
6576,chn,1980,0
6576,chn,1981,0
6576,chn,1982,0
6576,chn,1983,0
6576,chn,1984,0
6576,chn,1985,0
6576,chn,1986,0
6576,chn,1987,0
6576,civ,1988,-0.264355
6576,civ,1989,-0.215105
6576,civ,1990,-0.313412
6576,civ,1991,-0.371059
6576,civ,1992,-0.292535
6576,civ,1993,-0.259794
6576,civ,1994,-0.251681
6576,civ,1995,-0.285651
6576,civ,1996,-0.236113
6576,civ,1997,-0.11096
6576,civ,1998,-0.14493
6576,civ,1999,-0.184204
6576,civ,2000,-0.10428
6576,civ,2001,-0.133944
6576,civ,2002,-0.214995
6576,civ,2003,-0.145592
6576,civ,2004,-0.211393
6576,civ,2005,-0.054182
6576,civ,2006,-0.092732
6576,civ,2007,-0.036706
6576,civ,2008,-0.102751
6576,civ,2009,-0.102295
6576,civ,2010,-0.009163
6576,civ,2011,0.018116
6576,civ,2012,-0.007615
6576,civ,2013,-0.062771
6576,civ,2014,-0.033451
6576,civ,2015,-0.049364
6576,civ,2016,-0.01703
6576,civ,1962,0.028083
6576,civ,1963,-0.046642
6576,civ,1964,0.041296
6576,civ,1965,-0.065694
6576,civ,1966,-0.084773
6576,civ,1967,-0.048677
6576,civ,1968,-0.074819
6576,civ,1969,-0.020947
6576,civ,1970,0.030195
6576,civ,1971,-0.138299
6576,civ,1972,-0.200541
6576,civ,1973,-0.188324
6576,civ,1974,-0.184943
6576,civ,1975,-0.191241
6576,civ,1976,-0.29466
6576,civ,1977,-0.25926
6576,civ,1978,-0.166205
6576,civ,1979,-0.150916
6576,civ,1980,-0.210407
6576,civ,1981,-0.226552
6576,civ,1982,-0.14206
6576,civ,1983,-0.187354
6576,civ,1984,-0.238506
6576,civ,1985,-0.311939
6576,civ,1986,-0.220847
6576,civ,1987,-0.350485
6576,cmr,1988,-0.299089
6576,cmr,1989,0
6576,cmr,1990,-0.325798
6576,cmr,1991,-0.41687
6576,cmr,1992,-0.340965
6576,cmr,1993,-0.295912
6576,cmr,1994,-0.296369
6576,cmr,1995,-0.328064
6576,cmr,1996,-0.289728
6576,cmr,1997,-0.153061
6576,cmr,1998,-0.196266
6576,cmr,1999,-0.228665
6576,cmr,2000,-0.158653
6576,cmr,2001,-0.189446
6576,cmr,2002,-0.249847
6576,cmr,2003,-0.158888
6576,cmr,2004,-0.250931
6576,cmr,2005,-0.072431
6576,cmr,2006,-0.122521
6576,cmr,2007,-0.087388
6576,cmr,2008,-0.142448
6576,cmr,2009,-0.132401
6576,cmr,2010,-0.044379
6576,cmr,2011,-0.019464
6576,cmr,2012,-0.033466
6576,cmr,2013,-0.088673
6576,cmr,2014,-0.07035
6576,cmr,2015,-0.072827
6576,cmr,2016,-0.021482
6576,cmr,1962,0.033207
6576,cmr,1963,-0.014986
6576,cmr,1964,0.053854
6576,cmr,1965,-0.060416
6576,cmr,1966,-0.088984
6576,cmr,1967,-0.052952
6576,cmr,1968,-0.078701
6576,cmr,1969,-0.007549
6576,cmr,1970,0.024331
6576,cmr,1971,-0.149944
6576,cmr,1972,-0.196616
6576,cmr,1973,-0.210316
6576,cmr,1974,-0.194666
6576,cmr,1975,-0.206008
6576,cmr,1976,-0.283313
6576,cmr,1977,-0.2598
6576,cmr,1978,-0.18457
6576,cmr,1979,-0.14668
6576,cmr,1980,-0.222841
6576,cmr,1981,-0.251839
6576,cmr,1982,-0.167738
6576,cmr,1983,-0.238713
6576,cmr,1984,-0.289902
6576,cmr,1985,-0.359211
6576,cmr,1986,-0.263486
6576,cmr,1987,-0.370779
6576,cod,1988,-0.341918
6576,cod,1989,-0.276336
6576,cod,1990,-0.359179
6576,cod,1991,-0.441917
6576,cod,1992,-0.349902
6576,cod,1993,-0.313731
6576,cod,1994,-0.295269
6576,cod,1995,-0.334012
6576,cod,1996,-0.309001
6576,cod,1997,-0.166952
6576,cod,1998,-0.220021
6576,cod,1999,-0.24708
6576,cod,2000,-0.186467
6576,cod,2001,-0.211986
6576,cod,2002,-0.301162
6576,cod,2003,-0.199873
6576,cod,2004,-0.260019
6576,cod,2005,-0.094874
6576,cod,2006,-0.133299
6576,cod,2007,-0.096076
6576,cod,2008,-0.178371
6576,cod,2009,-0.158377
6576,cod,2010,-0.078307
6576,cod,2011,-0.035472
6576,cod,2012,-0.047762
6576,cod,2013,-0.101219
6576,cod,2014,-0.076858
6576,cod,2015,-0.08964
6576,cod,2016,-0.036101
6576,cod,1962,0.050926
6576,cod,1963,-0.004332
6576,cod,1964,0.057316
6576,cod,1965,-0.04571
6576,cod,1966,-0.083533
6576,cod,1967,-0.052764
6576,cod,1968,-0.094628
6576,cod,1969,-0.046375
6576,cod,1970,-0.01753
6576,cod,1971,-0.172866
6576,cod,1972,-0.23319
6576,cod,1973,-0.249897
6576,cod,1974,-0.259457
6576,cod,1975,-0.269816
6576,cod,1976,-0.340005
6576,cod,1977,-0.313451
6576,cod,1978,-0.219361
6576,cod,1979,-0.190471
6576,cod,1980,-0.257315
6576,cod,1981,-0.295048
6576,cod,1982,-0.193292
6576,cod,1983,-0.272869
6576,cod,1984,-0.314707
6576,cod,1985,-0.398648
6576,cod,1986,-0.292316
6576,cod,1987,-0.404438
6576,cog,1988,-0.354367
6576,cog,1989,-0.292401
6576,cog,1990,-0.387725
6576,cog,1991,-0.483016
6576,cog,1992,-0.397474
6576,cog,1993,-0.359269
6576,cog,1994,-0.352137
6576,cog,1995,-0.391634
6576,cog,1996,-0.373352
6576,cog,1997,-0.193177
6576,cog,1998,-0.226123
6576,cog,1999,-0.261746
6576,cog,2000,-0.192462
6576,cog,2001,-0.2183
6576,cog,2002,-0.298305
6576,cog,2003,-0.207506
6576,cog,2004,-0.272493
6576,cog,2005,-0.112416
6576,cog,2006,-0.154076
6576,cog,2007,-0.115004
6576,cog,2008,-0.185145
6576,cog,2009,-0.170262
6576,cog,2010,-0.086835
6576,cog,2011,-0.044841
6576,cog,2012,-0.051621
6576,cog,2013,-0.114317
6576,cog,2014,-0.090004
6576,cog,2015,-0.085134
6576,cog,2016,-0.039324
6576,cog,1962,0.045094
6576,cog,1963,-0.005748
6576,cog,1964,0.08429
6576,cog,1965,-0.045655
6576,cog,1966,-0.090855
6576,cog,1967,-0.034506
6576,cog,1968,-0.075877
6576,cog,1969,-0.007175
6576,cog,1970,0.0056
6576,cog,1971,-0.176752
6576,cog,1972,-0.208839
6576,cog,1973,-0.233271
6576,cog,1974,-0.22447
6576,cog,1975,-0.256188
6576,cog,1976,-0.329071
6576,cog,1977,-0.293356
6576,cog,1978,-0.217267
6576,cog,1979,-0.178331
6576,cog,1980,-0.265028
6576,cog,1981,-0.308608
6576,cog,1982,-0.229033
6576,cog,1983,-0.302729
6576,cog,1984,-0.327294
6576,cog,1985,-0.414383
6576,cog,1986,-0.298911
6576,cog,1987,-0.419724
6576,cok,1988,-0.334852
6576,cok,1989,-0.279179
6576,cok,1990,-0.385773
6576,cok,1991,-0.444118
6576,cok,1992,-0.382178
6576,cok,1993,-0.338341
6576,cok,1994,-0.326513
6576,cok,1995,-0.352622
6576,cok,1996,-0.331275
6576,cok,1997,-0.187837
6576,cok,1998,-0.216812
6576,cok,1999,-0.276135
6576,cok,2000,-0.19542
6576,cok,2001,-0.226387
6576,cok,2002,-0.312112
6576,cok,2003,-0.220772
6576,cok,2004,-0.287862
6576,cok,2005,-0.138062
6576,cok,2006,-0.180268
6576,cok,2007,-0.142815
6576,cok,2008,-0.208369
6576,cok,2009,-0.192105
6576,cok,2010,-0.108148
6576,cok,2011,-0.04962
6576,cok,2012,-0.066716
6576,cok,2013,-0.131565
6576,cok,2014,-0.104706
6576,cok,2015,-0.117876
6576,cok,2016,-0.059133
6576,cok,1962,-0.054884
6576,cok,1963,0
6576,cok,1964,0
6576,cok,1966,-0.192229
6576,cok,1970,-0.096174
6576,cok,1971,-0.282747
6576,cok,1972,-0.332117
6576,cok,1973,-0.328094
6576,cok,1974,-0.354743
6576,cok,1975,-0.36762
6576,cok,1976,-0.428079
6576,cok,1977,-0.388227
6576,cok,1978,-0.31516
6576,cok,1979,-0.243089
6576,cok,1980,-0.276878
6576,cok,1981,-0.298755
6576,cok,1982,-0.221717
6576,cok,1983,-0.289681
6576,cok,1984,-0.321093
6576,cok,1985,-0.39591
6576,cok,1986,-0.294113
6576,cok,1987,-0.423
6576,col,1988,0
6576,col,1989,0
6576,col,1990,0
6576,col,1991,0
6576,col,1992,0
6576,col,1993,0
6576,col,1994,0
6576,col,1995,0
6576,col,1996,0
6576,col,1997,0
6576,col,1998,0
6576,col,1999,0
6576,col,2000,0
6576,col,2001,0
6576,col,2002,0
6576,col,2003,0
6576,col,2004,0
6576,col,2005,0
6576,col,2006,0
6576,col,2007,0
6576,col,2008,0
6576,col,2009,0
6576,col,2010,-0.057845
6576,col,2011,-0.021644
6576,col,2012,-0.03831
6576,col,2013,-0.093351
6576,col,2014,-0.063121
6576,col,2015,-0.067313
6576,col,2016,-0.028933
6576,col,1962,0.010995
6576,col,1963,-0.039802
6576,col,1964,0.030135
6576,col,1965,-0.085464
6576,col,1966,-0.114554
6576,col,1967,-0.088649
6576,col,1968,-0.113886
6576,col,1969,-0.02964
6576,col,1970,-0.018774
6576,col,1971,-0.184085
6576,col,1972,-0.229868
6576,col,1973,-0.235445
6576,col,1974,0
6576,col,1975,0
6576,col,1976,0
6576,col,1977,-0.320732
6576,col,1978,-0.230072
6576,col,1979,-0.156478
6576,col,1980,0
6576,col,1981,0
6576,col,1982,-0.183782
6576,col,1983,-0.273549
6576,col,1984,-0.312758
6576,col,1985,0
6576,col,1986,-0.26164
6576,col,1987,-0.372428
6576,com,1988,-0.358081
6576,com,1989,-0.326636
6576,com,1990,-0.422189
6576,com,1991,-0.500283
6576,com,1992,-0.409678
6576,com,1993,-0.372227
6576,com,1994,-0.350042
6576,com,1995,-0.390609
6576,com,1996,-0.361431
6576,com,1997,-0.209181
6576,com,1998,-0.259679
6576,com,1999,-0.289424
6576,com,2000,-0.215785
6576,com,2001,-0.256011
6576,com,2002,-0.335219
6576,com,2003,-0.247962
6576,com,2004,-0.302599
6576,com,2005,-0.134266
6576,com,2006,-0.176583
6576,com,2007,-0.141788
6576,com,2008,-0.214802
6576,com,2009,-0.190958
6576,com,2010,-0.117607
6576,com,2011,-0.055677
6576,com,2012,-0.067523
6576,com,2013,-0.104402
6576,com,2014,-0.095004
6576,com,2015,-0.097679
6576,com,2016,-0.05745
6576,com,1962,-0.046668
6576,com,1963,-0.091328
6576,com,1964,0.008189
6576,com,1965,-0.10361
6576,com,1966,-0.127079
6576,com,1967,-0.115589
6576,com,1968,-0.141112
6576,com,1969,-0.079655
6576,com,1970,-0.073909
6576,com,1971,-0.2408
6576,com,1972,-0.268271
6576,com,1973,-0.287812
6576,com,1974,-0.311759
6576,com,1975,-0.320996
6576,com,1976,-0.366283
6576,com,1977,-0.359554
6576,com,1978,-0.279365
6576,com,1979,-0.232117
6576,com,1980,-0.291954
6576,com,1981,-0.338477
6576,com,1982,-0.248091
6576,com,1983,-0.332296
6576,com,1984,-0.37452
6576,com,1985,-0.462643
6576,com,1986,-0.333389
6576,com,1987,-0.439128
6576,cpv,1988,-0.362331
6576,cpv,1989,-0.301919
6576,cpv,1990,-0.399242
6576,cpv,1991,-0.46506
6576,cpv,1992,-0.388176
6576,cpv,1993,-0.366321
6576,cpv,1994,-0.346626
6576,cpv,1995,-0.369552
6576,cpv,1996,-0.362796
6576,cpv,1997,-0.202978
6576,cpv,1998,-0.258642
6576,cpv,1999,-0.28685
6576,cpv,2000,-0.203697
6576,cpv,2001,-0.208194
6576,cpv,2002,-0.287285
6576,cpv,2003,-0.209745
6576,cpv,2004,-0.269388
6576,cpv,2005,-0.11728
6576,cpv,2006,-0.16421
6576,cpv,2007,-0.137166
6576,cpv,2008,-0.191496
6576,cpv,2009,-0.169494
6576,cpv,2010,-0.098528
6576,cpv,2011,-0.044303
6576,cpv,2012,-0.05509
6576,cpv,2013,-0.10591
6576,cpv,2014,-0.088139
6576,cpv,2015,-0.097301
6576,cpv,2016,-0.061219
6576,cpv,1962,-0.036163
6576,cpv,1964,0
6576,cpv,1965,0
6576,cpv,1967,0
6576,cpv,1968,-0.182932
6576,cpv,1969,-0.116708
6576,cpv,1970,-0.026764
6576,cpv,1971,-0.219461
6576,cpv,1972,-0.265695
6576,cpv,1973,-0.269132
6576,cpv,1974,-0.316549
6576,cpv,1975,-0.333871
6576,cpv,1976,-0.388155
6576,cpv,1977,-0.354826
6576,cpv,1978,-0.321595
6576,cpv,1979,-0.234015
6576,cpv,1980,-0.307063
6576,cpv,1981,-0.322936
6576,cpv,1982,-0.234677
6576,cpv,1983,-0.326419
6576,cpv,1984,-0.349998
6576,cpv,1985,-0.419665
6576,cpv,1986,-0.310576
6576,cpv,1987,-0.438686
6576,cri,1988,-0.248283
6576,cri,1989,-0.214109
6576,cri,1990,-0.272223
6576,cri,1991,-0.361047
6576,cri,1992,-0.294576
6576,cri,1993,-0.230582
6576,cri,1994,-0.2212
6576,cri,1995,-0.26722
6576,cri,1996,-0.232595
6576,cri,1997,-0.105055
6576,cri,1998,-0.165598
6576,cri,1999,-0.192239
6576,cri,2000,-0.143323
6576,cri,2001,-0.165534
6576,cri,2002,-0.246651
6576,cri,2003,-0.174799
6576,cri,2004,-0.24689
6576,cri,2005,-0.084122
6576,cri,2006,-0.108852
6576,cri,2007,-0.075285
6576,cri,2008,-0.156666
6576,cri,2009,-0.146737
6576,cri,2010,-0.083934
6576,cri,2011,-0.036231
6576,cri,2012,-0.055976
6576,cri,2013,-0.099535
6576,cri,2014,-0.064874
6576,cri,2015,-0.056462
6576,cri,2016,-0.036579
6576,cri,1962,-0.005156
6576,cri,1963,-0.057934
6576,cri,1964,0.01976
6576,cri,1965,-0.100493
6576,cri,1966,-0.149028
6576,cri,1967,-0.106592
6576,cri,1968,-0.13083
6576,cri,1969,-0.061721
6576,cri,1970,-0.029686
6576,cri,1971,-0.228693
6576,cri,1972,-0.272864
6576,cri,1973,-0.258759
6576,cri,1974,-0.2605
6576,cri,1975,-0.278328
6576,cri,1976,-0.313985
6576,cri,1977,-0.310099
6576,cri,1978,-0.24138
6576,cri,1979,-0.187139
6576,cri,1980,-0.255801
6576,cri,1981,-0.27282
6576,cri,1982,-0.184181
6576,cri,1983,-0.274634
6576,cri,1984,-0.297553
6576,cri,1985,-0.367642
6576,cri,1986,-0.250733
6576,cri,1987,-0.379066
6576,csk,1988,0
6576,csk,1989,0
6576,csk,1990,0
6576,csk,1991,0
6576,csk,1992,0
6576,csk,1962,0
6576,csk,1963,0
6576,csk,1964,0
6576,csk,1965,0
6576,csk,1966,0
6576,csk,1967,0
6576,csk,1968,0
6576,csk,1969,0
6576,csk,1970,0
6576,csk,1971,0
6576,csk,1972,0
6576,csk,1973,0
6576,csk,1974,0
6576,csk,1975,0
6576,csk,1976,0
6576,csk,1977,0
6576,csk,1978,0
6576,csk,1979,0
6576,csk,1980,0
6576,csk,1981,0
6576,csk,1982,0
6576,csk,1983,0
6576,csk,1984,0
6576,csk,1985,0
6576,csk,1986,0
6576,csk,1987,0
6576,cub,1988,-0.331037
6576,cub,1989,-0.27216
6576,cub,1990,-0.372723
6576,cub,1991,-0.437287
6576,cub,1992,-0.363743
6576,cub,1993,-0.314554
6576,cub,1994,-0.309452
6576,cub,1995,-0.356386
6576,cub,1996,-0.331365
6576,cub,1997,-0.181068
6576,cub,1998,-0.224121
6576,cub,1999,0
6576,cub,2000,-0.18764
6576,cub,2001,-0.188923
6576,cub,2002,-0.262078
6576,cub,2003,-0.180483
6576,cub,2004,-0.255424
6576,cub,2005,-0.100752
6576,cub,2006,-0.126407
6576,cub,2007,-0.103258
6576,cub,2008,-0.176842
6576,cub,2009,-0.160661
6576,cub,2010,-0.071231
6576,cub,2011,-0.024159
6576,cub,2012,-0.045577
6576,cub,2013,-0.084942
6576,cub,2014,-0.065989
6576,cub,2015,-0.072789
6576,cub,2016,-0.037145
6576,cub,1962,-0.016356
6576,cub,1963,-0.072511
6576,cub,1964,0.009468
6576,cub,1965,-0.097683
6576,cub,1966,-0.140472
6576,cub,1967,-0.092427
6576,cub,1968,-0.107183
6576,cub,1969,-0.044684
6576,cub,1970,-0.052938
6576,cub,1971,-0.222441
6576,cub,1972,-0.254019
6576,cub,1973,-0.250209
6576,cub,1974,-0.277376
6576,cub,1975,-0.266382
6576,cub,1976,-0.33
6576,cub,1977,-0.311973
6576,cub,1978,-0.247232
6576,cub,1979,-0.20025
6576,cub,1980,-0.273706
6576,cub,1981,-0.308368
6576,cub,1982,-0.224209
6576,cub,1983,-0.3014
6576,cub,1984,-0.331971
6576,cub,1985,-0.402334
6576,cub,1986,-0.291009
6576,cub,1987,-0.389064
6576,cxr,1988,-0.381062
6576,cxr,1989,-0.328548
6576,cxr,1990,-0.429192
6576,cxr,1991,-0.517269
6576,cxr,1992,-0.419721
6576,cxr,1993,-0.38772
6576,cxr,1994,-0.374036
6576,cxr,1995,-0.395666
6576,cxr,1996,-0.388584
6576,cxr,1997,-0.217225
6576,cxr,1998,-0.265801
6576,cxr,1999,-0.301908
6576,cxr,2000,-0.229993
6576,cxr,2001,-0.255557
6576,cxr,2002,-0.338237
6576,cxr,2003,-0.25188
6576,cxr,2004,-0.312381
6576,cxr,2005,-0.156131
6576,cxr,2006,-0.181215
6576,cxr,2007,0
6576,cxr,2008,-0.217984
6576,cxr,2009,-0.20114
6576,cxr,2010,-0.124616
6576,cxr,2011,-0.073055
6576,cxr,2012,-0.073447
6576,cxr,2013,-0.127147
6576,cxr,2014,-0.116756
6576,cxr,2015,-0.113346
6576,cxr,2016,-0.066748
6576,cxr,1969,-0.11527
6576,cxr,1970,-0.096579
6576,cxr,1971,-0.286443
6576,cxr,1972,-0.338738
6576,cxr,1973,-0.329244
6576,cxr,1974,-0.361041
6576,cxr,1975,-0.362773
6576,cxr,1976,-0.442608
6576,cxr,1977,-0.40358
6576,cxr,1978,-0.3247
6576,cxr,1979,-0.259151
6576,cxr,1980,-0.328496
6576,cxr,1981,-0.353925
6576,cxr,1982,-0.270801
6576,cxr,1983,-0.348226
6576,cxr,1984,-0.392428
6576,cxr,1985,-0.47696
6576,cxr,1986,-0.337439
6576,cxr,1987,-0.461718
6576,cym,1988,-0.374515
6576,cym,1989,-0.315031
6576,cym,1990,-0.407496
6576,cym,1991,-0.459207
6576,cym,1992,-0.373603
6576,cym,1993,-0.342203
6576,cym,1994,-0.344227
6576,cym,1995,-0.389931
6576,cym,1996,-0.359029
6576,cym,1997,-0.190191
6576,cym,1998,-0.263101
6576,cym,1999,-0.299884
6576,cym,2000,-0.222631
6576,cym,2001,-0.247346
6576,cym,2002,-0.336797
6576,cym,2003,-0.243249
6576,cym,2004,-0.316584
6576,cym,2005,-0.148946
6576,cym,2006,-0.183696
6576,cym,2007,-0.142355
6576,cym,2008,-0.217283
6576,cym,2009,-0.195448
6576,cym,2010,-0.117311
6576,cym,2011,-0.062035
6576,cym,2012,-0.072677
6576,cym,2013,-0.131309
6576,cym,2014,-0.111881
6576,cym,2015,-0.118297
6576,cym,2016,-0.048545
6576,cym,1967,-0.150788
6576,cym,1969,0
6576,cym,1970,-0.072855
6576,cym,1971,-0.247882
6576,cym,1972,-0.310458
6576,cym,1973,-0.300856
6576,cym,1974,-0.316334
6576,cym,1975,-0.338301
6576,cym,1976,-0.383452
6576,cym,1977,-0.380834
6576,cym,1978,-0.304041
6576,cym,1979,-0.23934
6576,cym,1980,-0.31229
6576,cym,1981,-0.324013
6576,cym,1982,-0.261572
6576,cym,1983,-0.336949
6576,cym,1984,-0.373022
6576,cym,1985,-0.462685
6576,cym,1986,0
6576,cym,1987,-0.444976
6576,cyp,1988,-0.296309
6576,cyp,1989,-0.244281
6576,cyp,1990,-0.328183
6576,cyp,1991,-0.403317
6576,cyp,1992,-0.309198
6576,cyp,1993,-0.300529
6576,cyp,1994,-0.266721
6576,cyp,1995,-0.317123
6576,cyp,1996,-0.298535
6576,cyp,1997,-0.164341
6576,cyp,1998,-0.204174
6576,cyp,1999,-0.2291
6576,cyp,2000,-0.15406
6576,cyp,2001,-0.177915
6576,cyp,2002,-0.247746
6576,cyp,2003,-0.170142
6576,cyp,2004,-0.242266
6576,cyp,2005,-0.086497
6576,cyp,2006,-0.156626
6576,cyp,2007,-0.140113
6576,cyp,2008,-0.192468
6576,cyp,2009,-0.189003
6576,cyp,2010,-0.110955
6576,cyp,2011,-0.045669
6576,cyp,2012,-0.077561
6576,cyp,2013,-0.079248
6576,cyp,2014,-0.079861
6576,cyp,2015,-0.075425
6576,cyp,2016,-0.049861
6576,cyp,1962,-0.016647
6576,cyp,1963,-0.047331
6576,cyp,1964,0.047881
6576,cyp,1965,-0.0864
6576,cyp,1966,-0.130254
6576,cyp,1967,-0.091165
6576,cyp,1968,-0.132787
6576,cyp,1969,-0.060874
6576,cyp,1970,-0.041208
6576,cyp,1971,-0.204224
6576,cyp,1972,-0.241051
6576,cyp,1973,-0.230938
6576,cyp,1974,-0.262892
6576,cyp,1975,-0.227482
6576,cyp,1976,-0.322822
6576,cyp,1977,-0.303985
6576,cyp,1978,-0.248911
6576,cyp,1979,-0.160007
6576,cyp,1980,0
6576,cyp,1981,-0.267847
6576,cyp,1982,-0.183559
6576,cyp,1983,-0.246209
6576,cyp,1984,-0.290727
6576,cyp,1985,-0.36077
6576,cyp,1986,-0.255422
6576,cyp,1987,-0.361681
6576,deu,1988,-0.493021
6576,deu,1989,-0.442963
6576,deu,1990,-0.51114
6576,deu,1991,-0.590457
6576,deu,1992,-0.546354
6576,deu,1993,-0.551329
6576,deu,1994,-0.512057
6576,deu,1995,-0.561321
6576,deu,1996,-0.53927
6576,deu,1997,-0.384808
6576,deu,1998,-0.446746
6576,deu,1999,-0.467104
6576,deu,2000,-0.396788
6576,deu,2001,-0.423442
6576,deu,2002,-0.489304
6576,deu,2003,-0.437404
6576,deu,2004,-0.482085
6576,deu,2005,-0.373508
6576,deu,2006,-0.363183
6576,deu,2007,-0.374243
6576,deu,2008,-0.392026
6576,deu,2009,-0.363465
6576,deu,2010,-0.368441
6576,deu,2011,-0.288971
6576,deu,2012,-0.233734
6576,deu,2013,-0.30573
6576,deu,2014,-0.292962
6576,deu,2015,-0.300038
6576,deu,2016,-0.223366
6576,deu,1962,-0.398737
6576,deu,1963,-0.473856
6576,deu,1964,-0.384499
6576,deu,1965,-0.45051
6576,deu,1966,-0.472066
6576,deu,1967,-0.472979
6576,deu,1968,-0.485126
6576,deu,1969,-0.439001
6576,deu,1970,-0.435467
6576,deu,1971,-0.569227
6576,deu,1972,-0.542421
6576,deu,1973,-0.568922
6576,deu,1974,-0.525015
6576,deu,1975,-0.549418
6576,deu,1976,-0.55626
6576,deu,1977,-0.533026
6576,deu,1978,-0.49854
6576,deu,1979,-0.447914
6576,deu,1980,-0.457824
6576,deu,1981,-0.428579
6576,deu,1982,-0.459858
6576,deu,1983,-0.487064
6576,deu,1984,-0.473685
6576,deu,1985,-0.527584
6576,deu,1986,-0.399375
6576,deu,1987,-0.526084
6576,dji,1988,-0.368896
6576,dji,1989,-0.320319
6576,dji,1990,-0.390362
6576,dji,1991,-0.410892
6576,dji,1992,-0.344782
6576,dji,1993,0
6576,dji,1994,-0.315041
6576,dji,1995,-0.334306
6576,dji,1996,-0.305742
6576,dji,1997,-0.150372
6576,dji,1998,-0.222133
6576,dji,1999,-0.23892
6576,dji,2000,-0.186387
6576,dji,2001,-0.169654
6576,dji,2002,-0.228131
6576,dji,2003,-0.159233
6576,dji,2004,-0.234748
6576,dji,2005,-0.08368
6576,dji,2006,-0.097555
6576,dji,2007,-0.103971
6576,dji,2008,-0.179615
6576,dji,2009,-0.175775
6576,dji,2010,-0.087334
6576,dji,2011,-0.038941
6576,dji,2012,-0.055254
6576,dji,2013,-0.096929
6576,dji,2014,-0.084583
6576,dji,2015,-0.080429
6576,dji,2016,-0.046945
6576,dji,1962,-0.019997
6576,dji,1963,-0.066784
6576,dji,1964,0.024278
6576,dji,1965,-0.09064
6576,dji,1966,-0.125698
6576,dji,1967,-0.131674
6576,dji,1968,-0.183139
6576,dji,1969,-0.095877
6576,dji,1970,-0.053194
6576,dji,1971,-0.245188
6576,dji,1972,-0.259873
6576,dji,1973,-0.260605
6576,dji,1974,-0.254941
6576,dji,1975,-0.272097
6576,dji,1976,-0.359699
6576,dji,1977,-0.296327
6576,dji,1978,-0.297212
6576,dji,1979,-0.211434
6576,dji,1980,-0.263265
6576,dji,1981,-0.28174
6576,dji,1982,-0.221409
6576,dji,1983,-0.326527
6576,dji,1984,-0.352826
6576,dji,1985,-0.43905
6576,dji,1986,-0.316395
6576,dji,1987,-0.435597
6576,dma,1988,-0.342623
6576,dma,1989,-0.290815
6576,dma,1990,-0.394881
6576,dma,1991,-0.481471
6576,dma,1992,-0.388272
6576,dma,1993,-0.346072
6576,dma,1994,-0.331269
6576,dma,1995,-0.366548
6576,dma,1996,-0.321925
6576,dma,1997,-0.180536
6576,dma,1998,-0.238394
6576,dma,1999,-0.270359
6576,dma,2000,-0.206675
6576,dma,2001,0
6576,dma,2002,-0.298887
6576,dma,2003,-0.19862
6576,dma,2004,-0.281135
6576,dma,2005,-0.113163
6576,dma,2006,-0.131907
6576,dma,2007,-0.122958
6576,dma,2008,-0.187673
6576,dma,2009,-0.177241
6576,dma,2010,-0.097319
6576,dma,2011,-0.037057
6576,dma,2012,-0.053996
6576,dma,2013,-0.103288
6576,dma,2014,-0.090528
6576,dma,2015,-0.085114
6576,dma,2016,-0.043793
6576,dma,1962,-0.054884
6576,dma,1963,0
6576,dma,1964,0
6576,dma,1965,-0.170453
6576,dma,1966,-0.188605
6576,dma,1967,0
6576,dma,1968,0
6576,dma,1970,-0.061435
6576,dma,1971,-0.23383
6576,dma,1972,-0.288287
6576,dma,1973,-0.282741
6576,dma,1974,-0.306908
6576,dma,1975,-0.319186
6576,dma,1976,-0.37933
6576,dma,1977,-0.351619
6576,dma,1978,-0.293542
6576,dma,1979,-0.229162
6576,dma,1980,-0.279317
6576,dma,1981,-0.324198
6576,dma,1982,-0.242076
6576,dma,1983,-0.301483
6576,dma,1984,-0.343796
6576,dma,1985,-0.42707
6576,dma,1986,-0.311008
6576,dma,1987,-0.409804
6576,dnk,1988,-0.390362
6576,dnk,1989,-0.341051
6576,dnk,1990,-0.421732
6576,dnk,1991,-0.490883
6576,dnk,1992,-0.42297
6576,dnk,1993,-0.388838
6576,dnk,1994,-0.36465
6576,dnk,1995,-0.396504
6576,dnk,1996,-0.379128
6576,dnk,1997,-0.224799
6576,dnk,1998,-0.269885
6576,dnk,1999,-0.293937
6576,dnk,2000,-0.234532
6576,dnk,2001,-0.260643
6576,dnk,2002,-0.327041
6576,dnk,2003,-0.269942
6576,dnk,2004,-0.312368
6576,dnk,2005,-0.169241
6576,dnk,2006,-0.199374
6576,dnk,2007,-0.183982
6576,dnk,2008,-0.23199
6576,dnk,2009,-0.221447
6576,dnk,2010,-0.17204
6576,dnk,2011,-0.112511
6576,dnk,2012,-0.103653
6576,dnk,2013,-0.146168
6576,dnk,2014,-0.130489
6576,dnk,2015,-0.136968
6576,dnk,2016,-0.092386
6576,dnk,1962,0
6576,dnk,1963,0
6576,dnk,1964,0
6576,dnk,1965,0
6576,dnk,1966,0
6576,dnk,1967,0
6576,dnk,1968,-0.239674
6576,dnk,1969,-0.160585
6576,dnk,1970,-0.148965
6576,dnk,1971,-0.298525
6576,dnk,1972,-0.341864
6576,dnk,1973,-0.324967
6576,dnk,1974,-0.325141
6576,dnk,1975,-0.333003
6576,dnk,1976,-0.375837
6576,dnk,1977,-0.361157
6576,dnk,1978,-0.332728
6576,dnk,1979,-0.258386
6576,dnk,1980,-0.322031
6576,dnk,1981,-0.332144
6576,dnk,1982,-0.280392
6576,dnk,1983,-0.346789
6576,dnk,1984,-0.363696
6576,dnk,1985,-0.423011
6576,dnk,1986,-0.312884
6576,dnk,1987,-0.42833
6576,dom,1988,-0.278898
6576,dom,1989,-0.226799
6576,dom,1990,-0.312824
6576,dom,1991,-0.360576
6576,dom,1992,-0.298328
6576,dom,1993,-0.244597
6576,dom,1994,-0.235941
6576,dom,1995,-0.263551
6576,dom,1996,-0.251264
6576,dom,1997,-0.124096
6576,dom,1998,-0.156763
6576,dom,1999,-0.176042
6576,dom,2000,-0.112188
6576,dom,2001,-0.127097
6576,dom,2002,-0.184999
6576,dom,2003,-0.123589
6576,dom,2004,-0.207802
6576,dom,2005,-0.044605
6576,dom,2006,-0.06445
6576,dom,2007,-0.054588
6576,dom,2008,-0.096648
6576,dom,2009,-0.08287
6576,dom,2010,-0.008867
6576,dom,2011,0.029606
6576,dom,2012,0.000271
6576,dom,2013,-0.036675
6576,dom,2014,-0.026248
6576,dom,2015,-0.036402
6576,dom,2016,-0.008014
6576,dom,1962,0.009261
6576,dom,1963,-0.031254
6576,dom,1964,0.036884
6576,dom,1965,-0.058589
6576,dom,1966,-0.121861
6576,dom,1967,-0.066359
6576,dom,1968,-0.103891
6576,dom,1969,-0.043849
6576,dom,1970,-0.023859
6576,dom,1971,-0.191286
6576,dom,1972,-0.236963
6576,dom,1973,-0.246646
6576,dom,1974,-0.25882
6576,dom,1975,-0.255199
6576,dom,1976,0
6576,dom,1977,-0.301384
6576,dom,1978,-0.21196
6576,dom,1979,-0.141962
6576,dom,1980,-0.207454
6576,dom,1981,-0.234745
6576,dom,1982,-0.152116
6576,dom,1983,-0.249971
6576,dom,1984,-0.274499
6576,dom,1985,-0.340309
6576,dom,1986,-0.256269
6576,dom,1987,-0.364162
6576,dza,1988,-0.379258
6576,dza,1989,-0.318153
6576,dza,1990,-0.407324
6576,dza,1991,-0.494983
6576,dza,1992,-0.400896
6576,dza,1993,-0.361654
6576,dza,1994,-0.343631
6576,dza,1995,-0.380135
6576,dza,1996,-0.362454
6576,dza,1997,-0.193697
6576,dza,1998,-0.246405
6576,dza,1999,-0.279217
6576,dza,2000,-0.213886
6576,dza,2001,-0.239789
6576,dza,2002,-0.324839
6576,dza,2003,-0.231018
6576,dza,2004,-0.30301
6576,dza,2005,-0.139275
6576,dza,2006,-0.16912
6576,dza,2007,-0.135195
6576,dza,2008,-0.201369
6576,dza,2009,-0.183462
6576,dza,2010,-0.103408
6576,dza,2011,-0.055288
6576,dza,2012,-0.064197
6576,dza,2013,-0.123113
6576,dza,2014,-0.099222
6576,dza,2015,-0.103393
6576,dza,2016,-0.052635
6576,dza,1962,0.007633
6576,dza,1963,-0.054701
6576,dza,1964,0.031042
6576,dza,1965,-0.079464
6576,dza,1966,-0.110011
6576,dza,1967,-0.097168
6576,dza,1968,-0.142589
6576,dza,1969,-0.067057
6576,dza,1970,-0.061838
6576,dza,1971,-0.224606
6576,dza,1972,-0.280696
6576,dza,1973,-0.262606
6576,dza,1974,-0.27238
6576,dza,1975,-0.311792
6576,dza,1976,-0.405315
6576,dza,1977,-0.34445
6576,dza,1978,-0.296607
6576,dza,1979,-0.241325
6576,dza,1980,-0.321832
6576,dza,1981,-0.346933
6576,dza,1982,-0.265636
6576,dza,1983,-0.338512
6576,dza,1984,-0.382992
6576,dza,1985,-0.467373
6576,dza,1986,-0.335442
6576,dza,1987,-0.449091
6576,ecu,1988,0
6576,ecu,1989,0
6576,ecu,1990,0
6576,ecu,1991,0
6576,ecu,1992,0
6576,ecu,1993,0
6576,ecu,1994,0
6576,ecu,1995,0
6576,ecu,1996,0
6576,ecu,1997,0
6576,ecu,1998,0
6576,ecu,1999,0
6576,ecu,2000,0
6576,ecu,2001,0
6576,ecu,2002,0
6576,ecu,2003,0
6576,ecu,2004,0
6576,ecu,2005,0
6576,ecu,2006,0
6576,ecu,2007,0
6576,ecu,2008,0
6576,ecu,2009,0
6576,ecu,2010,0
6576,ecu,2011,0
6576,ecu,2012,0
6576,ecu,2013,0
6576,ecu,2014,0
6576,ecu,2015,0
6576,ecu,2016,0
6576,ecu,1962,0
6576,ecu,1963,0
6576,ecu,1964,0
6576,ecu,1965,0
6576,ecu,1966,0
6576,ecu,1967,0
6576,ecu,1968,0
6576,ecu,1969,0
6576,ecu,1970,0
6576,ecu,1971,0
6576,ecu,1972,0
6576,ecu,1973,0
6576,ecu,1974,0
6576,ecu,1975,0
6576,ecu,1976,0
6576,ecu,1977,0
6576,ecu,1978,0
6576,ecu,1979,0
6576,ecu,1980,0
6576,ecu,1981,0
6576,ecu,1982,0
6576,ecu,1983,0
6576,ecu,1984,0
6576,ecu,1985,0
6576,ecu,1986,0
6576,ecu,1987,0
6576,egy,1988,-0.327693
6576,egy,1989,-0.252014
6576,egy,1990,-0.336729
6576,egy,1991,-0.372276
6576,egy,1992,-0.295104
6576,egy,1993,-0.245672
6576,egy,1994,-0.241904
6576,egy,1995,-0.246368
6576,egy,1996,-0.206698
6576,egy,1997,-0.101879
6576,egy,1998,-0.118509
6576,egy,1999,-0.159099
6576,egy,2000,-0.105483
6576,egy,2001,-0.102106
6576,egy,2002,-0.166234
6576,egy,2003,-0.085834
6576,egy,2004,-0.164196
6576,egy,2005,-0.002942
6576,egy,2006,-0.07049
6576,egy,2007,-0.006615
6576,egy,2008,-0.075461
6576,egy,2009,-0.038503
6576,egy,2010,0.032886
6576,egy,2011,0.049533
6576,egy,2012,0.02964
6576,egy,2013,0.021792
6576,egy,2014,0.001178
6576,egy,2015,0.018682
6576,egy,2016,0.024073
6576,egy,1962,0.03857
6576,egy,1963,-0.044937
6576,egy,1964,0.057681
6576,egy,1965,-0.077845
6576,egy,1966,-0.107709
6576,egy,1967,-0.080183
6576,egy,1968,-0.110661
6576,egy,1969,-0.042644
6576,egy,1970,-0.034385
6576,egy,1971,-0.21963
6576,egy,1972,-0.245344
6576,egy,1973,-0.248003
6576,egy,1974,-0.261458
6576,egy,1975,-0.223278
6576,egy,1976,-0.302224
6576,egy,1977,-0.273337
6576,egy,1978,-0.234224
6576,egy,1979,-0.187142
6576,egy,1980,-0.282656
6576,egy,1981,-0.308716
6576,egy,1982,-0.221342
6576,egy,1983,-0.29143
6576,egy,1984,-0.339804
6576,egy,1985,-0.425512
6576,egy,1986,-0.301501
6576,egy,1987,-0.410289
6576,esh,1988,-0.393621
6576,esh,1989,-0.330392
6576,esh,1990,-0.434178
6576,esh,1991,-0.51216
6576,esh,1992,-0.410717
6576,esh,1993,-0.3863
6576,esh,1994,-0.370329
6576,esh,1995,-0.411177
6576,esh,1996,-0.38418
6576,esh,1997,-0.215295
6576,esh,1998,-0.263561
6576,esh,1999,-0.300524
6576,esh,2000,-0.232801
6576,esh,2001,-0.244972
6576,esh,2002,-0.347846
6576,esh,2003,-0.252052
6576,esh,2004,-0.319386
6576,esh,2005,-0.152035
6576,esh,2006,-0.184862
6576,esh,2007,-0.154475
6576,esh,2008,-0.213444
6576,esh,2009,-0.197194
6576,esh,2010,-0.131271
6576,esh,2011,-0.080844
6576,esh,2012,-0.095146
6576,esh,2013,-0.145294
6576,esh,2014,-0.116359
6576,esh,2015,-0.118387
6576,esh,2016,-0.061392
6576,esh,1963,-0.121182
6576,esh,1968,0
6576,esh,1970,-0.058316
6576,esh,1971,-0.271461
6576,esh,1972,-0.312591
6576,esh,1973,-0.318409
6576,esh,1974,-0.354045
6576,esh,1975,-0.360986
6576,esh,1976,-0.425904
6576,esh,1977,-0.359386
6576,esh,1978,-0.303684
6576,esh,1979,-0.237943
6576,esh,1980,-0.309731
6576,esh,1981,-0.332535
6576,esh,1982,-0.276125
6576,esh,1983,-0.355499
6576,esh,1984,-0.390853
6576,esh,1985,-0.474058
6576,esh,1986,-0.333697
6576,esh,1987,-0.454867
6576,esp,1988,-0.335669
6576,esp,1989,-0.284704
6576,esp,1990,-0.37097
6576,esp,1991,-0.422259
6576,esp,1992,-0.375605
6576,esp,1993,-0.367818
6576,esp,1994,-0.333267
6576,esp,1995,-0.365116
6576,esp,1996,-0.355566
6576,esp,1997,-0.209499
6576,esp,1998,-0.252648
6576,esp,1999,-0.273168
6576,esp,2000,-0.233233
6576,esp,2001,-0.240227
6576,esp,2002,-0.301511
6576,esp,2003,-0.223582
6576,esp,2004,-0.294171
6576,esp,2005,-0.148378
6576,esp,2006,-0.176557
6576,esp,2007,-0.160185
6576,esp,2008,-0.207633
6576,esp,2009,-0.18545
6576,esp,2010,-0.12775
6576,esp,2011,-0.079646
6576,esp,2012,-0.082783
6576,esp,2013,-0.116476
6576,esp,2014,-0.095152
6576,esp,2015,-0.091604
6576,esp,2016,-0.049739
6576,esp,1962,0.061685
6576,esp,1963,0.00995
6576,esp,1964,0.094953
6576,esp,1965,-0.038863
6576,esp,1966,-0.09119
6576,esp,1967,-0.039163
6576,esp,1968,-0.090056
6576,esp,1969,-0.070154
6576,esp,1970,-0.050412
6576,esp,1971,0
6576,esp,1972,0
6576,esp,1973,0
6576,esp,1974,0
6576,esp,1975,0
6576,esp,1976,0
6576,esp,1977,0
6576,esp,1978,-0.242171
6576,esp,1979,-0.200559
6576,esp,1980,-0.292352
6576,esp,1981,-0.300408
6576,esp,1982,-0.249354
6576,esp,1983,-0.293098
6576,esp,1984,-0.314965
6576,esp,1985,-0.401665
6576,esp,1986,-0.278535
6576,esp,1987,-0.383508
6576,eth,1988,-0.297439
6576,eth,1989,-0.253365
6576,eth,1990,-0.349256
6576,eth,1991,-0.410249
6576,eth,1992,-0.338609
6576,eth,1993,-0.32437
6576,eth,1994,-0.311516
6576,eth,1995,-0.337619
6576,eth,1996,-0.324802
6576,eth,1997,-0.160562
6576,eth,1998,-0.214307
6576,eth,1999,-0.236442
6576,eth,2000,-0.164679
6576,eth,2001,-0.167357
6576,eth,2002,0
6576,eth,2003,-0.147277
6576,eth,2004,-0.18774
6576,eth,2005,-0.033472
6576,eth,2006,-0.08977
6576,eth,2007,-0.052714
6576,eth,2008,-0.11186
6576,eth,2009,-0.104988
6576,eth,2010,-0.031173
6576,eth,2011,0.036181
6576,eth,2012,-0.002134
6576,eth,2013,-0.022373
6576,eth,2014,-0.02885
6576,eth,2015,-0.02757
6576,eth,2016,0.011043
6576,eth,1962,0.049329
6576,eth,1963,-0.018623
6576,eth,1964,0.072944
6576,eth,1965,-0.048484
6576,eth,1966,-0.083344
6576,eth,1967,-0.041384
6576,eth,1968,-0.086513
6576,eth,1969,-0.00556
6576,eth,1970,0.01019
6576,eth,1971,-0.144425
6576,eth,1972,-0.204884
6576,eth,1973,-0.205589
6576,eth,1974,-0.172016
6576,eth,1975,-0.207121
6576,eth,1976,-0.31324
6576,eth,1977,-0.290267
6576,eth,1978,-0.265252
6576,eth,1979,-0.170415
6576,eth,1980,-0.230914
6576,eth,1981,-0.269926
6576,eth,1982,-0.155508
6576,eth,1983,-0.239728
6576,eth,1984,-0.290498
6576,eth,1985,-0.373548
6576,eth,1986,-0.27982
6576,eth,1987,-0.368441
6576,fin,1988,-0.403273
6576,fin,1989,-0.363822
6576,fin,1990,-0.449952
6576,fin,1991,-0.523897
6576,fin,1992,-0.462229
6576,fin,1993,-0.420593
6576,fin,1994,-0.396771
6576,fin,1995,-0.458983
6576,fin,1996,-0.438445
6576,fin,1997,-0.273181
6576,fin,1998,-0.324395
6576,fin,1999,-0.34757
6576,fin,2000,-0.277179
6576,fin,2001,-0.315655
6576,fin,2002,-0.397254
6576,fin,2003,-0.319455
6576,fin,2004,-0.365663
6576,fin,2005,-0.233072
6576,fin,2006,-0.24465
6576,fin,2007,-0.235897
6576,fin,2008,-0.279479
6576,fin,2009,-0.258909
6576,fin,2010,-0.219047
6576,fin,2011,-0.152377
6576,fin,2012,-0.126825
6576,fin,2013,-0.19486
6576,fin,2014,-0.163173
6576,fin,2015,-0.159748
6576,fin,2016,-0.10847
6576,fin,1962,-0.036895
6576,fin,1963,-0.119018
6576,fin,1964,-0.009479
6576,fin,1965,-0.13478
6576,fin,1966,-0.184192
6576,fin,1967,-0.148919
6576,fin,1968,-0.198541
6576,fin,1969,-0.138855
6576,fin,1970,-0.114724
6576,fin,1971,-0.284881
6576,fin,1972,-0.320469
6576,fin,1973,-0.301046
6576,fin,1974,-0.337759
6576,fin,1975,-0.330866
6576,fin,1976,-0.40406
6576,fin,1977,-0.379412
6576,fin,1978,-0.314255
6576,fin,1979,-0.257706
6576,fin,1980,-0.321782
6576,fin,1981,-0.335554
6576,fin,1982,-0.285646
6576,fin,1983,-0.366187
6576,fin,1984,-0.38699
6576,fin,1985,-0.467634
6576,fin,1986,-0.342599
6576,fin,1987,-0.458282
6576,fji,1988,-0.274112
6576,fji,1989,-0.238035
6576,fji,1990,-0.303112
6576,fji,1991,-0.390449
6576,fji,1992,-0.306609
6576,fji,1993,-0.274513
6576,fji,1994,0
6576,fji,1995,-0.29961
6576,fji,1996,-0.283693
6576,fji,1997,-0.141127
6576,fji,1998,-0.175842
6576,fji,1999,-0.190419
6576,fji,2000,-0.118955
6576,fji,2001,-0.137746
6576,fji,2002,-0.226046
6576,fji,2003,-0.131641
6576,fji,2004,0
6576,fji,2005,-0.031498
6576,fji,2006,-0.083393
6576,fji,2007,-0.039103
6576,fji,2008,0
6576,fji,2009,-0.104826
6576,fji,2010,-0.011902
6576,fji,2011,0.036108
6576,fji,2012,0.000034
6576,fji,2013,-0.041832
6576,fji,2014,-0.023898
6576,fji,2015,0
6576,fji,2016,0
6576,fji,1962,-0.037182
6576,fji,1963,-0.074124
6576,fji,1964,0.007194
6576,fji,1965,-0.103383
6576,fji,1966,-0.124934
6576,fji,1967,-0.090305
6576,fji,1968,-0.127514
6576,fji,1969,-0.046553
6576,fji,1970,-0.038557
6576,fji,1971,-0.201198
6576,fji,1972,-0.247657
6576,fji,1973,-0.271062
6576,fji,1974,-0.279035
6576,fji,1975,-0.301532
6576,fji,1976,-0.355578
6576,fji,1977,-0.328358
6576,fji,1978,-0.259939
6576,fji,1979,-0.202097
6576,fji,1980,-0.264005
6576,fji,1981,-0.306865
6576,fji,1982,-0.217654
6576,fji,1983,-0.296564
6576,fji,1984,-0.301935
6576,fji,1985,-0.385277
6576,fji,1986,-0.262353
6576,fji,1987,-0.363723
6576,flk,1988,-0.38728
6576,flk,1989,-0.339607
6576,flk,1990,-0.419894
6576,flk,1991,-0.506476
6576,flk,1992,-0.419857
6576,flk,1993,-0.385532
6576,flk,1994,-0.356751
6576,flk,1995,-0.399751
6576,flk,1996,-0.374344
6576,flk,1997,-0.214059
6576,flk,1998,-0.26145
6576,flk,1999,-0.296654
6576,flk,2000,-0.227425
6576,flk,2001,-0.251722
6576,flk,2002,-0.341018
6576,flk,2003,-0.237488
6576,flk,2004,-0.314959
6576,flk,2005,-0.142009
6576,flk,2006,-0.173859
6576,flk,2007,-0.140513
6576,flk,2008,-0.203049
6576,flk,2009,-0.190285
6576,flk,2010,-0.109345
6576,flk,2011,-0.060566
6576,flk,2012,-0.067471
6576,flk,2013,-0.123705
6576,flk,2014,-0.09965
6576,flk,2015,-0.110411
6576,flk,2016,-0.055981
6576,flk,1970,-0.101607
6576,flk,1971,-0.279751
6576,flk,1972,-0.332382
6576,flk,1973,-0.319134
6576,flk,1974,-0.358388
6576,flk,1975,-0.360306
6576,flk,1976,-0.429074
6576,flk,1977,-0.392628
6576,flk,1978,-0.320527
6576,flk,1979,-0.25682
6576,flk,1980,-0.32178
6576,flk,1981,-0.355964
6576,flk,1982,-0.270256
6576,flk,1983,-0.343416
6576,flk,1984,-0.391092
6576,flk,1985,-0.462408
6576,flk,1986,-0.339961
6576,flk,1987,-0.452304
6576,fra,1988,-0.406903
6576,fra,1989,-0.360588
6576,fra,1990,-0.435469
6576,fra,1991,-0.514511
6576,fra,1992,-0.443253
6576,fra,1993,-0.44626
6576,fra,1994,-0.408627
6576,fra,1995,-0.462045
6576,fra,1996,-0.421371
6576,fra,1997,-0.279502
6576,fra,1998,-0.325605
6576,fra,1999,-0.353635
6576,fra,2000,-0.287959
6576,fra,2001,-0.317434
6576,fra,2002,-0.371684
6576,fra,2003,-0.314634
6576,fra,2004,-0.366346
6576,fra,2005,-0.246108
6576,fra,2006,-0.255865
6576,fra,2007,-0.243184
6576,fra,2008,-0.288138
6576,fra,2009,-0.25899
6576,fra,2010,-0.225063
6576,fra,2011,-0.150555
6576,fra,2012,-0.130901
6576,fra,2013,-0.201945
6576,fra,2014,-0.169933
6576,fra,2015,-0.171636
6576,fra,2016,-0.111389
6576,fra,1962,0
6576,fra,1963,0
6576,fra,1964,0
6576,fra,1965,0
6576,fra,1966,0
6576,fra,1967,0
6576,fra,1968,0
6576,fra,1969,0
6576,fra,1970,0
6576,fra,1971,0
6576,fra,1972,0
6576,fra,1973,0
6576,fra,1974,0
6576,fra,1975,0
6576,fra,1976,-0.43297
6576,fra,1977,-0.415419
6576,fra,1978,0
6576,fra,1979,0
6576,fra,1980,0
6576,fra,1981,-0.376663
6576,fra,1982,0
6576,fra,1983,0
6576,fra,1984,-0.402143
6576,fra,1985,-0.468996
6576,fra,1986,-0.348148
6576,fra,1987,-0.458815
6576,fro,1988,-0.379505
6576,fro,1989,-0.324439
6576,fro,1990,-0.414826
6576,fro,1991,-0.497078
6576,fro,1992,-0.407694
6576,fro,1993,-0.373606
6576,fro,1994,-0.352255
6576,fro,1995,-0.391802
6576,fro,1996,-0.365954
6576,fro,1997,-0.199807
6576,fro,1998,-0.248199
6576,fro,1999,-0.285841
6576,fro,2000,-0.213574
6576,fro,2001,-0.235632
6576,fro,2002,-0.326466
6576,fro,2003,-0.230351
6576,fro,2004,-0.299249
6576,fro,2005,-0.132219
6576,fro,2006,-0.168568
6576,fro,2007,-0.133734
6576,fro,2008,-0.199597
6576,fro,2009,-0.181648
6576,fro,2010,-0.093865
6576,fro,2011,-0.050298
6576,fro,2012,-0.061617
6576,fro,2013,-0.112644
6576,fro,2014,-0.092821
6576,fro,2015,-0.107321
6576,fro,2016,-0.055871
6576,fro,1962,-0.072523
6576,fro,1965,-0.152778
6576,fro,1966,-0.205057
6576,fro,1967,-0.164843
6576,fro,1968,-0.20262
6576,fro,1970,-0.086057
6576,fro,1971,-0.262836
6576,fro,1972,-0.325284
6576,fro,1973,-0.311651
6576,fro,1974,-0.325068
6576,fro,1975,-0.335155
6576,fro,1976,-0.408576
6576,fro,1977,-0.37007
6576,fro,1978,-0.309872
6576,fro,1979,-0.240922
6576,fro,1980,-0.311406
6576,fro,1981,-0.346803
6576,fro,1982,-0.258491
6576,fro,1983,-0.339125
6576,fro,1984,-0.379224
6576,fro,1985,-0.458792
6576,fro,1986,-0.32745
6576,fro,1987,-0.44644
6576,gab,1988,-0.353078
6576,gab,1989,-0.299466
6576,gab,1990,-0.398325
6576,gab,1991,-0.493312
6576,gab,1992,-0.390114
6576,gab,1993,-0.368065
6576,gab,1994,-0.352187
6576,gab,1995,-0.393646
6576,gab,1996,-0.362561
6576,gab,1997,-0.194458
6576,gab,1998,-0.239251
6576,gab,1999,-0.274772
6576,gab,2000,-0.209227
6576,gab,2001,-0.23393
6576,gab,2002,-0.326793
6576,gab,2003,-0.229296
6576,gab,2004,-0.296461
6576,gab,2005,-0.129427
6576,gab,2006,-0.154881
6576,gab,2007,-0.127031
6576,gab,2008,-0.194676
6576,gab,2009,-0.179226
6576,gab,2010,-0.098211
6576,gab,2011,-0.051133
6576,gab,2012,-0.06301
6576,gab,2013,-0.115525
6576,gab,2014,-0.09528
6576,gab,2015,-0.105103
6576,gab,2016,-0.056827
6576,gab,1962,-0.018909
6576,gab,1963,-0.079715
6576,gab,1964,0.020753
6576,gab,1965,-0.090755
6576,gab,1966,-0.13145
6576,gab,1967,-0.089972
6576,gab,1968,-0.123281
6576,gab,1969,-0.062241
6576,gab,1970,-0.037892
6576,gab,1971,-0.224486
6576,gab,1972,-0.264202
6576,gab,1973,-0.25849
6576,gab,1974,-0.257554
6576,gab,1975,-0.288309
6576,gab,1976,-0.368107
6576,gab,1977,-0.324186
6576,gab,1978,-0.261248
6576,gab,1979,-0.210796
6576,gab,1980,-0.286814
6576,gab,1981,-0.31339
6576,gab,1982,-0.233633
6576,gab,1983,-0.310258
6576,gab,1984,-0.346553
6576,gab,1985,-0.430756
6576,gab,1986,-0.300884
6576,gab,1987,-0.419054
6576,gbr,1988,-0.421113
6576,gbr,1989,-0.372762
6576,gbr,1990,-0.458883
6576,gbr,1991,-0.521692
6576,gbr,1992,-0.452321
6576,gbr,1993,-0.43885
6576,gbr,1994,-0.414402
6576,gbr,1995,-0.445305
6576,gbr,1996,-0.422579
6576,gbr,1997,-0.286838
6576,gbr,1998,-0.346616
6576,gbr,1999,-0.356309
6576,gbr,2000,-0.297725
6576,gbr,2001,-0.32804
6576,gbr,2002,-0.391345
6576,gbr,2003,-0.331583
6576,gbr,2004,-0.366378
6576,gbr,2005,0
6576,gbr,2006,-0.250693
6576,gbr,2007,-0.236636
6576,gbr,2008,-0.289327
6576,gbr,2009,-0.247226
6576,gbr,2010,0
6576,gbr,2011,-0.133623
6576,gbr,2012,-0.126473
6576,gbr,2013,-0.180323
6576,gbr,2014,-0.173522
6576,gbr,2015,-0.170311
6576,gbr,2016,-0.121182
6576,gbr,1962,0
6576,gbr,1963,0
6576,gbr,1964,0
6576,gbr,1965,-0.383021
6576,gbr,1966,-0.410145
6576,gbr,1967,-0.40934
6576,gbr,1968,-0.418599
6576,gbr,1969,-0.349936
6576,gbr,1970,-0.355655
6576,gbr,1971,-0.499517
6576,gbr,1972,-0.503382
6576,gbr,1973,-0.511904
6576,gbr,1974,-0.497879
6576,gbr,1975,-0.503083
6576,gbr,1976,-0.52662
6576,gbr,1977,-0.476438
6576,gbr,1978,-0.427381
6576,gbr,1979,-0.372362
6576,gbr,1980,-0.410381
6576,gbr,1981,-0.38689
6576,gbr,1982,-0.375263
6576,gbr,1983,-0.408627
6576,gbr,1984,-0.411058
6576,gbr,1985,-0.490442
6576,gbr,1986,-0.35987
6576,gbr,1987,-0.464607
6576,gha,1988,-0.33342
6576,gha,1989,-0.274738
6576,gha,1990,-0.345114
6576,gha,1991,-0.437272
6576,gha,1992,-0.341247
6576,gha,1993,-0.282737
6576,gha,1994,-0.280484
6576,gha,1995,-0.330231
6576,gha,1996,-0.274906
6576,gha,1997,-0.135864
6576,gha,1998,-0.152188
6576,gha,1999,-0.181538
6576,gha,2000,-0.117379
6576,gha,2001,-0.148197
6576,gha,2002,-0.232802
6576,gha,2003,-0.114441
6576,gha,2004,-0.22205
6576,gha,2005,-0.055648
6576,gha,2006,-0.084937
6576,gha,2007,-0.050134
6576,gha,2008,-0.126252
6576,gha,2009,-0.097881
6576,gha,2010,-0.020438
6576,gha,2011,-0.015117
6576,gha,2012,-0.014368
6576,gha,2013,-0.068512
6576,gha,2014,-0.054906
6576,gha,2015,-0.067795
6576,gha,2016,-0.024881
6576,gha,1962,-0.010199
6576,gha,1963,-0.072396
6576,gha,1964,0.021423
6576,gha,1965,-0.096836
6576,gha,1966,-0.119148
6576,gha,1967,-0.068866
6576,gha,1968,-0.102145
6576,gha,1969,-0.050422
6576,gha,1970,-0.030428
6576,gha,1971,-0.189473
6576,gha,1972,-0.241244
6576,gha,1973,-0.250118
6576,gha,1974,-0.268177
6576,gha,1975,-0.291996
6576,gha,1976,-0.353306
6576,gha,1977,-0.329176
6576,gha,1978,-0.258042
6576,gha,1979,-0.207583
6576,gha,1980,-0.263352
6576,gha,1981,-0.302411
6576,gha,1982,-0.207808
6576,gha,1983,-0.280467
6576,gha,1984,-0.318389
6576,gha,1985,-0.406885
6576,gha,1986,-0.299592
6576,gha,1987,-0.406436
6576,gib,1988,-0.38368
6576,gib,1989,-0.339578
6576,gib,1990,-0.427333
6576,gib,1991,-0.493103
6576,gib,1992,-0.399087
6576,gib,1993,-0.378702
6576,gib,1994,-0.347292
6576,gib,1995,-0.392941
6576,gib,1996,-0.369866
6576,gib,1997,-0.199089
6576,gib,1998,-0.248873
6576,gib,1999,-0.281571
6576,gib,2000,-0.215736
6576,gib,2001,-0.243983
6576,gib,2002,-0.311548
6576,gib,2003,-0.245569
6576,gib,2004,-0.309924
6576,gib,2005,-0.145465
6576,gib,2006,-0.177284
6576,gib,2007,-0.158886
6576,gib,2008,-0.207787
6576,gib,2009,-0.20542
6576,gib,2010,-0.123485
6576,gib,2011,-0.075258
6576,gib,2012,-0.075397
6576,gib,2013,-0.135136
6576,gib,2014,-0.105445
6576,gib,2015,-0.115819
6576,gib,2016,-0.063122
6576,gib,1962,-0.06736
6576,gib,1963,-0.133356
6576,gib,1964,-0.030372
6576,gib,1965,-0.156357
6576,gib,1966,-0.190209
6576,gib,1967,-0.151484
6576,gib,1968,-0.193023
6576,gib,1969,-0.120531
6576,gib,1970,-0.16829
6576,gib,1971,-0.280379
6576,gib,1972,-0.330401
6576,gib,1973,-0.337932
6576,gib,1974,-0.289138
6576,gib,1975,-0.367818
6576,gib,1976,-0.418975
6576,gib,1977,-0.388122
6576,gib,1978,-0.319135
6576,gib,1979,-0.256336
6576,gib,1980,-0.30859
6576,gib,1981,-0.367585
6576,gib,1982,-0.271383
6576,gib,1983,-0.354705
6576,gib,1984,-0.388964
6576,gib,1985,0
6576,gib,1986,-0.328058
6576,gib,1987,-0.439721
6576,gin,1988,-0.357754
6576,gin,1989,-0.296639
6576,gin,1990,-0.390085
6576,gin,1991,-0.460795
6576,gin,1992,-0.374126
6576,gin,1993,-0.337435
6576,gin,1994,-0.324978
6576,gin,1995,-0.34908
6576,gin,1996,-0.339155
6576,gin,1997,-0.166965
6576,gin,1998,-0.2226
6576,gin,1999,-0.250191
6576,gin,2000,-0.177753
6576,gin,2001,-0.205043
6576,gin,2002,-0.277388
6576,gin,2003,-0.17729
6576,gin,2004,-0.262358
6576,gin,2005,-0.108007
6576,gin,2006,-0.130705
6576,gin,2007,-0.104343
6576,gin,2008,-0.16558
6576,gin,2009,-0.149498
6576,gin,2010,-0.062576
6576,gin,2011,-0.027363
6576,gin,2012,-0.038243
6576,gin,2013,-0.086522
6576,gin,2014,-0.067956
6576,gin,2015,-0.074651
6576,gin,2016,-0.036581
6576,gin,1962,0.006651
6576,gin,1963,-0.066556
6576,gin,1964,0.026156
6576,gin,1965,-0.098899
6576,gin,1966,-0.124469
6576,gin,1967,-0.103567
6576,gin,1968,-0.137696
6576,gin,1969,-0.083009
6576,gin,1970,-0.042219
6576,gin,1971,-0.247075
6576,gin,1972,-0.306574
6576,gin,1973,-0.26388
6576,gin,1974,-0.30169
6576,gin,1975,-0.321213
6576,gin,1976,-0.401343
6576,gin,1977,-0.372226
6576,gin,1978,-0.292072
6576,gin,1979,-0.219375
6576,gin,1980,-0.31181
6576,gin,1981,-0.317161
6576,gin,1982,-0.225667
6576,gin,1983,-0.301908
6576,gin,1984,-0.332579
6576,gin,1985,-0.406999
6576,gin,1986,-0.308363
6576,gin,1987,-0.419924
6576,glp,1988,-0.373314
6576,glp,1989,-0.318341
6576,glp,1990,-0.41025
6576,glp,1991,-0.472947
6576,glp,1992,-0.402982
6576,glp,1993,-0.365642
6576,glp,1994,-0.358264
6576,glp,1995,-0.39021
6576,glp,1962,-0.044977
6576,glp,1963,-0.094496
6576,glp,1964,-0.004314
6576,glp,1965,-0.127321
6576,glp,1966,-0.163593
6576,glp,1967,-0.125816
6576,glp,1968,-0.175888
6576,glp,1969,-0.094505
6576,glp,1970,-0.092468
6576,glp,1971,-0.266934
6576,glp,1972,-0.314157
6576,glp,1973,-0.310672
6576,glp,1974,-0.330133
6576,glp,1975,-0.334031
6576,glp,1976,-0.404629
6576,glp,1977,-0.371312
6576,glp,1978,-0.289535
6576,glp,1979,-0.219126
6576,glp,1980,-0.304979
6576,glp,1981,-0.325089
6576,glp,1982,-0.252582
6576,glp,1983,-0.321407
6576,glp,1984,-0.36229
6576,glp,1985,-0.432798
6576,glp,1986,-0.318972
6576,glp,1987,-0.441151
6576,gmb,1988,-0.354946
6576,gmb,1989,-0.322654
6576,gmb,1990,-0.407825
6576,gmb,1991,-0.485674
6576,gmb,1992,-0.396653
6576,gmb,1993,-0.350169
6576,gmb,1994,-0.341412
6576,gmb,1995,-0.387997
6576,gmb,1996,-0.354242
6576,gmb,1997,-0.198427
6576,gmb,1998,-0.23388
6576,gmb,1999,-0.261341
6576,gmb,2000,-0.180904
6576,gmb,2001,-0.230195
6576,gmb,2002,-0.274279
6576,gmb,2003,-0.189528
6576,gmb,2004,-0.25708
6576,gmb,2005,-0.086656
6576,gmb,2006,-0.14453
6576,gmb,2007,-0.094754
6576,gmb,2008,-0.169335
6576,gmb,2009,-0.137905
6576,gmb,2010,-0.062347
6576,gmb,2011,-0.034383
6576,gmb,2012,-0.050388
6576,gmb,2013,-0.098288
6576,gmb,2014,-0.061882
6576,gmb,2015,-0.085919
6576,gmb,2016,-0.043795
6576,gmb,1962,-0.026963
6576,gmb,1963,-0.076564
6576,gmb,1964,0.031997
6576,gmb,1965,-0.09885
6576,gmb,1966,-0.149959
6576,gmb,1967,-0.115348
6576,gmb,1968,-0.166142
6576,gmb,1969,-0.090966
6576,gmb,1970,-0.067739
6576,gmb,1971,-0.249977
6576,gmb,1972,-0.302879
6576,gmb,1973,-0.281253
6576,gmb,1974,-0.312239
6576,gmb,1975,-0.31712
6576,gmb,1976,-0.383486
6576,gmb,1977,-0.33983
6576,gmb,1978,-0.273824
6576,gmb,1979,-0.217108
6576,gmb,1980,-0.294838
6576,gmb,1981,-0.320143
6576,gmb,1982,-0.219844
6576,gmb,1983,-0.309054
6576,gmb,1984,0
6576,gmb,1985,-0.427489
6576,gmb,1986,-0.299958
6576,gmb,1987,-0.399499
6576,gnb,1988,-0.357855
6576,gnb,1989,-0.295556
6576,gnb,1990,-0.385531
6576,gnb,1991,-0.468881
6576,gnb,1992,-0.381933
6576,gnb,1993,-0.346994
6576,gnb,1994,-0.335195
6576,gnb,1995,-0.386113
6576,gnb,1996,-0.350757
6576,gnb,1997,-0.176122
6576,gnb,1998,-0.221289
6576,gnb,1999,-0.27235
6576,gnb,2000,-0.201145
6576,gnb,2001,-0.248647
6576,gnb,2002,-0.324849
6576,gnb,2003,-0.229068
6576,gnb,2004,-0.283106
6576,gnb,2005,-0.108164
6576,gnb,2006,-0.158426
6576,gnb,2007,-0.125911
6576,gnb,2008,-0.189394
6576,gnb,2009,-0.181553
6576,gnb,2010,-0.099772
6576,gnb,2011,-0.051216
6576,gnb,2012,-0.052305
6576,gnb,2013,-0.111034
6576,gnb,2014,-0.091609
6576,gnb,2015,-0.101959
6576,gnb,2016,-0.049972
6576,gnb,1962,0.04722
6576,gnb,1963,0.006002
6576,gnb,1964,0.092804
6576,gnb,1965,-0.031201
6576,gnb,1966,-0.059617
6576,gnb,1967,-0.050951
6576,gnb,1968,-0.081426
6576,gnb,1969,-0.005435
6576,gnb,1970,0.001932
6576,gnb,1971,-0.155866
6576,gnb,1972,-0.203126
6576,gnb,1973,-0.243103
6576,gnb,1974,-0.272523
6576,gnb,1975,-0.281352
6576,gnb,1976,-0.360532
6576,gnb,1977,-0.324337
6576,gnb,1978,-0.27676
6576,gnb,1979,-0.20832
6576,gnb,1980,-0.281227
6576,gnb,1981,-0.294402
6576,gnb,1982,-0.218477
6576,gnb,1983,-0.315743
6576,gnb,1984,-0.340393
6576,gnb,1985,-0.416448
6576,gnb,1986,-0.298911
6576,gnb,1987,-0.402135
6576,gnq,1988,-0.35499
6576,gnq,1989,-0.292053
6576,gnq,1990,-0.392691
6576,gnq,1991,-0.489572
6576,gnq,1992,-0.383673
6576,gnq,1993,-0.355125
6576,gnq,1994,-0.320203
6576,gnq,1995,-0.37943
6576,gnq,1996,-0.360658
6576,gnq,1997,-0.196894
6576,gnq,1998,-0.237844
6576,gnq,1999,-0.284316
6576,gnq,2000,-0.214728
6576,gnq,2001,-0.246373
6576,gnq,2002,-0.323855
6576,gnq,2003,-0.236392
6576,gnq,2004,-0.312554
6576,gnq,2005,-0.145766
6576,gnq,2006,-0.174144
6576,gnq,2007,-0.137633
6576,gnq,2008,-0.206889
6576,gnq,2009,-0.19175
6576,gnq,2010,-0.110304
6576,gnq,2011,-0.059893
6576,gnq,2012,-0.070655
6576,gnq,2013,-0.127758
6576,gnq,2014,-0.104634
6576,gnq,2015,-0.112833
6576,gnq,2016,-0.059327
6576,gnq,1962,-0.009882
6576,gnq,1963,-0.062411
6576,gnq,1964,0.006372
6576,gnq,1965,-0.121318
6576,gnq,1966,-0.143762
6576,gnq,1967,-0.078192
6576,gnq,1968,-0.120054
6576,gnq,1969,-0.059009
6576,gnq,1970,-0.020585
6576,gnq,1971,-0.226077
6576,gnq,1972,-0.269086
6576,gnq,1973,-0.28406
6576,gnq,1974,-0.30779
6576,gnq,1975,-0.320495
6576,gnq,1976,-0.386304
6576,gnq,1977,-0.341544
6576,gnq,1978,-0.28918
6576,gnq,1979,-0.228668
6576,gnq,1980,-0.301552
6576,gnq,1981,0
6576,gnq,1982,0
6576,gnq,1983,-0.307327
6576,gnq,1984,-0.336309
6576,gnq,1985,-0.425413
6576,gnq,1986,-0.305469
6576,gnq,1987,-0.414516
6576,grc,1988,-0.268675
6576,grc,1989,-0.221909
6576,grc,1990,-0.294725
6576,grc,1991,-0.351547
6576,grc,1992,-0.277123
6576,grc,1993,-0.18643
6576,grc,1994,-0.197873
6576,grc,1995,-0.24974
6576,grc,1996,-0.241919
6576,grc,1997,-0.116168
6576,grc,1998,-0.15416
6576,grc,1999,-0.16794
6576,grc,2000,-0.127269
6576,grc,2001,-0.146721
6576,grc,2002,-0.207646
6576,grc,2003,-0.136083
6576,grc,2004,-0.177924
6576,grc,2005,-0.024163
6576,grc,2006,-0.071273
6576,grc,2007,-0.046388
6576,grc,2008,-0.108689
6576,grc,2009,-0.081596
6576,grc,2010,-0.002256
6576,grc,2011,0.006308
6576,grc,2012,-0.016216
6576,grc,2013,-0.041818
6576,grc,2014,-0.03809
6576,grc,2015,-0.029134
6576,grc,2016,-0.005807
6576,grc,1962,0.039548
6576,grc,1963,-0.026894
6576,grc,1964,0.06556
6576,grc,1965,-0.038666
6576,grc,1966,-0.08679
6576,grc,1967,-0.045701
6576,grc,1968,-0.077908
6576,grc,1969,-0.027856
6576,grc,1970,-0.000741
6576,grc,1971,-0.161078
6576,grc,1972,-0.189324
6576,grc,1973,-0.190854
6576,grc,1974,-0.210939
6576,grc,1975,-0.176405
6576,grc,1976,-0.250506
6576,grc,1977,-0.228435
6576,grc,1978,-0.218314
6576,grc,1979,-0.129357
6576,grc,1980,-0.237801
6576,grc,1981,-0.26003
6576,grc,1982,-0.154214
6576,grc,1983,-0.235414
6576,grc,1984,-0.285423
6576,grc,1985,-0.348456
6576,grc,1986,-0.240798
6576,grc,1987,-0.342501
6576,grd,1988,-0.337879
6576,grd,1989,-0.276098
6576,grd,1990,-0.365982
6576,grd,1991,-0.445796
6576,grd,1992,-0.386328
6576,grd,1993,-0.360091
6576,grd,1994,-0.313358
6576,grd,1995,-0.360204
6576,grd,1996,-0.336398
6576,grd,1997,-0.184463
6576,grd,1998,-0.238577
6576,grd,1999,-0.263673
6576,grd,2000,0
6576,grd,2001,-0.236226
6576,grd,2002,-0.324864
6576,grd,2003,0
6576,grd,2004,-0.290353
6576,grd,2005,-0.125187
6576,grd,2006,-0.150152
6576,grd,2007,-0.129079
6576,grd,2008,-0.208892
6576,grd,2009,-0.162368
6576,grd,2010,-0.085516
6576,grd,2011,-0.048096
6576,grd,2012,-0.062208
6576,grd,2013,-0.113345
6576,grd,2014,-0.085008
6576,grd,2015,-0.099975
6576,grd,2016,-0.061698
6576,grd,1965,-0.148305
6576,grd,1969,-0.116422
6576,grd,1970,-0.076907
6576,grd,1971,-0.254942
6576,grd,1972,-0.304866
6576,grd,1973,-0.269398
6576,grd,1974,-0.302289
6576,grd,1975,-0.283401
6576,grd,1976,-0.406978
6576,grd,1977,-0.369221
6576,grd,1978,-0.316549
6576,grd,1979,-0.231172
6576,grd,1980,-0.297423
6576,grd,1981,-0.309778
6576,grd,1982,-0.2174
6576,grd,1983,-0.277769
6576,grd,1984,-0.333858
6576,grd,1985,-0.414548
6576,grd,1986,-0.319543
6576,grd,1987,-0.430253
6576,grl,1988,-0.382275
6576,grl,1989,-0.326164
6576,grl,1990,-0.417854
6576,grl,1991,-0.496618
6576,grl,1992,-0.410178
6576,grl,1993,-0.378244
6576,grl,1994,-0.360179
6576,grl,1995,-0.39721
6576,grl,1996,-0.364642
6576,grl,1997,-0.200542
6576,grl,1998,-0.253441
6576,grl,1999,-0.287217
6576,grl,2000,-0.215117
6576,grl,2001,-0.242082
6576,grl,2002,-0.326816
6576,grl,2003,-0.230206
6576,grl,2004,-0.297721
6576,grl,2005,-0.131963
6576,grl,2006,-0.163857
6576,grl,2007,-0.128225
6576,grl,2008,-0.18954
6576,grl,2009,-0.169844
6576,grl,2010,-0.097956
6576,grl,2011,-0.045668
6576,grl,2012,-0.056724
6576,grl,2013,-0.109296
6576,grl,2014,-0.089673
6576,grl,2015,-0.099138
6576,grl,2016,-0.05381
6576,grl,1962,0
6576,grl,1964,0
6576,grl,1965,0
6576,grl,1966,-0.191949
6576,grl,1967,0
6576,grl,1968,0
6576,grl,1969,-0.124445
6576,grl,1970,-0.095451
6576,grl,1971,-0.277584
6576,grl,1972,-0.324157
6576,grl,1973,-0.318065
6576,grl,1974,-0.327137
6576,grl,1975,-0.330262
6576,grl,1976,-0.398844
6576,grl,1977,-0.36562
6576,grl,1978,-0.294427
6576,grl,1979,-0.234447
6576,grl,1980,-0.307466
6576,grl,1981,-0.344203
6576,grl,1982,-0.259415
6576,grl,1983,-0.337127
6576,grl,1984,-0.37564
6576,grl,1985,-0.457459
6576,grl,1986,-0.329495
6576,grl,1987,-0.447292
6576,gtm,1988,-0.236859
6576,gtm,1989,-0.185447
6576,gtm,1990,-0.272945
6576,gtm,1991,0
6576,gtm,1992,-0.253522
6576,gtm,1993,-0.227914
6576,gtm,1994,-0.207133
6576,gtm,1995,-0.235334
6576,gtm,1996,-0.21082
6576,gtm,1997,-0.095879
6576,gtm,1998,-0.132023
6576,gtm,1999,-0.142023
6576,gtm,2000,-0.086437
6576,gtm,2001,-0.104077
6576,gtm,2002,-0.178917
6576,gtm,2003,-0.110392
6576,gtm,2004,-0.175518
6576,gtm,2005,-0.006316
6576,gtm,2006,0
6576,gtm,2007,-0.011286
6576,gtm,2008,-0.081417
6576,gtm,2009,-0.064842
6576,gtm,2010,0.006322
6576,gtm,2011,0.029072
6576,gtm,2012,-0.001263
6576,gtm,2013,-0.015809
6576,gtm,2014,0
6576,gtm,2015,-0.021948
6576,gtm,2016,0.010203
6576,gtm,1962,0.01884
6576,gtm,1963,-0.039016
6576,gtm,1964,0.04457
6576,gtm,1965,-0.058489
6576,gtm,1966,-0.112793
6576,gtm,1967,-0.050545
6576,gtm,1968,-0.102635
6576,gtm,1969,-0.028874
6576,gtm,1970,-0.010239
6576,gtm,1971,-0.178727
6576,gtm,1972,-0.20802
6576,gtm,1973,-0.222396
6576,gtm,1974,-0.218046
6576,gtm,1975,-0.22206
6576,gtm,1976,-0.29232
6576,gtm,1977,-0.280148
6576,gtm,1978,-0.22381
6576,gtm,1979,-0.17731
6576,gtm,1980,-0.240326
6576,gtm,1981,-0.283464
6576,gtm,1982,-0.189575
6576,gtm,1983,-0.277023
6576,gtm,1984,-0.306607
6576,gtm,1985,0
6576,gtm,1986,-0.23619
6576,gtm,1987,-0.338371
6576,guf,1988,-0.361499
6576,guf,1989,-0.306708
6576,guf,1990,-0.396388
6576,guf,1991,-0.479807
6576,guf,1992,-0.393119
6576,guf,1993,-0.371271
6576,guf,1994,-0.345906
6576,guf,1995,-0.385258
6576,guf,1962,-0.06349
6576,guf,1963,-0.115229
6576,guf,1964,0.000802
6576,guf,1965,-0.106243
6576,guf,1966,-0.13709
6576,guf,1967,-0.098912
6576,guf,1968,-0.139016
6576,guf,1969,-0.080401
6576,guf,1970,-0.04242
6576,guf,1971,-0.259552
6576,guf,1972,-0.288222
6576,guf,1973,-0.26671
6576,guf,1974,-0.285958
6576,guf,1975,-0.304885
6576,guf,1976,-0.36876
6576,guf,1977,-0.319067
6576,guf,1978,-0.257871
6576,guf,1979,-0.215438
6576,guf,1980,-0.274846
6576,guf,1981,-0.315282
6576,guf,1982,-0.220532
6576,guf,1983,-0.32482
6576,guf,1984,-0.356144
6576,guf,1985,-0.416951
6576,guf,1986,-0.310298
6576,guf,1987,-0.423362
6576,guy,1988,-0.348662
6576,guy,1989,-0.294397
6576,guy,1990,-0.378866
6576,guy,1991,-0.453374
6576,guy,1992,-0.370736
6576,guy,1993,-0.323465
6576,guy,1994,-0.299623
6576,guy,1995,-0.337741
6576,guy,1996,-0.317093
6576,guy,1997,-0.159687
6576,guy,1998,-0.201505
6576,guy,1999,-0.231212
6576,guy,2000,-0.170459
6576,guy,2001,-0.176585
6576,guy,2002,-0.262014
6576,guy,2003,-0.178955
6576,guy,2004,-0.241488
6576,guy,2005,-0.091078
6576,guy,2006,-0.126666
6576,guy,2007,-0.089161
6576,guy,2008,-0.154127
6576,guy,2009,-0.140564
6576,guy,2010,-0.060539
6576,guy,2011,-0.015843
6576,guy,2012,-0.031473
6576,guy,2013,-0.066584
6576,guy,2014,-0.052527
6576,guy,2015,-0.070773
6576,guy,2016,-0.039413
6576,guy,1962,-0.011706
6576,guy,1963,-0.076676
6576,guy,1964,0.010075
6576,guy,1965,-0.079365
6576,guy,1966,-0.133688
6576,guy,1967,-0.094434
6576,guy,1968,-0.134711
6576,guy,1969,-0.066809
6576,guy,1970,-0.063063
6576,guy,1971,-0.237194
6576,guy,1972,-0.295163
6576,guy,1973,-0.290456
6576,guy,1974,-0.31512
6576,guy,1975,-0.320144
6576,guy,1976,-0.379806
6576,guy,1977,-0.342645
6576,guy,1978,-0.269602
6576,guy,1979,-0.212415
6576,guy,1980,-0.275521
6576,guy,1981,-0.305079
6576,guy,1982,-0.210438
6576,guy,1983,-0.293659
6576,guy,1984,-0.327576
6576,guy,1985,-0.409106
6576,guy,1986,-0.307292
6576,guy,1987,-0.407131
6576,hkg,1988,0
6576,hkg,1989,0
6576,hkg,1990,0
6576,hkg,1991,0
6576,hkg,1992,0
6576,hkg,1993,0
6576,hkg,1994,0
6576,hkg,1995,0
6576,hkg,1996,0
6576,hkg,1997,0
6576,hkg,1998,0
6576,hkg,1999,0
6576,hkg,2000,0
6576,hkg,2001,0
6576,hkg,2002,0
6576,hkg,2003,0
6576,hkg,2004,0
6576,hkg,2005,0
6576,hkg,2006,0
6576,hkg,2007,0
6576,hkg,2008,0
6576,hkg,2009,0
6576,hkg,2010,0
6576,hkg,2011,-0.076511
6576,hkg,2012,-0.11717
6576,hkg,2013,-0.13769
6576,hkg,2014,-0.137927
6576,hkg,2015,-0.109763
6576,hkg,2016,-0.095168
6576,hkg,1962,-0.013329
6576,hkg,1963,0
6576,hkg,1964,0.0147
6576,hkg,1965,-0.100954
6576,hkg,1966,0
6576,hkg,1967,0
6576,hkg,1968,-0.173086
6576,hkg,1969,-0.105657
6576,hkg,1970,-0.086439
6576,hkg,1971,-0.268671
6576,hkg,1972,0
6576,hkg,1973,0
6576,hkg,1974,0
6576,hkg,1975,0
6576,hkg,1976,0
6576,hkg,1977,0
6576,hkg,1978,0
6576,hkg,1979,0
6576,hkg,1980,0
6576,hkg,1981,0
6576,hkg,1982,0
6576,hkg,1983,0
6576,hkg,1984,0
6576,hkg,1985,0
6576,hkg,1986,0
6576,hkg,1987,0
6576,hnd,1988,-0.282084
6576,hnd,1989,-0.211225
6576,hnd,1990,-0.310935
6576,hnd,1991,-0.361694
6576,hnd,1992,-0.280056
6576,hnd,1993,-0.237775
6576,hnd,1994,-0.234048
6576,hnd,1995,-0.279937
6576,hnd,1996,-0.253609
6576,hnd,1997,-0.107841
6576,hnd,1998,-0.147932
6576,hnd,1999,-0.165558
6576,hnd,2000,-0.110803
6576,hnd,2001,-0.12685
6576,hnd,2002,-0.215217
6576,hnd,2003,-0.12974
6576,hnd,2004,-0.185306
6576,hnd,2005,-0.038183
6576,hnd,2006,-0.066652
6576,hnd,2007,-0.025132
6576,hnd,2008,-0.095923
6576,hnd,2009,-0.095702
6576,hnd,2010,-0.005577
6576,hnd,2011,0.012061
6576,hnd,2012,-0.001795
6576,hnd,2013,-0.02813
6576,hnd,2014,-0.014668
6576,hnd,2015,-0.026402
6576,hnd,2016,-0.002361
6576,hnd,1962,-0.009714
6576,hnd,1963,-0.033235
6576,hnd,1964,0.067504
6576,hnd,1965,-0.069787
6576,hnd,1966,-0.085239
6576,hnd,1967,-0.050021
6576,hnd,1968,-0.087299
6576,hnd,1969,-0.031402
6576,hnd,1970,-0.013074
6576,hnd,1971,-0.1908
6576,hnd,1972,-0.225348
6576,hnd,1973,-0.251206
6576,hnd,1974,-0.224144
6576,hnd,1975,-0.220761
6576,hnd,1976,-0.287538
6576,hnd,1977,-0.295685
6576,hnd,1978,-0.238458
6576,hnd,1979,-0.188188
6576,hnd,1980,-0.239969
6576,hnd,1981,-0.273118
6576,hnd,1982,-0.193498
6576,hnd,1983,-0.274079
6576,hnd,1984,-0.300842
6576,hnd,1985,-0.350131
6576,hnd,1986,-0.246059
6576,hnd,1987,-0.368555
6576,hti,1988,-0.285342
6576,hti,1989,-0.235532
6576,hti,1990,-0.332688
6576,hti,1991,0
6576,hti,1992,-0.310127
6576,hti,1993,-0.302113
6576,hti,1994,-0.273197
6576,hti,1995,-0.265857
6576,hti,1996,-0.25364
6576,hti,1997,-0.120445
6576,hti,1998,-0.170657
6576,hti,1999,-0.201871
6576,hti,2000,-0.134226
6576,hti,2001,-0.165215
6576,hti,2002,-0.248084
6576,hti,2003,-0.15132
6576,hti,2004,0
6576,hti,2005,0
6576,hti,2006,0
6576,hti,2007,-0.089744
6576,hti,2008,0
6576,hti,2009,0
6576,hti,2010,-0.06539
6576,hti,2011,0
6576,hti,2012,0
6576,hti,2013,0
6576,hti,2014,0
6576,hti,2015,0
6576,hti,2016,0
6576,hti,1962,0
6576,hti,1963,0
6576,hti,1964,0
6576,hti,1965,0
6576,hti,1966,0
6576,hti,1967,0
6576,hti,1968,0
6576,hti,1969,0
6576,hti,1970,0
6576,hti,1971,0
6576,hti,1972,0
6576,hti,1973,0
6576,hti,1974,0
6576,hti,1975,0
6576,hti,1976,0
6576,hti,1977,0
6576,hti,1978,0
6576,hti,1979,0
6576,hti,1980,0
6576,hti,1981,0
6576,hti,1982,0
6576,hti,1983,0
6576,hti,1984,0
6576,hti,1985,0
6576,hti,1986,-0.260108
6576,hti,1987,-0.361963
6576,hun,1988,0
6576,hun,1989,0
6576,hun,1990,0
6576,hun,1991,0
6576,hun,1992,0
6576,hun,1993,0
6576,hun,1994,0
6576,hun,1995,0
6576,hun,1996,0
6576,hun,1997,-0.178762
6576,hun,1998,-0.209861
6576,hun,1999,0
6576,hun,2000,-0.212688
6576,hun,2001,-0.244655
6576,hun,2002,-0.332605
6576,hun,2003,-0.286577
6576,hun,2004,-0.33653
6576,hun,2005,-0.193221
6576,hun,2006,-0.242918
6576,hun,2007,-0.230528
6576,hun,2008,-0.285368
6576,hun,2009,-0.269229
6576,hun,2010,0
6576,hun,2011,-0.164119
6576,hun,2012,-0.154996
6576,hun,2013,-0.221114
6576,hun,2014,-0.195459
6576,hun,2015,-0.204195
6576,hun,2016,-0.145929
6576,hun,1962,0.010938
6576,hun,1963,-0.034226
6576,hun,1964,0.047088
6576,hun,1965,-0.05809
6576,hun,1966,-0.107755
6576,hun,1967,-0.055608
6576,hun,1968,0
6576,hun,1969,-0.045861
6576,hun,1970,-0.035396
6576,hun,1971,-0.177511
6576,hun,1972,-0.227503
6576,hun,1973,-0.220353
6576,hun,1974,-0.238034
6576,hun,1975,-0.221117
6576,hun,1976,0
6576,hun,1977,0
6576,hun,1978,-0.236774
6576,hun,1979,0
6576,hun,1980,-0.255642
6576,hun,1981,-0.289734
6576,hun,1982,0
6576,hun,1983,0
6576,hun,1984,0
6576,hun,1985,-0.386209
6576,hun,1986,-0.277354
6576,hun,1987,-0.380919
6576,idn,1988,-0.213384
6576,idn,1989,-0.13336
6576,idn,1990,0
6576,idn,1991,-0.25206
6576,idn,1992,-0.141365
6576,idn,1993,-0.115079
6576,idn,1994,-0.112823
6576,idn,1995,-0.12309
6576,idn,1996,0
6576,idn,1997,-0.053169
6576,idn,1998,0
6576,idn,1999,0
6576,idn,2000,-0.047951
6576,idn,2001,-0.068727
6576,idn,2002,0
6576,idn,2003,0
6576,idn,2004,-0.107838
6576,idn,2005,0.016862
6576,idn,2006,-0.018936
6576,idn,2007,0.031484
6576,idn,2008,-0.024462
6576,idn,2009,-0.026118
6576,idn,2010,0.051516
6576,idn,2011,0.065008
6576,idn,2012,0.028644
6576,idn,2013,0.006517
6576,idn,2014,0.014239
6576,idn,2015,0.002015
6576,idn,2016,0.02728
6576,idn,1962,0
6576,idn,1963,0
6576,idn,1964,0
6576,idn,1965,0
6576,idn,1966,0
6576,idn,1967,0
6576,idn,1968,0
6576,idn,1969,0
6576,idn,1970,0
6576,idn,1971,0
6576,idn,1972,0
6576,idn,1973,0
6576,idn,1974,0
6576,idn,1975,0
6576,idn,1976,0
6576,idn,1977,0
6576,idn,1978,0
6576,idn,1979,-0.134658
6576,idn,1980,-0.176259
6576,idn,1981,-0.229816
6576,idn,1982,-0.141701
6576,idn,1983,-0.203117
6576,idn,1984,-0.205435
6576,idn,1985,-0.312725
6576,idn,1986,-0.209593
6576,idn,1987,-0.299706
6576,ind,1988,-0.20797
6576,ind,1989,-0.161662
6576,ind,1990,-0.248419
6576,ind,1991,0
6576,ind,1992,0
6576,ind,1993,0
6576,ind,1994,0
6576,ind,1995,0
6576,ind,1996,0
6576,ind,1997,0
6576,ind,1998,0
6576,ind,1999,0
6576,ind,2000,0
6576,ind,2001,0
6576,ind,2002,0
6576,ind,2003,0
6576,ind,2004,0
6576,ind,2005,0
6576,ind,2006,0
6576,ind,2007,0
6576,ind,2008,0
6576,ind,2009,0
6576,ind,2010,0
6576,ind,2011,0
6576,ind,2012,0
6576,ind,2013,0
6576,ind,2014,0
6576,ind,2015,0
6576,ind,2016,0
6576,ind,1962,0.10591
6576,ind,1963,0.053619
6576,ind,1964,0.124511
6576,ind,1965,-0.029219
6576,ind,1966,-0.069858
6576,ind,1967,-0.028325
6576,ind,1968,-0.05274
6576,ind,1969,0.024023
6576,ind,1970,0.048131
6576,ind,1971,-0.120844
6576,ind,1972,-0.151885
6576,ind,1973,-0.150664
6576,ind,1974,-0.163198
6576,ind,1975,-0.142511
6576,ind,1976,-0.220595
6576,ind,1977,-0.221394
6576,ind,1978,-0.164254
6576,ind,1979,-0.110541
6576,ind,1980,-0.17888
6576,ind,1981,-0.211083
6576,ind,1982,-0.119197
6576,ind,1983,-0.18535
6576,ind,1984,-0.23229
6576,ind,1985,-0.303599
6576,ind,1986,-0.213463
6576,ind,1987,-0.270948
6576,iot,1988,-0.351644
6576,iot,1989,-0.313333
6576,iot,1990,-0.417287
6576,iot,1991,-0.494735
6576,iot,1992,-0.407856
6576,iot,1993,-0.390113
6576,iot,1994,-0.346583
6576,iot,1995,-0.395629
6576,iot,1996,-0.361331
6576,iot,1997,-0.204566
6576,iot,1998,-0.253008
6576,iot,1999,-0.281878
6576,iot,2000,-0.20535
6576,iot,2001,-0.245711
6576,iot,2002,-0.32402
6576,iot,2003,-0.236471
6576,iot,2004,-0.300068
6576,iot,2005,-0.146653
6576,iot,2006,-0.177433
6576,iot,2007,-0.162328
6576,iot,2008,-0.207308
6576,iot,2009,-0.186805
6576,iot,2010,-0.119089
6576,iot,2011,-0.077577
6576,iot,2012,-0.086148
6576,iot,2013,-0.141735
6576,iot,2014,-0.119994
6576,iot,2015,-0.128959
6576,iot,2016,-0.073037
6576,iot,1969,0
6576,iot,1970,0
6576,iot,1971,-0.281461
6576,iot,1972,-0.335835
6576,iot,1973,-0.309225
6576,iot,1974,-0.308849
6576,iot,1975,-0.326456
6576,iot,1976,-0.415802
6576,iot,1977,-0.381702
6576,iot,1978,-0.305475
6576,iot,1979,-0.261735
6576,iot,1980,-0.311745
6576,iot,1981,-0.340754
6576,iot,1982,-0.267016
6576,iot,1983,-0.32991
6576,iot,1984,-0.383973
6576,iot,1985,-0.465174
6576,iot,1986,-0.328122
6576,iot,1987,-0.43991
6576,irl,1988,-0.381284
6576,irl,1989,-0.329038
6576,irl,1990,-0.402001
6576,irl,1991,-0.485498
6576,irl,1992,-0.405384
6576,irl,1993,-0.372568
6576,irl,1994,-0.367686
6576,irl,1995,-0.390874
6576,irl,1996,-0.400559
6576,irl,1997,-0.227158
6576,irl,1998,-0.272132
6576,irl,1999,-0.309336
6576,irl,2000,-0.238581
6576,irl,2001,-0.269377
6576,irl,2002,-0.353462
6576,irl,2003,0
6576,irl,2004,-0.322857
6576,irl,2005,-0.175897
6576,irl,2006,-0.198135
6576,irl,2007,-0.162698
6576,irl,2008,-0.250267
6576,irl,2009,-0.220442
6576,irl,2010,-0.152863
6576,irl,2011,-0.090245
6576,irl,2012,-0.09859
6576,irl,2013,-0.156851
6576,irl,2014,-0.149092
6576,irl,2015,-0.146016
6576,irl,2016,-0.090997
6576,irl,1962,0
6576,irl,1963,0
6576,irl,1964,0
6576,irl,1965,0
6576,irl,1966,0
6576,irl,1967,0
6576,irl,1968,-0.153451
6576,irl,1969,-0.076029
6576,irl,1970,-0.050609
6576,irl,1971,-0.230227
6576,irl,1972,-0.259713
6576,irl,1973,-0.258588
6576,irl,1974,-0.291488
6576,irl,1975,-0.281601
6576,irl,1976,-0.350917
6576,irl,1977,-0.322693
6576,irl,1978,-0.296844
6576,irl,1979,-0.23631
6576,irl,1980,-0.308287
6576,irl,1981,-0.328128
6576,irl,1982,-0.255615
6576,irl,1983,-0.326929
6576,irl,1984,-0.356209
6576,irl,1985,-0.442506
6576,irl,1986,-0.322656
6576,irl,1987,-0.430713
6576,irn,1988,-0.356378
6576,irn,1989,-0.303315
6576,irn,1990,-0.387175
6576,irn,1991,-0.463012
6576,irn,1992,-0.374577
6576,irn,1993,-0.333969
6576,irn,1994,-0.309185
6576,irn,1995,-0.350972
6576,irn,1996,-0.332928
6576,irn,1997,-0.151775
6576,irn,1998,-0.206261
6576,irn,1999,-0.218496
6576,irn,2000,-0.169344
6576,irn,2001,-0.177575
6576,irn,2002,-0.250723
6576,irn,2003,-0.178992
6576,irn,2004,-0.242508
6576,irn,2005,-0.08872
6576,irn,2006,-0.130037
6576,irn,2007,-0.082382
6576,irn,2008,-0.157337
6576,irn,2009,-0.139123
6576,irn,2010,-0.057207
6576,irn,2011,-0.022636
6576,irn,2012,-0.031049
6576,irn,2013,-0.073913
6576,irn,2014,-0.066828
6576,irn,2015,-0.047271
6576,irn,2016,-0.013747
6576,irn,1962,-0.007687
6576,irn,1963,-0.064211
6576,irn,1964,0.024114
6576,irn,1965,-0.089439
6576,irn,1966,-0.122461
6576,irn,1967,-0.100127
6576,irn,1968,-0.140547
6576,irn,1969,-0.074809
6576,irn,1970,-0.051563
6576,irn,1971,-0.239863
6576,irn,1972,-0.290667
6576,irn,1973,-0.280906
6576,irn,1974,-0.292243
6576,irn,1975,-0.311677
6576,irn,1976,-0.407111
6576,irn,1977,-0.345405
6576,irn,1978,-0.282907
6576,irn,1979,-0.222612
6576,irn,1980,-0.297879
6576,irn,1981,-0.337641
6576,irn,1982,-0.259655
6576,irn,1983,-0.339734
6576,irn,1984,-0.370721
6576,irn,1985,-0.458072
6576,irn,1986,-0.317227
6576,irn,1987,-0.421377
6576,irq,1988,-0.380286
6576,irq,1989,-0.319477
6576,irq,1990,-0.411202
6576,irq,1991,-0.49149
6576,irq,1992,-0.4
6576,irq,1993,-0.379956
6576,irq,1994,-0.362679
6576,irq,1995,-0.404788
6576,irq,1996,-0.369121
6576,irq,1997,-0.212793
6576,irq,1998,-0.264975
6576,irq,1999,-0.299669
6576,irq,2000,-0.23022
6576,irq,2001,-0.258559
6576,irq,2002,-0.345785
6576,irq,2003,-0.242011
6576,irq,2004,-0.296682
6576,irq,2005,-0.142201
6576,irq,2006,-0.172379
6576,irq,2007,-0.139828
6576,irq,2008,-0.207767
6576,irq,2009,-0.194399
6576,irq,2010,-0.113378
6576,irq,2011,-0.063686
6576,irq,2012,-0.070709
6576,irq,2013,-0.126549
6576,irq,2014,-0.105743
6576,irq,2015,-0.109764
6576,irq,2016,-0.056539
6576,irq,1962,-0.039118
6576,irq,1963,-0.093212
6576,irq,1964,-0.003812
6576,irq,1965,-0.125329
6576,irq,1966,-0.169782
6576,irq,1967,-0.112094
6576,irq,1968,-0.162961
6576,irq,1969,-0.085001
6576,irq,1970,-0.069483
6576,irq,1971,-0.254237
6576,irq,1972,-0.29804
6576,irq,1973,-0.295599
6576,irq,1974,-0.310943
6576,irq,1975,-0.333388
6576,irq,1976,-0.414137
6576,irq,1977,-0.360406
6576,irq,1978,-0.309271
6576,irq,1979,-0.249601
6576,irq,1980,-0.328071
6576,irq,1981,-0.354314
6576,irq,1982,-0.267454
6576,irq,1983,-0.344868
6576,irq,1984,-0.380461
6576,irq,1985,-0.462705
6576,irq,1986,-0.328551
6576,irq,1987,-0.449326
6576,isl,1988,-0.367426
6576,isl,1989,-0.309237
6576,isl,1990,-0.398573
6576,isl,1991,-0.477951
6576,isl,1992,-0.387039
6576,isl,1993,-0.358079
6576,isl,1994,-0.336481
6576,isl,1995,-0.375004
6576,isl,1996,-0.342583
6576,isl,1997,-0.184943
6576,isl,1998,-0.235706
6576,isl,1999,-0.265257
6576,isl,2000,-0.201105
6576,isl,2001,-0.227262
6576,isl,2002,-0.307356
6576,isl,2003,-0.216987
6576,isl,2004,-0.283956
6576,isl,2005,-0.123793
6576,isl,2006,-0.150801
6576,isl,2007,-0.125876
6576,isl,2008,-0.187779
6576,isl,2009,-0.167619
6576,isl,2010,-0.090655
6576,isl,2011,-0.038695
6576,isl,2012,-0.059495
6576,isl,2013,-0.102282
6576,isl,2014,-0.082741
6576,isl,2015,-0.094601
6576,isl,2016,-0.048814
6576,isl,1962,-0.007263
6576,isl,1963,-0.076843
6576,isl,1964,0.018119
6576,isl,1965,-0.098193
6576,isl,1966,-0.147836
6576,isl,1967,-0.095788
6576,isl,1968,-0.156952
6576,isl,1969,-0.082649
6576,isl,1970,-0.070314
6576,isl,1971,-0.23686
6576,isl,1972,-0.299567
6576,isl,1973,-0.295586
6576,isl,1974,-0.324779
6576,isl,1975,-0.307137
6576,isl,1976,-0.38991
6576,isl,1977,-0.343038
6576,isl,1978,-0.28244
6576,isl,1979,-0.212944
6576,isl,1980,-0.286944
6576,isl,1981,-0.316768
6576,isl,1982,-0.244012
6576,isl,1983,-0.309699
6576,isl,1984,-0.36124
6576,isl,1985,-0.446836
6576,isl,1986,-0.318852
6576,isl,1987,-0.436465
6576,isr,1988,-0.368996
6576,isr,1989,-0.324825
6576,isr,1990,-0.377641
6576,isr,1991,-0.465689
6576,isr,1992,-0.395013
6576,isr,1993,-0.368771
6576,isr,1994,-0.354276
6576,isr,1995,-0.363483
6576,isr,1996,-0.352721
6576,isr,1997,-0.202881
6576,isr,1998,-0.252379
6576,isr,1999,-0.280629
6576,isr,2000,-0.192402
6576,isr,2001,-0.224957
6576,isr,2002,-0.285841
6576,isr,2003,-0.230395
6576,isr,2004,-0.264472
6576,isr,2005,-0.127082
6576,isr,2006,-0.159831
6576,isr,2007,-0.133453
6576,isr,2008,-0.20303
6576,isr,2009,-0.182126
6576,isr,2010,-0.139641
6576,isr,2011,-0.079124
6576,isr,2012,-0.093587
6576,isr,2013,-0.127708
6576,isr,2014,-0.116958
6576,isr,2015,-0.120288
6576,isr,2016,-0.068225
6576,isr,1962,-0.029122
6576,isr,1963,-0.088512
6576,isr,1964,0.009058
6576,isr,1965,-0.110371
6576,isr,1966,-0.163052
6576,isr,1967,-0.104344
6576,isr,1968,-0.168696
6576,isr,1969,-0.077499
6576,isr,1970,-0.074398
6576,isr,1971,-0.225465
6576,isr,1972,-0.273013
6576,isr,1973,-0.260869
6576,isr,1974,-0.287703
6576,isr,1975,-0.305802
6576,isr,1976,-0.357268
6576,isr,1977,-0.325727
6576,isr,1978,-0.288379
6576,isr,1979,-0.206796
6576,isr,1980,-0.283417
6576,isr,1981,-0.309902
6576,isr,1982,-0.249782
6576,isr,1983,-0.318294
6576,isr,1984,-0.356677
6576,isr,1985,-0.422824
6576,isr,1986,-0.311825
6576,isr,1987,-0.420172
6576,ita,1988,-0.391213
6576,ita,1989,-0.345826
6576,ita,1990,-0.426158
6576,ita,1991,-0.472089
6576,ita,1992,-0.426885
6576,ita,1993,-0.40361
6576,ita,1994,-0.34865
6576,ita,1995,-0.368711
6576,ita,1996,-0.373846
6576,ita,1997,-0.250346
6576,ita,1998,-0.293385
6576,ita,1999,-0.310475
6576,ita,2000,-0.263419
6576,ita,2001,-0.289811
6576,ita,2002,-0.325039
6576,ita,2003,-0.279025
6576,ita,2004,-0.328754
6576,ita,2005,-0.210489
6576,ita,2006,-0.236521
6576,ita,2007,0
6576,ita,2008,-0.248688
6576,ita,2009,-0.241216
6576,ita,2010,0
6576,ita,2011,0
6576,ita,2012,-0.14607
6576,ita,2013,-0.196354
6576,ita,2014,-0.183907
6576,ita,2015,-0.174519
6576,ita,2016,-0.134489
6576,ita,1962,0
6576,ita,1963,0
6576,ita,1964,0
6576,ita,1965,0
6576,ita,1966,0
6576,ita,1967,0
6576,ita,1968,0
6576,ita,1969,0
6576,ita,1970,0
6576,ita,1971,0
6576,ita,1972,0
6576,ita,1973,0
6576,ita,1974,0
6576,ita,1975,0
6576,ita,1976,0
6576,ita,1977,-0.429611
6576,ita,1978,-0.35746
6576,ita,1979,-0.291808
6576,ita,1980,-0.361809
6576,ita,1981,-0.351489
6576,ita,1982,-0.337648
6576,ita,1983,-0.392905
6576,ita,1984,-0.391737
6576,ita,1985,-0.453268
6576,ita,1986,-0.326505
6576,ita,1987,-0.431162
6576,jam,1988,-0.292399
6576,jam,1989,-0.252091
6576,jam,1990,-0.346977
6576,jam,1991,-0.403652
6576,jam,1992,-0.327929
6576,jam,1993,-0.282363
6576,jam,1994,-0.264759
6576,jam,1995,-0.297193
6576,jam,1996,-0.277634
6576,jam,1997,-0.147419
6576,jam,1998,-0.188509
6576,jam,1999,-0.215786
6576,jam,2000,-0.149116
6576,jam,2001,-0.174909
6576,jam,2002,-0.263688
6576,jam,2003,-0.184438
6576,jam,2004,-0.247014
6576,jam,2005,-0.098784
6576,jam,2006,-0.137833
6576,jam,2007,-0.098228
6576,jam,2008,-0.171123
6576,jam,2009,-0.148248
6576,jam,2010,-0.057038
6576,jam,2011,-0.034071
6576,jam,2012,-0.038298
6576,jam,2013,-0.083154
6576,jam,2014,-0.061746
6576,jam,2015,-0.07188
6576,jam,2016,-0.023285
6576,jam,1962,-0.01095
6576,jam,1963,-0.050089
6576,jam,1964,0.021722
6576,jam,1965,-0.085516
6576,jam,1966,-0.134149
6576,jam,1967,-0.080465
6576,jam,1968,-0.125477
6576,jam,1969,-0.055289
6576,jam,1970,-0.036393
6576,jam,1971,-0.230531
6576,jam,1972,-0.260731
6576,jam,1973,-0.262704
6576,jam,1974,-0.302372
6576,jam,1975,-0.312548
6576,jam,1976,-0.370252
6576,jam,1977,-0.3459
6576,jam,1978,-0.274571
6576,jam,1979,-0.20223
6576,jam,1980,-0.265377
6576,jam,1981,-0.300073
6576,jam,1982,-0.19727
6576,jam,1983,-0.274886
6576,jam,1984,-0.308108
6576,jam,1985,-0.363828
6576,jam,1986,-0.270426
6576,jam,1987,-0.382289
6576,jor,1988,-0.356744
6576,jor,1989,-0.302027
6576,jor,1990,-0.39387
6576,jor,1991,-0.45011
6576,jor,1992,-0.370541
6576,jor,1993,-0.349486
6576,jor,1994,-0.319235
6576,jor,1995,-0.351199
6576,jor,1996,-0.315922
6576,jor,1997,-0.177828
6576,jor,1998,-0.212504
6576,jor,1999,-0.230817
6576,jor,2000,-0.156223
6576,jor,2001,0
6576,jor,2002,-0.260861
6576,jor,2003,-0.160595
6576,jor,2004,-0.223681
6576,jor,2005,0
6576,jor,2006,0
6576,jor,2007,-0.085162
6576,jor,2008,-0.156762
6576,jor,2009,-0.145079
6576,jor,2010,-0.067058
6576,jor,2011,-0.021598
6576,jor,2012,-0.023954
6576,jor,2013,-0.060312
6576,jor,2014,-0.059636
6576,jor,2015,-0.051784
6576,jor,2016,-0.019261
6576,jor,1962,-0.035362
6576,jor,1963,-0.092404
6576,jor,1964,0.03862
6576,jor,1965,-0.073846
6576,jor,1966,-0.102901
6576,jor,1967,-0.083806
6576,jor,1968,-0.141061
6576,jor,1969,-0.074235
6576,jor,1970,-0.049059
6576,jor,1971,-0.213997
6576,jor,1972,-0.254449
6576,jor,1973,-0.271553
6576,jor,1974,-0.291013
6576,jor,1975,-0.313729
6576,jor,1976,-0.383092
6576,jor,1977,-0.299574
6576,jor,1978,-0.296663
6576,jor,1979,0
6576,jor,1980,-0.286107
6576,jor,1981,0
6576,jor,1982,-0.225733
6576,jor,1983,-0.324338
6576,jor,1984,-0.362931
6576,jor,1985,-0.444851
6576,jor,1986,-0.328095
6576,jor,1987,-0.439995
6576,jpn,1988,-0.470184
6576,jpn,1989,-0.409691
6576,jpn,1990,-0.488873
6576,jpn,1991,-0.573131
6576,jpn,1992,-0.495299
6576,jpn,1993,-0.482253
6576,jpn,1994,-0.473354
6576,jpn,1995,-0.514874
6576,jpn,1996,-0.504158
6576,jpn,1997,-0.337436
6576,jpn,1998,-0.388737
6576,jpn,1999,-0.418239
6576,jpn,2000,-0.362107
6576,jpn,2001,-0.393652
6576,jpn,2002,-0.459256
6576,jpn,2003,-0.392128
6576,jpn,2004,-0.439318
6576,jpn,2005,-0.336868
6576,jpn,2006,-0.322112
6576,jpn,2007,-0.308351
6576,jpn,2008,-0.366995
6576,jpn,2009,-0.329567
6576,jpn,2010,-0.338459
6576,jpn,2011,-0.236423
6576,jpn,2012,-0.217676
6576,jpn,2013,-0.285606
6576,jpn,2014,-0.276346
6576,jpn,2015,-0.287021
6576,jpn,2016,-0.218289
6576,jpn,1962,0
6576,jpn,1963,0
6576,jpn,1964,0
6576,jpn,1965,0
6576,jpn,1966,0
6576,jpn,1967,0
6576,jpn,1968,0
6576,jpn,1969,0
6576,jpn,1970,0
6576,jpn,1971,-0.408119
6576,jpn,1972,-0.437073
6576,jpn,1973,-0.444905
6576,jpn,1974,-0.46117
6576,jpn,1975,-0.485586
6576,jpn,1976,-0.514108
6576,jpn,1977,-0.500622
6576,jpn,1978,-0.405538
6576,jpn,1979,-0.356629
6576,jpn,1980,-0.396
6576,jpn,1981,-0.400874
6576,jpn,1982,-0.383323
6576,jpn,1983,-0.433169
6576,jpn,1984,-0.441797
6576,jpn,1985,-0.51011
6576,jpn,1986,-0.385975
6576,jpn,1987,-0.497621
6576,ken,1988,-0.255971
6576,ken,1989,-0.221713
6576,ken,1990,-0.278682
6576,ken,1991,-0.337942
6576,ken,1992,-0.249001
6576,ken,1993,-0.225998
6576,ken,1994,-0.212088
6576,ken,1995,-0.223437
6576,ken,1996,-0.156315
6576,ken,1997,-0.072696
6576,ken,1998,-0.118354
6576,ken,1999,-0.134579
6576,ken,2000,-0.070003
6576,ken,2001,-0.098511
6576,ken,2002,-0.158758
6576,ken,2003,-0.042611
6576,ken,2004,-0.136961
6576,ken,2005,0.040024
6576,ken,2006,-0.029496
6576,ken,2007,0.043307
6576,ken,2008,-0.043779
6576,ken,2009,-0.038921
6576,ken,2010,0.034928
6576,ken,2011,0.039295
6576,ken,2012,0.019254
6576,ken,2013,0.013613
6576,ken,2014,0.005634
6576,ken,2015,0.004716
6576,ken,2016,0.054349
6576,ken,1962,0.099319
6576,ken,1963,0.029296
6576,ken,1964,0.101477
6576,ken,1965,0.004112
6576,ken,1966,-0.019969
6576,ken,1967,-0.00209
6576,ken,1968,-0.035339
6576,ken,1969,0.036073
6576,ken,1970,0.065708
6576,ken,1971,-0.102636
6576,ken,1972,-0.156856
6576,ken,1973,-0.139735
6576,ken,1974,-0.160726
6576,ken,1975,-0.182117
6576,ken,1976,-0.263338
6576,ken,1977,-0.257734
6576,ken,1978,-0.222146
6576,ken,1979,-0.14973
6576,ken,1980,-0.149025
6576,ken,1981,-0.203329
6576,ken,1982,-0.128859
6576,ken,1983,0
6576,ken,1984,-0.210155
6576,ken,1985,-0.341442
6576,ken,1986,-0.225363
6576,ken,1987,-0.343536
6576,khm,1988,-0.325708
6576,khm,1989,-0.279563
6576,khm,1990,-0.36241
6576,khm,1991,-0.427485
6576,khm,1992,-0.341714
6576,khm,1993,-0.315788
6576,khm,1994,-0.285689
6576,khm,1995,-0.315728
6576,khm,1996,-0.26043
6576,khm,1997,-0.140256
6576,khm,1998,-0.175326
6576,khm,1999,-0.205955
6576,khm,2000,0
6576,khm,2001,0
6576,khm,2002,0
6576,khm,2003,-0.154428
6576,khm,2004,-0.217061
6576,khm,2005,-0.054605
6576,khm,2006,-0.097572
6576,khm,2007,-0.061836
6576,khm,2008,-0.136913
6576,khm,2009,-0.124072
6576,khm,2010,-0.03411
6576,khm,2011,-0.004526
6576,khm,2012,-0.023188
6576,khm,2013,-0.037628
6576,khm,2014,-0.030049
6576,khm,2015,-0.039266
6576,khm,2016,-0.00792
6576,khm,1962,0.059886
6576,khm,1963,-0.029463
6576,khm,1964,0.046361
6576,khm,1965,-0.069116
6576,khm,1966,-0.080349
6576,khm,1967,-0.027657
6576,khm,1968,-0.091773
6576,khm,1969,-0.007356
6576,khm,1970,0.026281
6576,khm,1971,-0.165585
6576,khm,1972,-0.239278
6576,khm,1973,-0.243572
6576,khm,1974,-0.257286
6576,khm,1975,-0.231562
6576,khm,1976,-0.346858
6576,khm,1977,-0.342487
6576,khm,1978,-0.289647
6576,khm,1979,-0.235436
6576,khm,1980,-0.3182
6576,khm,1981,-0.336337
6576,khm,1982,-0.231696
6576,khm,1983,-0.31228
6576,khm,1984,-0.365432
6576,khm,1985,-0.435654
6576,khm,1986,-0.305641
6576,khm,1987,-0.396952
6576,kir,1988,-0.349886
6576,kir,1989,-0.295529
6576,kir,1990,-0.396354
6576,kir,1991,-0.486734
6576,kir,1992,-0.38415
6576,kir,1993,-0.366059
6576,kir,1994,-0.340633
6576,kir,1995,-0.391997
6576,kir,1996,-0.36456
6576,kir,1997,-0.209994
6576,kir,1998,-0.247078
6576,kir,1999,-0.288583
6576,kir,2000,-0.216569
6576,kir,2001,-0.24571
6576,kir,2002,-0.33179
6576,kir,2003,-0.240514
6576,kir,2004,-0.2885
6576,kir,2005,-0.125976
6576,kir,2006,-0.175164
6576,kir,2007,-0.124418
6576,kir,2008,-0.192965
6576,kir,2009,-0.184554
6576,kir,2010,-0.107462
6576,kir,2011,-0.055641
6576,kir,2012,-0.062977
6576,kir,2013,-0.117417
6576,kir,2014,-0.092957
6576,kir,2015,-0.109599
6576,kir,2016,-0.054409
6576,kir,1970,-0.086665
6576,kir,1971,-0.288021
6576,kir,1972,-0.321785
6576,kir,1973,-0.329938
6576,kir,1974,-0.361988
6576,kir,1975,-0.369222
6576,kir,1976,-0.441847
6576,kir,1977,-0.382222
6576,kir,1978,-0.309612
6576,kir,1979,-0.244634
6576,kir,1980,-0.309261
6576,kir,1981,-0.333823
6576,kir,1982,-0.267955
6576,kir,1983,-0.344663
6576,kir,1984,-0.376061
6576,kir,1985,-0.45855
6576,kir,1986,-0.329942
6576,kir,1987,-0.438159
6576,kna,1988,-0.349059
6576,kna,1989,-0.316819
6576,kna,1990,-0.414707
6576,kna,1991,-0.477487
6576,kna,1992,-0.389334
6576,kna,1993,-0.368167
6576,kna,1994,-0.360217
6576,kna,1995,-0.392686
6576,kna,1996,0
6576,kna,1997,-0.211037
6576,kna,1998,-0.253977
6576,kna,1999,-0.288618
6576,kna,2000,-0.226844
6576,kna,2001,-0.245426
6576,kna,2002,-0.309535
6576,kna,2003,-0.236705
6576,kna,2004,-0.292454
6576,kna,2005,-0.148654
6576,kna,2006,-0.172382
6576,kna,2007,-0.155985
6576,kna,2008,-0.230236
6576,kna,2009,-0.213862
6576,kna,2010,-0.122371
6576,kna,2011,-0.06945
6576,kna,2012,-0.07821
6576,kna,2013,-0.137251
6576,kna,2014,-0.118215
6576,kna,2015,-0.122567
6576,kna,2016,-0.068888
6576,kna,1968,-0.190726
6576,kna,1969,0
6576,kna,1970,-0.052166
6576,kna,1971,-0.255234
6576,kna,1972,-0.282745
6576,kna,1973,-0.297098
6576,kna,1974,-0.304037
6576,kna,1975,-0.329588
6576,kna,1976,-0.391208
6576,kna,1977,-0.367959
6576,kna,1978,-0.294861
6576,kna,1979,-0.22396
6576,kna,1980,-0.274159
6576,kna,1981,-0.31433
6576,kna,1982,-0.232946
6576,kna,1983,-0.3009
6576,kna,1984,-0.325003
6576,kna,1985,0
6576,kna,1986,-0.291411
6576,kna,1987,-0.392231
6576,kor,1988,-0.308096
6576,kor,1989,-0.240975
6576,kor,1990,-0.346114
6576,kor,1991,-0.402443
6576,kor,1992,-0.315347
6576,kor,1993,-0.29859
6576,kor,1994,-0.291991
6576,kor,1995,-0.323562
6576,kor,1996,-0.328992
6576,kor,1997,-0.198083
6576,kor,1998,-0.235853
6576,kor,1999,-0.276547
6576,kor,2000,-0.22262
6576,kor,2001,-0.25989
6576,kor,2002,-0.339458
6576,kor,2003,-0.265406
6576,kor,2004,-0.321505
6576,kor,2005,-0.192998
6576,kor,2006,-0.225688
6576,kor,2007,-0.190933
6576,kor,2008,-0.262346
6576,kor,2009,-0.233673
6576,kor,2010,-0.193749
6576,kor,2011,-0.128951
6576,kor,2012,-0.135918
6576,kor,2013,-0.199282
6576,kor,2014,-0.179711
6576,kor,2015,-0.207414
6576,kor,2016,-0.157388
6576,kor,1962,0.038503
6576,kor,1963,-0.057438
6576,kor,1964,0.040201
6576,kor,1965,-0.078949
6576,kor,1966,-0.137622
6576,kor,1967,-0.085384
6576,kor,1968,-0.140223
6576,kor,1969,-0.072841
6576,kor,1970,-0.050349
6576,kor,1971,-0.21349
6576,kor,1972,-0.24814
6576,kor,1973,-0.243728
6576,kor,1974,-0.271528
6576,kor,1975,-0.239646
6576,kor,1976,-0.319661
6576,kor,1977,0
6576,kor,1978,-0.235565
6576,kor,1979,-0.171076
6576,kor,1980,-0.268459
6576,kor,1981,-0.300905
6576,kor,1982,-0.210049
6576,kor,1983,-0.292944
6576,kor,1984,-0.316342
6576,kor,1985,-0.386122
6576,kor,1986,-0.28569
6576,kor,1987,-0.37097
6576,kwt,1988,-0.386691
6576,kwt,1989,-0.323307
6576,kwt,1990,-0.407974
6576,kwt,1991,-0.504424
6576,kwt,1992,-0.407227
6576,kwt,1993,-0.373861
6576,kwt,1994,-0.346987
6576,kwt,1995,-0.394012
6576,kwt,1996,-0.374374
6576,kwt,1997,-0.202047
6576,kwt,1998,-0.256841
6576,kwt,1999,-0.288179
6576,kwt,2000,-0.216538
6576,kwt,2001,-0.243812
6576,kwt,2002,-0.333827
6576,kwt,2003,-0.238796
6576,kwt,2004,-0.31003
6576,kwt,2005,-0.139872
6576,kwt,2006,-0.171336
6576,kwt,2007,-0.137285
6576,kwt,2008,-0.205302
6576,kwt,2009,-0.18997
6576,kwt,2010,-0.112312
6576,kwt,2011,-0.060822
6576,kwt,2012,-0.069936
6576,kwt,2013,-0.125867
6576,kwt,2014,-0.089523
6576,kwt,2015,-0.106468
6576,kwt,2016,-0.057785
6576,kwt,1962,-0.046004
6576,kwt,1963,-0.109685
6576,kwt,1964,-0.012491
6576,kwt,1965,-0.133942
6576,kwt,1966,-0.166072
6576,kwt,1967,-0.131048
6576,kwt,1968,-0.175355
6576,kwt,1969,-0.088543
6576,kwt,1970,-0.078783
6576,kwt,1971,-0.270404
6576,kwt,1972,-0.311662
6576,kwt,1973,-0.304755
6576,kwt,1974,-0.301496
6576,kwt,1975,-0.322794
6576,kwt,1976,-0.397294
6576,kwt,1977,-0.348992
6576,kwt,1978,-0.296287
6576,kwt,1979,-0.243248
6576,kwt,1980,-0.324528
6576,kwt,1981,-0.348472
6576,kwt,1982,-0.262067
6576,kwt,1983,-0.333348
6576,kwt,1984,-0.379494
6576,kwt,1985,-0.463861
6576,kwt,1986,-0.331556
6576,kwt,1987,-0.44964
6576,lao,1988,-0.321323
6576,lao,1989,-0.270568
6576,lao,1990,-0.338657
6576,lao,1991,-0.394478
6576,lao,1992,-0.321003
6576,lao,1993,-0.297001
6576,lao,1994,-0.265429
6576,lao,1995,-0.295749
6576,lao,1996,-0.287487
6576,lao,1997,-0.102259
6576,lao,1998,-0.197788
6576,lao,1999,-0.209941
6576,lao,2000,-0.14826
6576,lao,2001,-0.154112
6576,lao,2002,-0.225459
6576,lao,2003,-0.138571
6576,lao,2004,-0.193239
6576,lao,2005,-0.036096
6576,lao,2006,-0.09069
6576,lao,2007,-0.060037
6576,lao,2008,-0.099227
6576,lao,2009,-0.100848
6576,lao,2010,-0.005483
6576,lao,2011,0.020922
6576,lao,2012,0.000145
6576,lao,2013,-0.023976
6576,lao,2014,-0.018757
6576,lao,2015,-0.011274
6576,lao,2016,0.01801
6576,lao,1962,-0.008777
6576,lao,1963,-0.048648
6576,lao,1964,0.033229
6576,lao,1965,-0.09164
6576,lao,1966,-0.133664
6576,lao,1967,-0.080183
6576,lao,1968,-0.12166
6576,lao,1969,-0.051263
6576,lao,1970,-0.045192
6576,lao,1971,-0.194515
6576,lao,1972,-0.284006
6576,lao,1973,-0.248242
6576,lao,1974,-0.292306
6576,lao,1975,-0.290514
6576,lao,1976,-0.363591
6576,lao,1977,-0.332955
6576,lao,1978,-0.23882
6576,lao,1979,-0.179213
6576,lao,1980,-0.244133
6576,lao,1981,-0.296967
6576,lao,1982,-0.210689
6576,lao,1983,-0.302953
6576,lao,1984,-0.314772
6576,lao,1985,-0.390921
6576,lao,1986,-0.287788
6576,lao,1987,-0.34374
6576,lbn,1988,-0.291651
6576,lbn,1989,-0.239552
6576,lbn,1990,-0.33107
6576,lbn,1991,-0.349641
6576,lbn,1992,-0.281005
6576,lbn,1993,-0.251018
6576,lbn,1994,-0.246484
6576,lbn,1995,-0.269745
6576,lbn,1996,-0.27052
6576,lbn,1997,-0.132777
6576,lbn,1998,-0.157006
6576,lbn,1999,-0.189756
6576,lbn,2000,-0.144666
6576,lbn,2001,-0.142473
6576,lbn,2002,-0.20187
6576,lbn,2003,-0.133606
6576,lbn,2004,-0.194824
6576,lbn,2005,-0.049791
6576,lbn,2006,-0.094846
6576,lbn,2007,-0.058156
6576,lbn,2008,-0.130283
6576,lbn,2009,-0.136638
6576,lbn,2010,-0.061802
6576,lbn,2011,-0.022944
6576,lbn,2012,-0.025253
6576,lbn,2013,-0.065659
6576,lbn,2014,-0.05127
6576,lbn,2015,-0.042074
6576,lbn,2016,-0.007589
6576,lbn,1962,0.049607
6576,lbn,1963,-0.007689
6576,lbn,1964,0.090041
6576,lbn,1965,-0.015384
6576,lbn,1966,-0.043813
6576,lbn,1967,-0.006708
6576,lbn,1968,-0.06966
6576,lbn,1969,-0.025309
6576,lbn,1970,0.004497
6576,lbn,1971,-0.145376
6576,lbn,1972,-0.18202
6576,lbn,1973,-0.212814
6576,lbn,1974,-0.249777
6576,lbn,1975,0
6576,lbn,1976,-0.326719
6576,lbn,1977,0
6576,lbn,1978,-0.267666
6576,lbn,1979,-0.158081
6576,lbn,1980,-0.223212
6576,lbn,1981,-0.248681
6576,lbn,1982,-0.20534
6576,lbn,1983,-0.271783
6576,lbn,1984,-0.318947
6576,lbn,1985,-0.395929
6576,lbn,1986,-0.280548
6576,lbn,1987,-0.383019
6576,lbr,1988,-0.362463
6576,lbr,1989,-0.306619
6576,lbr,1990,-0.399096
6576,lbr,1991,-0.477865
6576,lbr,1992,-0.407575
6576,lbr,1993,-0.368916
6576,lbr,1994,-0.360116
6576,lbr,1995,-0.401245
6576,lbr,1996,-0.37017
6576,lbr,1997,-0.200548
6576,lbr,1998,-0.24595
6576,lbr,1999,-0.27878
6576,lbr,2000,-0.207592
6576,lbr,2001,-0.23325
6576,lbr,2002,-0.315071
6576,lbr,2003,-0.238598
6576,lbr,2004,-0.306387
6576,lbr,2005,-0.136616
6576,lbr,2006,-0.164813
6576,lbr,2007,-0.128162
6576,lbr,2008,-0.179632
6576,lbr,2009,-0.18457
6576,lbr,2010,-0.093917
6576,lbr,2011,-0.028055
6576,lbr,2012,-0.058257
6576,lbr,2013,-0.111065
6576,lbr,2014,-0.092501
6576,lbr,2015,-0.099623
6576,lbr,2016,-0.052136
6576,lbr,1962,-0.024069
6576,lbr,1963,-0.073488
6576,lbr,1964,-0.005123
6576,lbr,1965,-0.126743
6576,lbr,1966,-0.162709
6576,lbr,1967,-0.116984
6576,lbr,1968,-0.147465
6576,lbr,1969,-0.086461
6576,lbr,1970,-0.053191
6576,lbr,1971,-0.235456
6576,lbr,1972,-0.275245
6576,lbr,1973,-0.274945
6576,lbr,1974,-0.306133
6576,lbr,1975,-0.30375
6576,lbr,1976,-0.381995
6576,lbr,1977,-0.328651
6576,lbr,1978,-0.252336
6576,lbr,1979,-0.209075
6576,lbr,1980,-0.286271
6576,lbr,1981,-0.314288
6576,lbr,1982,-0.223742
6576,lbr,1983,-0.302463
6576,lbr,1984,-0.319035
6576,lbr,1985,-0.413165
6576,lbr,1986,-0.291056
6576,lbr,1987,-0.420405
6576,lby,1988,-0.388605
6576,lby,1989,-0.32824
6576,lby,1990,-0.411697
6576,lby,1991,-0.493559
6576,lby,1992,-0.411109
6576,lby,1993,-0.366971
6576,lby,1994,-0.349717
6576,lby,1995,-0.392643
6576,lby,1996,-0.371894
6576,lby,1997,-0.199133
6576,lby,1998,-0.248618
6576,lby,1999,-0.28384
6576,lby,2000,-0.216024
6576,lby,2001,-0.243036
6576,lby,2002,-0.336701
6576,lby,2003,-0.237485
6576,lby,2004,-0.304002
6576,lby,2005,-0.141221
6576,lby,2006,-0.171118
6576,lby,2007,-0.132641
6576,lby,2008,-0.202637
6576,lby,2009,-0.186435
6576,lby,2010,-0.106841
6576,lby,2011,-0.056417
6576,lby,2012,-0.069078
6576,lby,2013,-0.123716
6576,lby,2014,-0.096203
6576,lby,2015,-0.099988
6576,lby,2016,-0.053107
6576,lby,1962,-0.02813
6576,lby,1963,-0.102946
6576,lby,1964,-0.006045
6576,lby,1965,-0.129692
6576,lby,1966,-0.179778
6576,lby,1967,-0.133178
6576,lby,1968,-0.182698
6576,lby,1969,-0.111931
6576,lby,1970,-0.091279
6576,lby,1971,-0.28164
6576,lby,1972,-0.31867
6576,lby,1973,-0.31779
6576,lby,1974,-0.319045
6576,lby,1975,-0.337845
6576,lby,1976,-0.415991
6576,lby,1977,-0.366179
6576,lby,1978,-0.30621
6576,lby,1979,-0.248161
6576,lby,1980,-0.322828
6576,lby,1981,-0.351212
6576,lby,1982,-0.267548
6576,lby,1983,-0.342168
6576,lby,1984,-0.384629
6576,lby,1985,-0.467364
6576,lby,1986,-0.334124
6576,lby,1987,-0.454014
6576,lca,1988,-0.336535
6576,lca,1989,-0.289904
6576,lca,1990,-0.386952
6576,lca,1991,-0.448573
6576,lca,1992,-0.363373
6576,lca,1993,0
6576,lca,1994,-0.315863
6576,lca,1995,-0.348556
6576,lca,1996,-0.325945
6576,lca,1997,-0.177917
6576,lca,1998,-0.22698
6576,lca,1999,-0.236683
6576,lca,2000,-0.186452
6576,lca,2001,-0.211467
6576,lca,2002,-0.30739
6576,lca,2003,-0.211933
6576,lca,2004,-0.28316
6576,lca,2005,-0.134531
6576,lca,2006,-0.174991
6576,lca,2007,-0.145222
6576,lca,2008,-0.200618
6576,lca,2009,-0.184559
6576,lca,2010,-0.108481
6576,lca,2011,-0.04762
6576,lca,2012,-0.064804
6576,lca,2013,-0.106615
6576,lca,2014,-0.095444
6576,lca,2015,-0.098525
6576,lca,2016,-0.052437
6576,lca,1965,-0.132821
6576,lca,1969,-0.107728
6576,lca,1970,-0.082867
6576,lca,1971,-0.271844
6576,lca,1972,-0.315935
6576,lca,1973,-0.291603
6576,lca,1974,-0.298774
6576,lca,1975,-0.275253
6576,lca,1976,-0.37623
6576,lca,1977,-0.352836
6576,lca,1978,-0.314192
6576,lca,1979,-0.218474
6576,lca,1980,-0.278224
6576,lca,1981,-0.310373
6576,lca,1982,-0.226096
6576,lca,1983,-0.311775
6576,lca,1984,-0.333694
6576,lca,1985,-0.417762
6576,lca,1986,-0.31509
6576,lca,1987,-0.416608
6576,lka,1988,-0.23839
6576,lka,1989,-0.175258
6576,lka,1990,-0.285759
6576,lka,1991,-0.336801
6576,lka,1992,-0.22655
6576,lka,1993,-0.211913
6576,lka,1994,-0.170306
6576,lka,1995,0
6576,lka,1996,0
6576,lka,1997,-0.073959
6576,lka,1998,0
6576,lka,1999,0
6576,lka,2000,0
6576,lka,2001,0
6576,lka,2002,-0.171252
6576,lka,2003,-0.09712
6576,lka,2004,0
6576,lka,2005,-0.005611
6576,lka,2006,-0.04147
6576,lka,2007,0
6576,lka,2008,0
6576,lka,2009,-0.052208
6576,lka,2010,0
6576,lka,2011,0
6576,lka,2012,0
6576,lka,2013,0
6576,lka,2014,0
6576,lka,2015,0.024553
6576,lka,2016,0.038515
6576,lka,1962,0.016611
6576,lka,1963,-0.017106
6576,lka,1964,0.023783
6576,lka,1965,-0.086028
6576,lka,1966,-0.102836
6576,lka,1967,-0.087431
6576,lka,1968,-0.11914
6576,lka,1969,-0.044738
6576,lka,1970,-0.009298
6576,lka,1971,-0.203458
6576,lka,1972,-0.206751
6576,lka,1973,-0.193001
6576,lka,1974,-0.224741
6576,lka,1975,-0.227051
6576,lka,1976,-0.305001
6576,lka,1977,-0.294648
6576,lka,1978,-0.202062
6576,lka,1979,-0.149056
6576,lka,1980,-0.189983
6576,lka,1981,-0.231083
6576,lka,1982,-0.116803
6576,lka,1983,-0.170407
6576,lka,1984,-0.2371
6576,lka,1985,-0.275147
6576,lka,1986,-0.217746
6576,lka,1987,-0.301938
6576,mac,1988,-0.309686
6576,mac,1989,-0.249611
6576,mac,1990,-0.348152
6576,mac,1991,-0.402782
6576,mac,1992,-0.322489
6576,mac,1993,-0.292634
6576,mac,1994,-0.283783
6576,mac,1995,-0.300541
6576,mac,1996,-0.301465
6576,mac,1997,0
6576,mac,1998,-0.203525
6576,mac,1999,-0.239724
6576,mac,2000,-0.172492
6576,mac,2001,-0.203065
6576,mac,2002,-0.289693
6576,mac,2003,-0.211282
6576,mac,2004,-0.266012
6576,mac,2005,-0.117468
6576,mac,2006,-0.141196
6576,mac,2007,-0.114475
6576,mac,2008,-0.180004
6576,mac,2009,-0.155303
6576,mac,2010,-0.093545
6576,mac,2011,-0.047962
6576,mac,2012,-0.074342
6576,mac,2013,-0.09787
6576,mac,2014,-0.105652
6576,mac,2015,-0.098619
6576,mac,2016,-0.056091
6576,mac,1962,-0.092853
6576,mac,1963,-0.111633
6576,mac,1964,-0.026257
6576,mac,1965,-0.151363
6576,mac,1966,-0.189607
6576,mac,1967,-0.152434
6576,mac,1968,-0.193758
6576,mac,1969,-0.126881
6576,mac,1970,-0.06911
6576,mac,1971,-0.242573
6576,mac,1972,-0.290754
6576,mac,1973,-0.284933
6576,mac,1974,0
6576,mac,1975,0
6576,mac,1976,-0.372826
6576,mac,1977,-0.351212
6576,mac,1978,-0.252351
6576,mac,1979,-0.187803
6576,mac,1980,0
6576,mac,1981,-0.304696
6576,mac,1982,-0.209393
6576,mac,1983,-0.295571
6576,mac,1984,-0.329883
6576,mac,1985,-0.362139
6576,mac,1986,-0.265904
6576,mac,1987,-0.375561
6576,mar,1988,-0.254831
6576,mar,1989,-0.208543
6576,mar,1990,-0.2676
6576,mar,1991,-0.332876
6576,mar,1992,-0.265146
6576,mar,1993,-0.199347
6576,mar,1994,-0.173807
6576,mar,1995,-0.211034
6576,mar,1996,-0.20494
6576,mar,1997,-0.097543
6576,mar,1998,-0.129058
6576,mar,1999,-0.156876
6576,mar,2000,-0.103119
6576,mar,2001,-0.105992
6576,mar,2002,-0.186924
6576,mar,2003,-0.10655
6576,mar,2004,-0.175086
6576,mar,2005,-0.015618
6576,mar,2006,-0.05715
6576,mar,2007,-0.007759
6576,mar,2008,-0.084973
6576,mar,2009,-0.067815
6576,mar,2010,0.023569
6576,mar,2011,0.028461
6576,mar,2012,0.008846
6576,mar,2013,-0.003546
6576,mar,2014,0.000813
6576,mar,2015,-0.005974
6576,mar,2016,0.00756
6576,mar,1962,0.078685
6576,mar,1963,-0.007563
6576,mar,1964,0.093787
6576,mar,1965,-0.010549
6576,mar,1966,-0.065075
6576,mar,1967,-0.047505
6576,mar,1968,-0.088094
6576,mar,1969,-0.020202
6576,mar,1970,0.016227
6576,mar,1971,-0.146376
6576,mar,1972,-0.187322
6576,mar,1973,-0.195426
6576,mar,1974,-0.213493
6576,mar,1975,-0.196758
6576,mar,1976,-0.280544
6576,mar,1977,-0.253735
6576,mar,1978,-0.197468
6576,mar,1979,-0.124349
6576,mar,1980,-0.219188
6576,mar,1981,-0.251355
6576,mar,1982,-0.165849
6576,mar,1983,-0.25182
6576,mar,1984,-0.268848
6576,mar,1985,-0.357232
6576,mar,1986,-0.256038
6576,mar,1987,-0.346681
6576,mdg,1988,-0.28353
6576,mdg,1989,-0.216113
6576,mdg,1990,-0.25862
6576,mdg,1991,-0.307615
6576,mdg,1992,0
6576,mdg,1993,0
6576,mdg,1994,0
6576,mdg,1995,0
6576,mdg,1996,0
6576,mdg,1997,0
6576,mdg,1998,-0.107301
6576,mdg,1999,-0.136118
6576,mdg,2000,0
6576,mdg,2001,0
6576,mdg,2002,0
6576,mdg,2003,0
6576,mdg,2004,0
6576,mdg,2005,0.010431
6576,mdg,2006,-0.045402
6576,mdg,2007,-0.001651
6576,mdg,2008,0
6576,mdg,2009,0
6576,mdg,2010,0
6576,mdg,2011,0
6576,mdg,2012,0
6576,mdg,2013,0
6576,mdg,2014,0
6576,mdg,2015,0
6576,mdg,2016,0.028797
6576,mdg,1962,0.075788
6576,mdg,1963,0.025192
6576,mdg,1964,0.101872
6576,mdg,1965,-0.017725
6576,mdg,1966,-0.040721
6576,mdg,1967,-0.034871
6576,mdg,1968,-0.051839
6576,mdg,1969,0
6576,mdg,1970,0.035022
6576,mdg,1971,-0.133568
6576,mdg,1972,-0.172574
6576,mdg,1973,-0.184794
6576,mdg,1974,0
6576,mdg,1975,0
6576,mdg,1976,0
6576,mdg,1977,-0.27418
6576,mdg,1978,-0.204178
6576,mdg,1979,-0.154753
6576,mdg,1980,-0.202934
6576,mdg,1981,-0.239592
6576,mdg,1982,-0.151527
6576,mdg,1983,-0.227659
6576,mdg,1984,-0.289799
6576,mdg,1985,-0.352986
6576,mdg,1986,-0.23536
6576,mdg,1987,-0.354872
6576,mdv,1988,-0.355027
6576,mdv,1989,-0.298873
6576,mdv,1990,-0.39679
6576,mdv,1991,-0.475489
6576,mdv,1992,-0.368183
6576,mdv,1993,-0.347813
6576,mdv,1994,-0.316213
6576,mdv,1995,-0.366897
6576,mdv,1996,-0.334183
6576,mdv,1997,-0.182565
6576,mdv,1998,-0.23251
6576,mdv,1999,-0.249046
6576,mdv,2000,-0.188908
6576,mdv,2001,-0.213877
6576,mdv,2002,-0.28137
6576,mdv,2003,-0.2065
6576,mdv,2004,-0.291624
6576,mdv,2005,-0.131147
6576,mdv,2006,-0.167531
6576,mdv,2007,-0.122168
6576,mdv,2008,-0.199998
6576,mdv,2009,-0.180759
6576,mdv,2010,-0.09693
6576,mdv,2011,-0.046066
6576,mdv,2012,-0.06208
6576,mdv,2013,-0.113575
6576,mdv,2014,-0.095418
6576,mdv,2015,-0.102459
6576,mdv,2016,-0.054448
6576,mdv,1962,-0.059067
6576,mdv,1963,0
6576,mdv,1964,0
6576,mdv,1965,0
6576,mdv,1966,0
6576,mdv,1969,-0.11376
6576,mdv,1970,-0.051793
6576,mdv,1971,-0.264148
6576,mdv,1972,-0.312554
6576,mdv,1973,-0.265491
6576,mdv,1974,-0.320896
6576,mdv,1975,-0.32588
6576,mdv,1976,-0.335017
6576,mdv,1977,-0.359794
6576,mdv,1978,-0.311156
6576,mdv,1979,-0.246244
6576,mdv,1980,-0.302495
6576,mdv,1981,-0.333662
6576,mdv,1982,-0.246138
6576,mdv,1983,-0.3247
6576,mdv,1984,-0.369603
6576,mdv,1985,-0.453851
6576,mdv,1986,-0.323759
6576,mdv,1987,-0.433491
6576,mex,1988,-0.319164
6576,mex,1989,-0.264196
6576,mex,1990,-0.336879
6576,mex,1991,-0.402322
6576,mex,1992,-0.341841
6576,mex,1993,-0.314455
6576,mex,1994,-0.30441
6576,mex,1995,-0.320891
6576,mex,1996,-0.315933
6576,mex,1997,-0.171277
6576,mex,1998,-0.215547
6576,mex,1999,-0.252541
6576,mex,2000,-0.196762
6576,mex,2001,-0.234302
6576,mex,2002,-0.309728
6576,mex,2003,-0.24089
6576,mex,2004,-0.296812
6576,mex,2005,-0.161198
6576,mex,2006,-0.19582
6576,mex,2007,-0.177956
6576,mex,2008,-0.230068
6576,mex,2009,-0.203603
6576,mex,2010,-0.155249
6576,mex,2011,-0.091648
6576,mex,2012,-0.091495
6576,mex,2013,-0.155492
6576,mex,2014,-0.130371
6576,mex,2015,-0.148539
6576,mex,2016,-0.091407
6576,mex,1962,0
6576,mex,1963,0
6576,mex,1964,0
6576,mex,1965,0
6576,mex,1966,0
6576,mex,1967,0
6576,mex,1968,0
6576,mex,1969,0
6576,mex,1970,0
6576,mex,1971,0
6576,mex,1972,0
6576,mex,1973,0
6576,mex,1974,0
6576,mex,1975,0
6576,mex,1976,0
6576,mex,1977,0
6576,mex,1978,0
6576,mex,1979,0
6576,mex,1980,-0.238135
6576,mex,1981,-0.269539
6576,mex,1982,-0.203658
6576,mex,1983,-0.279219
6576,mex,1984,-0.314018
6576,mex,1985,-0.380255
6576,mex,1986,-0.285426
6576,mex,1987,-0.393364
6576,mli,1988,-0.354552
6576,mli,1989,-0.29816
6576,mli,1990,-0.381495
6576,mli,1991,-0.458071
6576,mli,1992,-0.366471
6576,mli,1993,-0.340568
6576,mli,1994,-0.327906
6576,mli,1995,-0.351377
6576,mli,1996,-0.32232
6576,mli,1997,-0.147056
6576,mli,1998,-0.219749
6576,mli,1999,-0.246441
6576,mli,2000,-0.168814
6576,mli,2001,-0.194404
6576,mli,2002,-0.28128
6576,mli,2003,-0.175883
6576,mli,2004,-0.255982
6576,mli,2005,-0.060274
6576,mli,2006,-0.113346
6576,mli,2007,-0.056948
6576,mli,2008,-0.12113
6576,mli,2009,-0.111973
6576,mli,2010,-0.043503
6576,mli,2011,0.003967
6576,mli,2012,-0.023194
6576,mli,2013,-0.073274
6576,mli,2014,-0.052725
6576,mli,2015,-0.074099
6576,mli,2016,-0.025251
6576,mli,1962,0.01088
6576,mli,1963,-0.044373
6576,mli,1964,0.042184
6576,mli,1965,-0.074307
6576,mli,1966,-0.118231
6576,mli,1967,-0.09422
6576,mli,1968,-0.132015
6576,mli,1969,-0.041906
6576,mli,1970,0.005878
6576,mli,1971,-0.193653
6576,mli,1972,-0.258059
6576,mli,1973,-0.256409
6576,mli,1974,-0.250757
6576,mli,1975,-0.258843
6576,mli,1976,-0.339163
6576,mli,1977,-0.319575
6576,mli,1978,-0.259073
6576,mli,1979,-0.19427
6576,mli,1980,-0.26689
6576,mli,1981,-0.305027
6576,mli,1982,-0.202925
6576,mli,1983,-0.28929
6576,mli,1984,-0.344219
6576,mli,1985,-0.438826
6576,mli,1986,-0.29901
6576,mli,1987,-0.413184
6576,mlt,1988,-0.356208
6576,mlt,1989,-0.305143
6576,mlt,1990,-0.395331
6576,mlt,1991,-0.457229
6576,mlt,1992,-0.378853
6576,mlt,1993,-0.348139
6576,mlt,1994,-0.332726
6576,mlt,1995,-0.361583
6576,mlt,1996,-0.357231
6576,mlt,1997,-0.205252
6576,mlt,1998,-0.25554
6576,mlt,1999,-0.287462
6576,mlt,2000,-0.20933
6576,mlt,2001,-0.245815
6576,mlt,2002,-0.329586
6576,mlt,2003,-0.266085
6576,mlt,2004,-0.31513
6576,mlt,2005,-0.156072
6576,mlt,2006,-0.201627
6576,mlt,2007,-0.156163
6576,mlt,2008,-0.218437
6576,mlt,2009,-0.197542
6576,mlt,2010,0
6576,mlt,2011,-0.080485
6576,mlt,2012,-0.086182
6576,mlt,2013,-0.135242
6576,mlt,2014,0
6576,mlt,2015,-0.120721
6576,mlt,2016,-0.069531
6576,mlt,1962,-0.075855
6576,mlt,1963,-0.118525
6576,mlt,1964,-0.015784
6576,mlt,1965,-0.139849
6576,mlt,1966,-0.194156
6576,mlt,1967,-0.131755
6576,mlt,1968,-0.184068
6576,mlt,1969,-0.109841
6576,mlt,1970,-0.129891
6576,mlt,1971,-0.296747
6576,mlt,1972,-0.324851
6576,mlt,1973,-0.306175
6576,mlt,1974,-0.277118
6576,mlt,1975,-0.309429
6576,mlt,1976,-0.382025
6576,mlt,1977,0
6576,mlt,1978,-0.304536
6576,mlt,1979,-0.227486
6576,mlt,1980,-0.30399
6576,mlt,1981,-0.325894
6576,mlt,1982,-0.234833
6576,mlt,1983,-0.324391
6576,mlt,1984,-0.354446
6576,mlt,1985,-0.42323
6576,mlt,1986,-0.309586
6576,mlt,1987,-0.42382
6576,mmr,1988,-0.271022
6576,mmr,1989,-0.203007
6576,mmr,1990,-0.289668
6576,mmr,1991,-0.335231
6576,mmr,1992,-0.275288
6576,mmr,1993,-0.232969
6576,mmr,1994,-0.205807
6576,mmr,1995,-0.242005
6576,mmr,1996,-0.221582
6576,mmr,1997,-0.103974
6576,mmr,1998,-0.127143
6576,mmr,1999,-0.149586
6576,mmr,2000,-0.088935
6576,mmr,2001,-0.099517
6576,mmr,2002,-0.173377
6576,mmr,2003,0
6576,mmr,2004,-0.179514
6576,mmr,2005,-0.031147
6576,mmr,2006,-0.071243
6576,mmr,2007,-0.047585
6576,mmr,2008,-0.12199
6576,mmr,2009,-0.095074
6576,mmr,2010,0
6576,mmr,2011,0.0204
6576,mmr,2012,0
6576,mmr,2013,-0.014464
6576,mmr,2014,-0.023179
6576,mmr,2015,-0.000836
6576,mmr,2016,0.013615
6576,mmr,1962,0.010119
6576,mmr,1963,-0.05657
6576,mmr,1964,0.026025
6576,mmr,1965,-0.099682
6576,mmr,1966,-0.128489
6576,mmr,1967,-0.078187
6576,mmr,1968,-0.126954
6576,mmr,1969,-0.041471
6576,mmr,1970,-0.003237
6576,mmr,1971,-0.221046
6576,mmr,1972,-0.240565
6576,mmr,1973,-0.256743
6576,mmr,1974,-0.259681
6576,mmr,1975,-0.293817
6576,mmr,1976,-0.366898
6576,mmr,1977,-0.325391
6576,mmr,1978,-0.223841
6576,mmr,1979,-0.184433
6576,mmr,1980,-0.251468
6576,mmr,1981,-0.28735
6576,mmr,1982,-0.186648
6576,mmr,1983,-0.243682
6576,mmr,1984,-0.288007
6576,mmr,1985,-0.371973
6576,mmr,1986,-0.267466
6576,mmr,1987,-0.343555
6576,mng,1988,-0.33467
6576,mng,1989,-0.288226
6576,mng,1990,-0.360813
6576,mng,1991,-0.460993
6576,mng,1992,-0.361903
6576,mng,1993,-0.305389
6576,mng,1994,-0.284249
6576,mng,1995,-0.340168
6576,mng,1996,-0.335561
6576,mng,1997,-0.160185
6576,mng,1998,-0.191084
6576,mng,1999,-0.22514
6576,mng,2000,-0.168466
6576,mng,2001,-0.16904
6576,mng,2002,-0.25488
6576,mng,2003,-0.144155
6576,mng,2004,-0.215336
6576,mng,2005,-0.056325
6576,mng,2006,-0.105782
6576,mng,2007,-0.072554
6576,mng,2008,-0.150156
6576,mng,2009,-0.149449
6576,mng,2010,-0.064412
6576,mng,2011,-0.028258
6576,mng,2012,-0.043676
6576,mng,2013,-0.093717
6576,mng,2014,-0.072584
6576,mng,2015,-0.061077
6576,mng,2016,-0.017531
6576,mng,1962,-0.041782
6576,mng,1963,-0.107673
6576,mng,1964,-0.002977
6576,mng,1965,-0.126023
6576,mng,1966,-0.157139
6576,mng,1967,-0.139198
6576,mng,1968,-0.171859
6576,mng,1969,-0.099587
6576,mng,1970,-0.074226
6576,mng,1971,-0.256953
6576,mng,1972,-0.304197
6576,mng,1973,-0.29998
6576,mng,1974,-0.309444
6576,mng,1975,-0.309271
6576,mng,1976,-0.38124
6576,mng,1977,-0.350651
6576,mng,1978,-0.299543
6576,mng,1979,-0.224816
6576,mng,1980,-0.298464
6576,mng,1981,-0.320235
6576,mng,1982,-0.252899
6576,mng,1983,-0.333671
6576,mng,1984,-0.371007
6576,mng,1985,-0.447472
6576,mng,1986,-0.314628
6576,mng,1987,-0.437824
6576,moz,1988,-0.289267
6576,moz,1989,-0.241414
6576,moz,1990,-0.330551
6576,moz,1991,-0.397012
6576,moz,1992,-0.307013
6576,moz,1993,-0.274124
6576,moz,1994,-0.243413
6576,moz,1995,-0.300293
6576,moz,1996,-0.273224
6576,moz,1997,-0.137282
6576,moz,1998,-0.195195
6576,moz,1999,-0.207294
6576,moz,2000,-0.1459
6576,moz,2001,-0.17786
6576,moz,2002,-0.228634
6576,moz,2003,-0.156743
6576,moz,2004,-0.222145
6576,moz,2005,-0.051648
6576,moz,2006,-0.11565
6576,moz,2007,-0.069244
6576,moz,2008,-0.110946
6576,moz,2009,-0.097905
6576,moz,2010,0.017255
6576,moz,2011,0.013695
6576,moz,2012,-0.004179
6576,moz,2013,-0.035147
6576,moz,2014,-0.031947
6576,moz,2015,-0.022862
6576,moz,2016,0.016709
6576,moz,1962,0.076273
6576,moz,1963,0.055102
6576,moz,1964,0.117591
6576,moz,1965,0.013531
6576,moz,1966,-0.020812
6576,moz,1967,0.011895
6576,moz,1968,-0.021189
6576,moz,1969,0.046842
6576,moz,1970,0.059763
6576,moz,1971,-0.078519
6576,moz,1972,-0.149631
6576,moz,1973,-0.128173
6576,moz,1974,-0.162763
6576,moz,1975,-0.162032
6576,moz,1976,-0.254302
6576,moz,1977,-0.248095
6576,moz,1978,-0.165485
6576,moz,1979,-0.143949
6576,moz,1980,-0.191276
6576,moz,1981,-0.256016
6576,moz,1982,-0.124863
6576,moz,1983,-0.219199
6576,moz,1984,-0.28098
6576,moz,1985,-0.354351
6576,moz,1986,-0.249037
6576,moz,1987,-0.349147
6576,mrt,1988,-0.371151
6576,mrt,1989,-0.318075
6576,mrt,1990,-0.405784
6576,mrt,1991,-0.49721
6576,mrt,1992,-0.407553
6576,mrt,1993,-0.362854
6576,mrt,1994,-0.345868
6576,mrt,1995,-0.386411
6576,mrt,1996,-0.362904
6576,mrt,1997,-0.190514
6576,mrt,1998,-0.254401
6576,mrt,1999,-0.281429
6576,mrt,2000,-0.207483
6576,mrt,2001,-0.233271
6576,mrt,2002,-0.300976
6576,mrt,2003,-0.226062
6576,mrt,2004,-0.284697
6576,mrt,2005,-0.109936
6576,mrt,2006,-0.145969
6576,mrt,2007,-0.110125
6576,mrt,2008,-0.176454
6576,mrt,2009,-0.168963
6576,mrt,2010,-0.081352
6576,mrt,2011,-0.035112
6576,mrt,2012,-0.050361
6576,mrt,2013,-0.104624
6576,mrt,2014,-0.081955
6576,mrt,2015,-0.087171
6576,mrt,2016,-0.0444
6576,mrt,1962,-0.011322
6576,mrt,1963,-0.112941
6576,mrt,1964,-0.007508
6576,mrt,1965,-0.122244
6576,mrt,1966,-0.161864
6576,mrt,1967,-0.124725
6576,mrt,1968,-0.170564
6576,mrt,1969,-0.102337
6576,mrt,1970,-0.068183
6576,mrt,1971,-0.253276
6576,mrt,1972,-0.297409
6576,mrt,1973,-0.302374
6576,mrt,1974,-0.323135
6576,mrt,1975,-0.328067
6576,mrt,1976,-0.397654
6576,mrt,1977,-0.359813
6576,mrt,1978,-0.303985
6576,mrt,1979,-0.239006
6576,mrt,1980,-0.307542
6576,mrt,1981,-0.341903
6576,mrt,1982,-0.261195
6576,mrt,1983,-0.323587
6576,mrt,1984,-0.371613
6576,mrt,1985,-0.45969
6576,mrt,1986,-0.329078
6576,mrt,1987,-0.436639
6576,msr,1988,-0.376447
6576,msr,1989,-0.333686
6576,msr,1990,-0.416297
6576,msr,1991,-0.498467
6576,msr,1992,-0.418412
6576,msr,1993,-0.380629
6576,msr,1994,-0.356536
6576,msr,1995,-0.384158
6576,msr,1996,-0.372769
6576,msr,1997,-0.202217
6576,msr,1998,-0.251569
6576,msr,1999,-0.28234
6576,msr,2000,-0.212482
6576,msr,2001,-0.246884
6576,msr,2002,-0.337101
6576,msr,2003,-0.22707
6576,msr,2004,-0.282146
6576,msr,2005,-0.158774
6576,msr,2006,-0.192046
6576,msr,2007,-0.147939
6576,msr,2008,-0.217755
6576,msr,2009,-0.195575
6576,msr,2010,-0.127694
6576,msr,2011,-0.076677
6576,msr,2012,-0.094157
6576,msr,2013,-0.145105
6576,msr,2014,-0.112929
6576,msr,2015,-0.142266
6576,msr,2016,-0.080866
6576,msr,1970,-0.094764
6576,msr,1971,-0.272595
6576,msr,1972,-0.25071
6576,msr,1973,-0.262753
6576,msr,1974,-0.215068
6576,msr,1975,-0.208228
6576,msr,1976,-0.332619
6576,msr,1977,-0.298494
6576,msr,1978,-0.232592
6576,msr,1979,-0.143916
6576,msr,1980,-0.227939
6576,msr,1981,-0.283628
6576,msr,1982,-0.1707
6576,msr,1983,-0.2832
6576,msr,1984,-0.31215
6576,msr,1985,-0.395387
6576,msr,1986,-0.294783
6576,msr,1987,-0.448436
6576,mtq,1988,-0.377851
6576,mtq,1989,-0.310862
6576,mtq,1990,-0.403404
6576,mtq,1991,-0.479419
6576,mtq,1992,-0.397967
6576,mtq,1993,-0.364444
6576,mtq,1994,0
6576,mtq,1995,-0.381526
6576,mtq,1962,-0.047028
6576,mtq,1963,-0.10038
6576,mtq,1964,-0.01129
6576,mtq,1965,-0.124352
6576,mtq,1966,-0.173498
6576,mtq,1967,-0.134812
6576,mtq,1968,-0.164846
6576,mtq,1969,-0.087378
6576,mtq,1970,-0.0711
6576,mtq,1971,-0.257817
6576,mtq,1972,-0.307658
6576,mtq,1973,-0.303317
6576,mtq,1974,-0.32752
6576,mtq,1975,-0.33605
6576,mtq,1976,-0.4128
6576,mtq,1977,-0.380854
6576,mtq,1978,-0.293376
6576,mtq,1979,-0.239318
6576,mtq,1980,-0.304743
6576,mtq,1981,-0.334525
6576,mtq,1982,-0.257313
6576,mtq,1983,-0.322214
6576,mtq,1984,-0.370676
6576,mtq,1985,-0.439613
6576,mtq,1986,-0.323491
6576,mtq,1987,-0.440131
6576,mus,1988,-0.322679
6576,mus,1989,-0.26279
6576,mus,1990,-0.34125
6576,mus,1991,-0.40831
6576,mus,1992,-0.32164
6576,mus,1993,-0.282676
6576,mus,1994,-0.264149
6576,mus,1995,-0.281318
6576,mus,1996,-0.263984
6576,mus,1997,-0.137318
6576,mus,1998,-0.182454
6576,mus,1999,0
6576,mus,2000,0
6576,mus,2001,-0.168455
6576,mus,2002,-0.213347
6576,mus,2003,-0.156064
6576,mus,2004,-0.218535
6576,mus,2005,-0.053356
6576,mus,2006,-0.099691
6576,mus,2007,-0.045557
6576,mus,2008,-0.091585
6576,mus,2009,-0.104785
6576,mus,2010,-0.02504
6576,mus,2011,0.011857
6576,mus,2012,-0.012598
6576,mus,2013,0
6576,mus,2014,0
6576,mus,2015,-0.045841
6576,mus,2016,-0.011803
6576,mus,1962,-0.032816
6576,mus,1963,-0.094061
6576,mus,1964,-0.003879
6576,mus,1965,-0.079163
6576,mus,1966,-0.143424
6576,mus,1967,-0.122083
6576,mus,1968,-0.157787
6576,mus,1969,-0.073793
6576,mus,1970,-0.050659
6576,mus,1971,-0.227617
6576,mus,1972,-0.301157
6576,mus,1973,-0.293434
6576,mus,1974,-0.321517
6576,mus,1975,-0.301799
6576,mus,1976,-0.369082
6576,mus,1977,-0.328569
6576,mus,1978,-0.275617
6576,mus,1979,-0.220239
6576,mus,1980,-0.278167
6576,mus,1981,-0.312797
6576,mus,1982,-0.228528
6576,mus,1983,-0.3065
6576,mus,1984,-0.34751
6576,mus,1985,-0.407103
6576,mus,1986,-0.288279
6576,mus,1987,-0.388959
6576,mwi,1988,-0.334196
6576,mwi,1989,-0.247194
6576,mwi,1990,-0.360929
6576,mwi,1991,-0.421022
6576,mwi,1992,-0.348438
6576,mwi,1993,-0.304135
6576,mwi,1994,-0.262923
6576,mwi,1995,-0.269456
6576,mwi,1996,-0.241097
6576,mwi,1997,-0.13256
6576,mwi,1998,-0.187437
6576,mwi,1999,-0.210129
6576,mwi,2000,-0.141858
6576,mwi,2001,-0.143047
6576,mwi,2002,-0.23378
6576,mwi,2003,-0.159565
6576,mwi,2004,-0.207987
6576,mwi,2005,-0.067168
6576,mwi,2006,-0.090429
6576,mwi,2007,-0.047484
6576,mwi,2008,-0.108864
6576,mwi,2009,-0.10617
6576,mwi,2010,-0.023101
6576,mwi,2011,0.018252
6576,mwi,2012,-0.022076
6576,mwi,2013,-0.05312
6576,mwi,2014,-0.048973
6576,mwi,2015,-0.053846
6576,mwi,2016,-0.016825
6576,mwi,1965,-0.10086
6576,mwi,1966,-0.106336
6576,mwi,1967,-0.0675
6576,mwi,1968,-0.103249
6576,mwi,1969,-0.027897
6576,mwi,1970,-0.009329
6576,mwi,1971,-0.194063
6576,mwi,1972,-0.258847
6576,mwi,1973,-0.237318
6576,mwi,1974,-0.248234
6576,mwi,1975,-0.244314
6576,mwi,1976,-0.314308
6576,mwi,1977,-0.303854
6576,mwi,1978,-0.239945
6576,mwi,1979,-0.171329
6576,mwi,1980,-0.234161
6576,mwi,1981,-0.257275
6576,mwi,1982,-0.178903
6576,mwi,1983,-0.281244
6576,mwi,1984,-0.317824
6576,mwi,1985,-0.395134
6576,mwi,1986,-0.279502
6576,mwi,1987,-0.413284
6576,mys,1988,-0.252736
6576,mys,1989,-0.201148
6576,mys,1990,-0.280544
6576,mys,1991,-0.361178
6576,mys,1992,-0.261343
6576,mys,1993,-0.241869
6576,mys,1994,-0.260294
6576,mys,1995,-0.314419
6576,mys,1996,-0.273491
6576,mys,1997,-0.158257
6576,mys,1998,-0.187056
6576,mys,1999,-0.228572
6576,mys,2000,-0.159978
6576,mys,2001,-0.205823
6576,mys,2002,-0.289571
6576,mys,2003,-0.222679
6576,mys,2004,-0.294086
6576,mys,2005,-0.132025
6576,mys,2006,-0.160353
6576,mys,2007,-0.120687
6576,mys,2008,-0.186773
6576,mys,2009,-0.175795
6576,mys,2010,-0.117961
6576,mys,2011,-0.071968
6576,mys,2012,-0.082278
6576,mys,2013,-0.138934
6576,mys,2014,-0.121806
6576,mys,2015,-0.147289
6576,mys,2016,-0.096091
6576,mys,1964,0.072295
6576,mys,1965,-0.012304
6576,mys,1966,0.005445
6576,mys,1967,0.035103
6576,mys,1968,0.00369
6576,mys,1969,0.048297
6576,mys,1970,0.064955
6576,mys,1971,-0.128652
6576,mys,1972,-0.190378
6576,mys,1973,-0.203046
6576,mys,1974,-0.205601
6576,mys,1975,-0.233662
6576,mys,1976,-0.306995
6576,mys,1977,-0.272428
6576,mys,1978,-0.166439
6576,mys,1979,-0.148008
6576,mys,1980,-0.218431
6576,mys,1981,-0.257525
6576,mys,1982,-0.158278
6576,mys,1983,-0.218686
6576,mys,1984,-0.248861
6576,mys,1985,-0.334416
6576,mys,1986,-0.220394
6576,mys,1987,-0.311928
6576,ncl,1988,-0.381189
6576,ncl,1989,-0.325861
6576,ncl,1990,-0.413633
6576,ncl,1991,-0.496589
6576,ncl,1992,-0.405745
6576,ncl,1993,-0.373124
6576,ncl,1994,-0.350944
6576,ncl,1995,0
6576,ncl,1996,-0.373422
6576,ncl,1997,-0.204165
6576,ncl,1998,-0.257397
6576,ncl,1999,-0.283226
6576,ncl,2000,-0.213113
6576,ncl,2001,-0.247832
6576,ncl,2002,-0.328635
6576,ncl,2003,-0.229559
6576,ncl,2004,-0.307373
6576,ncl,2005,-0.142389
6576,ncl,2006,-0.172668
6576,ncl,2007,-0.140948
6576,ncl,2008,-0.201628
6576,ncl,2009,-0.185614
6576,ncl,2010,-0.10455
6576,ncl,2011,-0.058033
6576,ncl,2012,-0.06405
6576,ncl,2013,-0.123535
6576,ncl,2014,-0.096137
6576,ncl,2015,-0.105433
6576,ncl,2016,-0.055016
6576,ncl,1962,-0.032906
6576,ncl,1963,0
6576,ncl,1964,0
6576,ncl,1965,0
6576,ncl,1966,0
6576,ncl,1967,0
6576,ncl,1968,-0.172793
6576,ncl,1969,-0.097585
6576,ncl,1970,-0.087488
6576,ncl,1971,-0.280436
6576,ncl,1972,-0.333314
6576,ncl,1973,-0.295986
6576,ncl,1974,-0.340527
6576,ncl,1975,-0.364517
6576,ncl,1976,-0.422489
6576,ncl,1977,-0.378167
6576,ncl,1978,-0.302404
6576,ncl,1979,-0.233594
6576,ncl,1980,-0.294987
6576,ncl,1981,-0.345367
6576,ncl,1982,-0.260448
6576,ncl,1983,-0.331972
6576,ncl,1984,-0.363294
6576,ncl,1985,-0.45837
6576,ncl,1986,-0.314495
6576,ncl,1987,-0.434272
6576,ner,1988,-0.381288
6576,ner,1989,-0.312417
6576,ner,1990,-0.407795
6576,ner,1991,-0.46968
6576,ner,1992,-0.401964
6576,ner,1993,-0.349873
6576,ner,1994,-0.306873
6576,ner,1995,-0.363374
6576,ner,1996,-0.32346
6576,ner,1997,-0.190474
6576,ner,1998,-0.230397
6576,ner,1999,-0.275294
6576,ner,2000,-0.18761
6576,ner,2001,-0.21651
6576,ner,2002,-0.276807
6576,ner,2003,-0.209414
6576,ner,2004,-0.282403
6576,ner,2005,-0.129204
6576,ner,2006,-0.147238
6576,ner,2007,-0.123363
6576,ner,2008,0
6576,ner,2009,-0.16983
6576,ner,2010,-0.082903
6576,ner,2011,-0.04774
6576,ner,2012,-0.056104
6576,ner,2013,-0.117778
6576,ner,2014,-0.082663
6576,ner,2015,-0.096076
6576,ner,2016,-0.048949
6576,ner,1962,-0.001216
6576,ner,1963,-0.06048
6576,ner,1964,0.028321
6576,ner,1965,-0.100588
6576,ner,1966,-0.134348
6576,ner,1967,-0.115047
6576,ner,1968,-0.154452
6576,ner,1969,-0.080089
6576,ner,1970,-0.046277
6576,ner,1971,-0.225809
6576,ner,1972,-0.270722
6576,ner,1973,-0.263016
6576,ner,1974,-0.291268
6576,ner,1975,-0.296126
6576,ner,1976,-0.371011
6576,ner,1977,-0.364779
6576,ner,1978,-0.294592
6576,ner,1979,-0.245378
6576,ner,1980,-0.31268
6576,ner,1981,-0.34042
6576,ner,1982,-0.241063
6576,ner,1983,-0.329372
6576,ner,1984,-0.379361
6576,ner,1985,-0.460618
6576,ner,1986,-0.324872
6576,ner,1987,-0.440383
6576,nfk,1988,-0.391153
6576,nfk,1989,-0.337209
6576,nfk,1990,-0.442853
6576,nfk,1991,-0.50702
6576,nfk,1992,-0.428328
6576,nfk,1993,-0.383525
6576,nfk,1994,-0.36311
6576,nfk,1995,-0.410856
6576,nfk,1996,-0.385565
6576,nfk,1997,-0.221157
6576,nfk,1998,-0.281575
6576,nfk,1999,-0.300792
6576,nfk,2000,-0.22804
6576,nfk,2001,-0.266187
6576,nfk,2002,-0.347532
6576,nfk,2003,-0.249953
6576,nfk,2004,-0.324441
6576,nfk,2005,-0.146843
6576,nfk,2006,-0.184401
6576,nfk,2007,-0.154057
6576,nfk,2008,-0.223924
6576,nfk,2009,-0.199902
6576,nfk,2010,-0.122395
6576,nfk,2011,-0.065854
6576,nfk,2012,-0.084817
6576,nfk,2013,-0.134242
6576,nfk,2014,-0.111014
6576,nfk,2015,-0.126553
6576,nfk,2016,-0.073709
6576,nfk,1970,-0.080839
6576,nfk,1971,-0.279069
6576,nfk,1972,-0.333932
6576,nfk,1973,-0.322126
6576,nfk,1974,-0.344444
6576,nfk,1975,-0.362973
6576,nfk,1976,-0.424206
6576,nfk,1977,-0.384287
6576,nfk,1978,0
6576,nfk,1979,-0.254895
6576,nfk,1980,-0.330407
6576,nfk,1981,-0.353342
6576,nfk,1982,-0.271964
6576,nfk,1983,-0.346486
6576,nfk,1984,-0.379724
6576,nfk,1985,-0.46839
6576,nfk,1986,-0.333783
6576,nfk,1987,-0.456682
6576,nga,1988,-0.362073
6576,nga,1989,-0.302069
6576,nga,1990,-0.373402
6576,nga,1991,-0.454941
6576,nga,1992,-0.357675
6576,nga,1993,-0.333456
6576,nga,1994,-0.311692
6576,nga,1995,-0.347037
6576,nga,1996,-0.311668
6576,nga,1997,-0.172502
6576,nga,1998,-0.197944
6576,nga,1999,-0.22326
6576,nga,2000,-0.188927
6576,nga,2001,-0.218433
6576,nga,2002,-0.297128
6576,nga,2003,-0.209901
6576,nga,2004,-0.284187
6576,nga,2005,-0.117641
6576,nga,2006,-0.155981
6576,nga,2007,-0.110108
6576,nga,2008,-0.173896
6576,nga,2009,-0.155037
6576,nga,2010,-0.054842
6576,nga,2011,-0.034225
6576,nga,2012,-0.028163
6576,nga,2013,-0.081262
6576,nga,2014,-0.076548
6576,nga,2015,-0.078371
6576,nga,2016,-0.027036
6576,nga,1962,0.068562
6576,nga,1963,0.022596
6576,nga,1964,0.10196
6576,nga,1965,-0.004214
6576,nga,1966,-0.048382
6576,nga,1967,-0.012376
6576,nga,1968,-0.03718
6576,nga,1969,-0.005416
6576,nga,1970,0.019808
6576,nga,1971,-0.159463
6576,nga,1972,-0.237147
6576,nga,1973,-0.221765
6576,nga,1974,-0.237749
6576,nga,1975,-0.26408
6576,nga,1976,-0.340718
6576,nga,1977,-0.305511
6576,nga,1978,-0.246899
6576,nga,1979,-0.215703
6576,nga,1980,-0.280978
6576,nga,1981,-0.30641
6576,nga,1982,-0.232027
6576,nga,1983,-0.29744
6576,nga,1984,-0.351793
6576,nga,1985,-0.449426
6576,nga,1986,-0.314979
6576,nga,1987,-0.435046
6576,nic,1988,-0.313095
6576,nic,1989,-0.228612
6576,nic,1990,-0.323163
6576,nic,1991,0
6576,nic,1992,-0.303599
6576,nic,1993,-0.246092
6576,nic,1994,-0.23322
6576,nic,1995,-0.273789
6576,nic,1996,-0.249857
6576,nic,1997,-0.125503
6576,nic,1998,-0.165759
6576,nic,1999,-0.187447
6576,nic,2000,-0.115065
6576,nic,2001,-0.125664
6576,nic,2002,-0.20945
6576,nic,2003,-0.131749
6576,nic,2004,-0.181876
6576,nic,2005,-0.037128
6576,nic,2006,-0.080107
6576,nic,2007,-0.044669
6576,nic,2008,-0.104453
6576,nic,2009,-0.0866
6576,nic,2010,-0.01518
6576,nic,2011,0.011029
6576,nic,2012,0.000206
6576,nic,2013,-0.030127
6576,nic,2014,-0.024393
6576,nic,2015,-0.026878
6576,nic,2016,-0.013233
6576,nic,1962,0.016461
6576,nic,1963,-0.039992
6576,nic,1964,0.026988
6576,nic,1965,-0.085322
6576,nic,1966,-0.112389
6576,nic,1967,-0.077071
6576,nic,1968,-0.125939
6576,nic,1969,-0.030814
6576,nic,1970,-0.00966
6576,nic,1971,-0.185713
6576,nic,1972,0
6576,nic,1973,-0.215488
6576,nic,1974,-0.222273
6576,nic,1975,-0.23189
6576,nic,1976,-0.273889
6576,nic,1977,-0.27693
6576,nic,1978,-0.227522
6576,nic,1979,-0.197682
6576,nic,1980,-0.256638
6576,nic,1981,-0.284877
6576,nic,1982,-0.199961
6576,nic,1983,-0.274663
6576,nic,1984,-0.344699
6576,nic,1985,-0.395035
6576,nic,1986,-0.280308
6576,nic,1987,-0.419837
6576,niu,1988,-0.383959
6576,niu,1989,-0.330479
6576,niu,1990,-0.428364
6576,niu,1991,-0.507103
6576,niu,1992,-0.396994
6576,niu,1993,-0.383607
6576,niu,1994,-0.366631
6576,niu,1995,-0.397901
6576,niu,1996,-0.376244
6576,niu,1997,-0.195701
6576,niu,1998,-0.257682
6576,niu,1999,-0.282758
6576,niu,2000,-0.224234
6576,niu,2001,-0.247917
6576,niu,2002,-0.327938
6576,niu,2003,-0.243478
6576,niu,2004,-0.307517
6576,niu,2005,-0.148215
6576,niu,2006,-0.186868
6576,niu,2007,-0.155346
6576,niu,2008,-0.217494
6576,niu,2009,-0.179873
6576,niu,2010,-0.108577
6576,niu,2011,-0.08976
6576,niu,2012,-0.092936
6576,niu,2013,-0.153202
6576,niu,2014,-0.148107
6576,niu,2015,-0.15208
6576,niu,2016,-0.087959
6576,niu,1970,-0.09813
6576,niu,1971,-0.293472
6576,niu,1972,-0.333986
6576,niu,1973,-0.353743
6576,niu,1974,-0.373032
6576,niu,1975,-0.37411
6576,niu,1976,-0.441075
6576,niu,1977,-0.402817
6576,niu,1978,-0.326294
6576,niu,1979,-0.258927
6576,niu,1980,-0.314739
6576,niu,1981,-0.334965
6576,niu,1982,-0.247945
6576,niu,1983,-0.331717
6576,niu,1984,-0.378881
6576,niu,1985,-0.433036
6576,niu,1986,-0.328787
6576,niu,1987,-0.438345
6576,nld,1988,-0.349431
6576,nld,1989,-0.31387
6576,nld,1990,-0.357547
6576,nld,1991,-0.453428
6576,nld,1992,-0.389925
6576,nld,1993,-0.354245
6576,nld,1994,-0.335613
6576,nld,1995,-0.383973
6576,nld,1996,-0.338523
6576,nld,1997,-0.194978
6576,nld,1998,-0.234838
6576,nld,1999,-0.278038
6576,nld,2000,-0.203956
6576,nld,2001,-0.227823
6576,nld,2002,-0.274883
6576,nld,2003,-0.213407
6576,nld,2004,-0.283045
6576,nld,2005,-0.149208
6576,nld,2006,-0.176827
6576,nld,2007,-0.141047
6576,nld,2008,-0.202262
6576,nld,2009,-0.18924
6576,nld,2010,-0.133832
6576,nld,2011,-0.074425
6576,nld,2012,-0.086979
6576,nld,2013,-0.13638
6576,nld,2014,-0.122009
6576,nld,2015,-0.129972
6576,nld,2016,-0.085372
6576,nld,1962,-0.078568
6576,nld,1963,-0.153638
6576,nld,1964,-0.074131
6576,nld,1965,-0.158649
6576,nld,1966,-0.177059
6576,nld,1967,-0.144189
6576,nld,1968,-0.193669
6576,nld,1969,-0.127709
6576,nld,1970,-0.127108
6576,nld,1971,-0.270772
6576,nld,1972,-0.294372
6576,nld,1973,-0.296146
6576,nld,1974,-0.311839
6576,nld,1975,-0.33364
6576,nld,1976,-0.381007
6576,nld,1977,-0.341188
6576,nld,1978,-0.302869
6576,nld,1979,-0.253976
6576,nld,1980,-0.293015
6576,nld,1981,-0.304569
6576,nld,1982,-0.254542
6576,nld,1983,-0.299704
6576,nld,1984,-0.337672
6576,nld,1985,-0.420574
6576,nld,1986,-0.292478
6576,nld,1987,-0.409974
6576,nor,1988,-0.386596
6576,nor,1989,-0.324337
6576,nor,1990,-0.380009
6576,nor,1991,-0.46464
6576,nor,1992,-0.388012
6576,nor,1993,-0.344921
6576,nor,1994,-0.321557
6576,nor,1995,-0.367717
6576,nor,1996,-0.354688
6576,nor,1997,-0.196098
6576,nor,1998,-0.259237
6576,nor,1999,-0.277176
6576,nor,2000,-0.203921
6576,nor,2001,-0.231304
6576,nor,2002,-0.317173
6576,nor,2003,-0.230928
6576,nor,2004,-0.292104
6576,nor,2005,-0.1411
6576,nor,2006,-0.169917
6576,nor,2007,-0.138121
6576,nor,2008,-0.194404
6576,nor,2009,-0.181522
6576,nor,2010,-0.103873
6576,nor,2011,-0.052914
6576,nor,2012,-0.058431
6576,nor,2013,-0.114219
6576,nor,2014,-0.103139
6576,nor,2015,-0.113927
6576,nor,2016,-0.059449
6576,nor,1962,-0.046749
6576,nor,1963,-0.102718
6576,nor,1964,-0.008508
6576,nor,1965,-0.110187
6576,nor,1966,-0.146033
6576,nor,1967,-0.120843
6576,nor,1968,-0.16743
6576,nor,1969,-0.113124
6576,nor,1970,-0.113899
6576,nor,1971,-0.302279
6576,nor,1972,-0.33569
6576,nor,1973,-0.322432
6576,nor,1974,-0.363772
6576,nor,1975,-0.352853
6576,nor,1976,-0.383832
6576,nor,1977,-0.321567
6576,nor,1978,-0.304542
6576,nor,1979,-0.236712
6576,nor,1980,-0.320251
6576,nor,1981,-0.342984
6576,nor,1982,-0.275333
6576,nor,1983,-0.340527
6576,nor,1984,-0.379522
6576,nor,1985,-0.447817
6576,nor,1986,-0.321819
6576,nor,1987,-0.434527
6576,npl,1988,-0.297073
6576,npl,1989,-0.263653
6576,npl,1990,-0.34514
6576,npl,1991,-0.407143
6576,npl,1992,-0.306647
6576,npl,1993,-0.27702
6576,npl,1994,-0.2354
6576,npl,1995,-0.252539
6576,npl,1996,-0.259057
6576,npl,1997,0
6576,npl,1998,-0.138749
6576,npl,1999,0
6576,npl,2000,-0.113466
6576,npl,2001,-0.167775
6576,npl,2002,-0.247802
6576,npl,2003,-0.101575
6576,npl,2004,0
6576,npl,2005,0
6576,npl,2006,0
6576,npl,2007,0
6576,npl,2008,0
6576,npl,2009,0
6576,npl,2010,0
6576,npl,2011,0
6576,npl,2012,0
6576,npl,2013,0
6576,npl,2014,0
6576,npl,2015,0
6576,npl,2016,0
6576,npl,1962,-0.036917
6576,npl,1963,-0.115051
6576,npl,1964,0.054944
6576,npl,1965,-0.08221
6576,npl,1966,-0.103947
6576,npl,1967,-0.088472
6576,npl,1968,-0.132044
6576,npl,1969,-0.041953
6576,npl,1970,-0.015258
6576,npl,1971,-0.20173
6576,npl,1972,-0.231373
6576,npl,1973,-0.216516
6576,npl,1974,-0.286894
6576,npl,1975,-0.258759
6576,npl,1976,-0.339327
6576,npl,1977,-0.321251
6576,npl,1978,-0.23575
6576,npl,1979,-0.177941
6576,npl,1980,-0.232386
6576,npl,1981,-0.258979
6576,npl,1982,-0.20361
6576,npl,1983,-0.252343
6576,npl,1984,-0.280354
6576,npl,1985,-0.335403
6576,npl,1986,-0.20883
6576,npl,1987,-0.36753
6576,nru,1988,-0.39516
6576,nru,1989,-0.336843
6576,nru,1990,-0.431654
6576,nru,1991,-0.496769
6576,nru,1992,-0.416458
6576,nru,1993,-0.383816
6576,nru,1994,-0.367777
6576,nru,1995,-0.408176
6576,nru,1996,-0.385573
6576,nru,1997,-0.214691
6576,nru,1998,-0.266672
6576,nru,1999,-0.289938
6576,nru,2000,-0.232741
6576,nru,2001,-0.249674
6576,nru,2002,-0.337871
6576,nru,2003,-0.22678
6576,nru,2004,-0.310785
6576,nru,2005,-0.155504
6576,nru,2006,-0.186793
6576,nru,2007,-0.137151
6576,nru,2008,-0.212354
6576,nru,2009,-0.197188
6576,nru,2010,-0.118242
6576,nru,2011,-0.059031
6576,nru,2012,-0.073791
6576,nru,2013,-0.128928
6576,nru,2014,-0.104388
6576,nru,2015,-0.11516
6576,nru,2016,-0.060577
6576,nru,1970,-0.098127
6576,nru,1971,-0.288021
6576,nru,1972,-0.339289
6576,nru,1973,-0.330575
6576,nru,1974,-0.362018
6576,nru,1975,-0.369508
6576,nru,1976,-0.443639
6576,nru,1977,-0.405226
6576,nru,1978,-0.329006
6576,nru,1979,-0.258972
6576,nru,1980,-0.334395
6576,nru,1981,-0.362193
6576,nru,1982,-0.279778
6576,nru,1983,-0.354747
6576,nru,1984,-0.388622
6576,nru,1985,-0.478096
6576,nru,1986,-0.340117
6576,nru,1987,-0.454895
6576,nzl,1988,-0.328491
6576,nzl,1989,-0.281706
6576,nzl,1990,-0.34693
6576,nzl,1991,-0.419958
6576,nzl,1992,-0.328282
6576,nzl,1993,-0.300994
6576,nzl,1994,-0.281108
6576,nzl,1995,-0.315464
6576,nzl,1996,-0.29278
6576,nzl,1997,-0.15126
6576,nzl,1998,-0.19702
6576,nzl,1999,-0.216472
6576,nzl,2000,-0.171541
6576,nzl,2001,-0.175121
6576,nzl,2002,-0.258296
6576,nzl,2003,0
6576,nzl,2004,-0.237523
6576,nzl,2005,-0.085925
6576,nzl,2006,-0.122072
6576,nzl,2007,-0.086715
6576,nzl,2008,-0.144057
6576,nzl,2009,-0.115843
6576,nzl,2010,-0.043113
6576,nzl,2011,-0.013457
6576,nzl,2012,-0.02486
6576,nzl,2013,-0.075123
6576,nzl,2014,-0.057226
6576,nzl,2015,-0.05928
6576,nzl,2016,-0.022555
6576,nzl,1962,-0.02056
6576,nzl,1963,-0.079263
6576,nzl,1964,0.014468
6576,nzl,1965,-0.096624
6576,nzl,1966,-0.14267
6576,nzl,1967,-0.0984
6576,nzl,1968,-0.144023
6576,nzl,1969,-0.0697
6576,nzl,1970,-0.041892
6576,nzl,1971,-0.211169
6576,nzl,1972,-0.268824
6576,nzl,1973,-0.263194
6576,nzl,1974,-0.259847
6576,nzl,1975,-0.267689
6576,nzl,1976,-0.349579
6576,nzl,1977,-0.29895
6576,nzl,1978,-0.258363
6576,nzl,1979,-0.189821
6576,nzl,1980,-0.263302
6576,nzl,1981,-0.300772
6576,nzl,1982,-0.207101
6576,nzl,1983,-0.292467
6576,nzl,1984,-0.334998
6576,nzl,1985,-0.407665
6576,nzl,1986,-0.289539
6576,nzl,1987,-0.407669
6576,omn,1988,-0.386693
6576,omn,1989,-0.316616
6576,omn,1990,-0.413291
6576,omn,1991,-0.504193
6576,omn,1992,-0.400173
6576,omn,1993,-0.359578
6576,omn,1994,-0.345213
6576,omn,1995,-0.376694
6576,omn,1996,-0.356003
6576,omn,1997,-0.191619
6576,omn,1998,-0.227375
6576,omn,1999,-0.262147
6576,omn,2000,-0.196002
6576,omn,2001,-0.234242
6576,omn,2002,-0.321537
6576,omn,2003,-0.224812
6576,omn,2004,-0.287601
6576,omn,2005,-0.1268
6576,omn,2006,-0.152599
6576,omn,2007,-0.118423
6576,omn,2008,-0.191599
6576,omn,2009,-0.171734
6576,omn,2010,-0.084557
6576,omn,2011,-0.042431
6576,omn,2012,-0.060221
6576,omn,2013,-0.114
6576,omn,2014,-0.094675
6576,omn,2015,-0.080813
6576,omn,2016,-0.034894
6576,omn,1962,-0.024961
6576,omn,1963,-0.097075
6576,omn,1964,-0.007702
6576,omn,1965,-0.126733
6576,omn,1966,-0.16893
6576,omn,1967,-0.134253
6576,omn,1968,-0.181411
6576,omn,1969,-0.111056
6576,omn,1970,-0.089446
6576,omn,1971,-0.275587
6576,omn,1972,-0.31897
6576,omn,1973,-0.314822
6576,omn,1974,-0.314231
6576,omn,1975,-0.33171
6576,omn,1976,-0.41992
6576,omn,1977,-0.366119
6576,omn,1978,-0.311547
6576,omn,1979,-0.252843
6576,omn,1980,-0.317468
6576,omn,1981,-0.359921
6576,omn,1982,-0.272036
6576,omn,1983,-0.346759
6576,omn,1984,-0.3862
6576,omn,1985,-0.471152
6576,omn,1986,-0.333165
6576,omn,1987,-0.446674
6576,pak,1988,-0.245172
6576,pak,1989,-0.187393
6576,pak,1990,-0.280264
6576,pak,1991,-0.326553
6576,pak,1992,-0.268556
6576,pak,1993,-0.229667
6576,pak,1994,-0.196627
6576,pak,1995,-0.208946
6576,pak,1996,0
6576,pak,1997,-0.081019
6576,pak,1998,-0.125952
6576,pak,1999,-0.134102
6576,pak,2000,-0.083855
6576,pak,2001,-0.107759
6576,pak,2002,-0.16737
6576,pak,2003,-0.063137
6576,pak,2004,-0.10957
6576,pak,2005,0
6576,pak,2006,-0.022579
6576,pak,2007,0.036533
6576,pak,2008,-0.040461
6576,pak,2009,0
6576,pak,2010,0.058629
6576,pak,2011,0.070824
6576,pak,2012,0.042945
6576,pak,2013,0.053338
6576,pak,2014,0.024143
6576,pak,2015,0.029107
6576,pak,2016,0.046271
6576,pak,1962,0.079628
6576,pak,1963,-0.001549
6576,pak,1964,0.067167
6576,pak,1965,-0.039106
6576,pak,1966,-0.102243
6576,pak,1967,-0.098159
6576,pak,1968,-0.103388
6576,pak,1969,-0.027771
6576,pak,1970,-0.019859
6576,pak,1971,-0.189769
6576,pak,1972,-0.202561
6576,pak,1973,-0.19833
6576,pak,1974,-0.201188
6576,pak,1975,-0.183286
6576,pak,1976,-0.260332
6576,pak,1977,-0.229323
6576,pak,1978,-0.207249
6576,pak,1979,-0.151705
6576,pak,1980,-0.210852
6576,pak,1981,-0.258362
6576,pak,1982,-0.141078
6576,pak,1983,-0.21652
6576,pak,1984,-0.262314
6576,pak,1985,-0.30645
6576,pak,1986,-0.230654
6576,pak,1987,-0.318107
6576,pan,1988,-0.317764
6576,pan,1989,-0.251945
6576,pan,1990,-0.348967
6576,pan,1991,-0.375583
6576,pan,1992,-0.303
6576,pan,1993,-0.267067
6576,pan,1994,-0.264455
6576,pan,1995,-0.265501
6576,pan,1996,-0.288779
6576,pan,1997,-0.136296
6576,pan,1998,-0.143916
6576,pan,1999,-0.162186
6576,pan,2000,0
6576,pan,2001,0
6576,pan,2002,0
6576,pan,2003,-0.153738
6576,pan,2004,0
6576,pan,2005,0
6576,pan,2006,0
6576,pan,2007,0
6576,pan,2008,-0.151562
6576,pan,2009,-0.153984
6576,pan,2010,-0.090617
6576,pan,2011,-0.040579
6576,pan,2012,-0.061117
6576,pan,2013,-0.068542
6576,pan,2014,-0.056616
6576,pan,2015,-0.074069
6576,pan,2016,-0.06068
6576,pan,1962,-0.009427
6576,pan,1963,-0.084849
6576,pan,1964,0.0044
6576,pan,1965,-0.112856
6576,pan,1966,-0.129079
6576,pan,1967,-0.08977
6576,pan,1968,-0.166457
6576,pan,1969,-0.077659
6576,pan,1970,-0.078435
6576,pan,1971,-0.248936
6576,pan,1972,-0.264689
6576,pan,1973,-0.264544
6576,pan,1974,-0.308802
6576,pan,1975,-0.286648
6576,pan,1976,-0.343875
6576,pan,1977,-0.324116
6576,pan,1978,-0.270184
6576,pan,1979,-0.193159
6576,pan,1980,-0.260674
6576,pan,1981,-0.298681
6576,pan,1982,-0.197403
6576,pan,1983,-0.290635
6576,pan,1984,-0.32348
6576,pan,1985,-0.38247
6576,pan,1986,-0.278631
6576,pan,1987,-0.375051
6576,pci,1988,-0.368511
6576,pci,1989,-0.302641
6576,pci,1990,-0.389485
6576,pci,1991,-0.452256
6576,pci,1962,0
6576,pci,1963,0
6576,pci,1964,0
6576,pci,1965,0
6576,pci,1966,0
6576,pci,1967,0
6576,pci,1968,0
6576,pci,1969,0
6576,pci,1970,-0.058543
6576,pci,1971,-0.251191
6576,pci,1972,-0.295579
6576,pci,1973,-0.289539
6576,pci,1974,-0.337796
6576,pci,1975,-0.357824
6576,pci,1976,-0.407421
6576,pci,1977,-0.368887
6576,pci,1978,-0.300977
6576,pci,1979,-0.235405
6576,pci,1980,-0.299982
6576,pci,1981,-0.340832
6576,pci,1982,-0.250952
6576,pci,1983,-0.307378
6576,pci,1984,-0.350016
6576,pci,1985,-0.415695
6576,pci,1986,-0.300914
6576,pci,1987,-0.40906
6576,pcn,1988,-0.359157
6576,pcn,1989,-0.310082
6576,pcn,1990,-0.426661
6576,pcn,1991,-0.496676
6576,pcn,1992,-0.39777
6576,pcn,1993,-0.387221
6576,pcn,1994,-0.355359
6576,pcn,1995,-0.403173
6576,pcn,1996,-0.370072
6576,pcn,1997,-0.207359
6576,pcn,1998,-0.260735
6576,pcn,1999,-0.290846
6576,pcn,2000,-0.205294
6576,pcn,2001,-0.23451
6576,pcn,2002,-0.319197
6576,pcn,2003,-0.236007
6576,pcn,2004,-0.319082
6576,pcn,2005,-0.144669
6576,pcn,2006,-0.174788
6576,pcn,2007,-0.145235
6576,pcn,2008,-0.201178
6576,pcn,2009,-0.188755
6576,pcn,2010,-0.104754
6576,pcn,2011,-0.080552
6576,pcn,2012,-0.091491
6576,pcn,2013,-0.130827
6576,pcn,2014,-0.103523
6576,pcn,2015,-0.10827
6576,pcn,2016,-0.079588
6576,pcn,1970,0
6576,pcn,1971,-0.287644
6576,pcn,1972,0
6576,pcn,1973,0
6576,pcn,1974,0
6576,pcn,1975,-0.370302
6576,pcn,1976,-0.442706
6576,pcn,1977,-0.404965
6576,pcn,1978,-0.329302
6576,pcn,1979,-0.262448
6576,pcn,1980,-0.331368
6576,pcn,1981,-0.351203
6576,pcn,1982,-0.268251
6576,pcn,1983,-0.342822
6576,pcn,1984,-0.391879
6576,pcn,1985,-0.462576
6576,pcn,1986,-0.33818
6576,pcn,1987,-0.455088
6576,per,1988,-0.313738
6576,per,1989,-0.256939
6576,per,1990,-0.308289
6576,per,1991,-0.378688
6576,per,1992,-0.291666
6576,per,1993,-0.233255
6576,per,1994,-0.235299
6576,per,1995,-0.285275
6576,per,1996,-0.250864
6576,per,1997,-0.111334
6576,per,1998,-0.162144
6576,per,1999,-0.181298
6576,per,2000,-0.110928
6576,per,2001,-0.131956
6576,per,2002,-0.188682
6576,per,2003,-0.097361
6576,per,2004,-0.168961
6576,per,2005,-0.022386
6576,per,2006,-0.078392
6576,per,2007,-0.036572
6576,per,2008,-0.094854
6576,per,2009,-0.065483
6576,per,2010,0.0115
6576,per,2011,0.043357
6576,per,2012,0.012017
6576,per,2013,-0.01928
6576,per,2014,0.004477
6576,per,2015,0.008296
6576,per,2016,0.024908
6576,per,1962,0.042879
6576,per,1963,-0.010877
6576,per,1964,0.050601
6576,per,1965,-0.08435
6576,per,1966,-0.103699
6576,per,1967,-0.068288
6576,per,1968,-0.121018
6576,per,1969,-0.056455
6576,per,1970,-0.025798
6576,per,1971,-0.211464
6576,per,1972,-0.25215
6576,per,1973,-0.251362
6576,per,1974,-0.263904
6576,per,1975,-0.276948
6576,per,1976,-0.345828
6576,per,1977,-0.286681
6576,per,1978,-0.207854
6576,per,1979,-0.147435
6576,per,1980,-0.228765
6576,per,1981,-0.26784
6576,per,1982,-0.162404
6576,per,1983,-0.271739
6576,per,1984,-0.309923
6576,per,1985,-0.386196
6576,per,1986,-0.271155
6576,per,1987,-0.377229
6576,phl,1988,0
6576,phl,1989,0
6576,phl,1990,0
6576,phl,1991,0
6576,phl,1992,0
6576,phl,1993,0
6576,phl,1994,0
6576,phl,1995,0
6576,phl,1996,0
6576,phl,1997,-0.102394
6576,phl,1998,-0.114426
6576,phl,1999,-0.163998
6576,phl,2000,-0.106741
6576,phl,2001,-0.139337
6576,phl,2002,-0.238604
6576,phl,2003,-0.155745
6576,phl,2004,-0.196807
6576,phl,2005,-0.073602
6576,phl,2006,-0.081843
6576,phl,2007,-0.062999
6576,phl,2008,0
6576,phl,2009,-0.127442
6576,phl,2010,0
6576,phl,2011,0.007249
6576,phl,2012,0.011606
6576,phl,2013,-0.049959
6576,phl,2014,0
6576,phl,2015,0
6576,phl,2016,0
6576,phl,1962,0.014629
6576,phl,1963,0
6576,phl,1964,0
6576,phl,1965,0
6576,phl,1966,0
6576,phl,1967,0
6576,phl,1968,0
6576,phl,1969,0
6576,phl,1970,0
6576,phl,1971,0
6576,phl,1972,0
6576,phl,1973,0
6576,phl,1974,0
6576,phl,1975,0
6576,phl,1976,0
6576,phl,1977,0
6576,phl,1978,0
6576,phl,1979,0
6576,phl,1980,0
6576,phl,1981,0
6576,phl,1982,0
6576,phl,1983,0
6576,phl,1984,0
6576,phl,1985,0
6576,phl,1986,0
6576,phl,1987,0
6576,png,1988,-0.317118
6576,png,1989,-0.250622
6576,png,1990,-0.343104
6576,png,1991,-0.407046
6576,png,1992,-0.315723
6576,png,1993,-0.306438
6576,png,1994,-0.290947
6576,png,1995,-0.340776
6576,png,1996,-0.296886
6576,png,1997,-0.160225
6576,png,1998,-0.189412
6576,png,1999,-0.220877
6576,png,2000,-0.154141
6576,png,2001,-0.187938
6576,png,2002,-0.255657
6576,png,2003,-0.165059
6576,png,2004,-0.243302
6576,png,2005,-0.079435
6576,png,2006,-0.108891
6576,png,2007,-0.081535
6576,png,2008,-0.142868
6576,png,2009,-0.134278
6576,png,2010,-0.048833
6576,png,2011,-0.006095
6576,png,2012,-0.028825
6576,png,2013,-0.078876
6576,png,2014,-0.047772
6576,png,2015,-0.08093
6576,png,2016,-0.032011
6576,png,1962,-0.014703
6576,png,1963,-0.033282
6576,png,1964,0.032447
6576,png,1965,-0.067852
6576,png,1966,-0.086309
6576,png,1967,-0.080674
6576,png,1968,-0.112359
6576,png,1969,-0.033132
6576,png,1970,0.004508
6576,png,1971,-0.175862
6576,png,1972,-0.239667
6576,png,1973,-0.221834
6576,png,1974,-0.227208
6576,png,1975,-0.238664
6576,png,1976,-0.325851
6576,png,1977,-0.299214
6576,png,1978,-0.221676
6576,png,1979,-0.179816
6576,png,1980,-0.248521
6576,png,1981,-0.263347
6576,png,1982,-0.185052
6576,png,1983,-0.263801
6576,png,1984,-0.291516
6576,png,1985,-0.373875
6576,png,1986,-0.270311
6576,png,1987,-0.381135
6576,pol,1988,0
6576,pol,1989,0
6576,pol,1990,0
6576,pol,1991,0
6576,pol,1992,0
6576,pol,1993,0
6576,pol,1994,0
6576,pol,1995,0
6576,pol,1996,0
6576,pol,1997,0
6576,pol,1998,0
6576,pol,1999,0
6576,pol,2000,0
6576,pol,2001,0
6576,pol,2002,0
6576,pol,2003,0
6576,pol,2004,0
6576,pol,2005,-0.141443
6576,pol,2006,0
6576,pol,2007,0
6576,pol,2008,0
6576,pol,2009,0
6576,pol,2010,-0.16668
6576,pol,2011,0
6576,pol,2012,0
6576,pol,2013,0
6576,pol,2014,0
6576,pol,2015,0
6576,pol,2016,-0.110099
6576,pol,1962,0.052804
6576,pol,1963,-0.010609
6576,pol,1964,0.059696
6576,pol,1965,0
6576,pol,1966,0
6576,pol,1967,0
6576,pol,1968,-0.110873
6576,pol,1969,0
6576,pol,1970,0
6576,pol,1971,0
6576,pol,1972,0
6576,pol,1973,0
6576,pol,1974,0
6576,pol,1975,0
6576,pol,1976,0
6576,pol,1977,0
6576,pol,1978,0
6576,pol,1979,0
6576,pol,1980,0
6576,pol,1981,0
6576,pol,1982,0
6576,pol,1983,0
6576,pol,1984,0
6576,pol,1985,0
6576,pol,1986,0
6576,pol,1987,0
6576,prk,1988,-0.29725
6576,prk,1989,-0.24766
6576,prk,1990,-0.342855
6576,prk,1991,-0.395972
6576,prk,1992,-0.309423
6576,prk,1993,-0.279577
6576,prk,1994,-0.262799
6576,prk,1995,-0.284808
6576,prk,1996,-0.291391
6576,prk,1997,-0.147115
6576,prk,1998,-0.199109
6576,prk,1999,-0.21953
6576,prk,2000,-0.170437
6576,prk,2001,-0.196301
6576,prk,2002,-0.254135
6576,prk,2003,-0.195434
6576,prk,2004,-0.247677
6576,prk,2005,-0.119548
6576,prk,2006,0
6576,prk,2007,-0.115302
6576,prk,2008,-0.16741
6576,prk,2009,-0.142479
6576,prk,2010,-0.061753
6576,prk,2011,-0.014405
6576,prk,2012,-0.041172
6576,prk,2013,-0.064998
6576,prk,2014,-0.058704
6576,prk,2015,-0.045865
6576,prk,2016,-0.014976
6576,prk,1962,-0.007697
6576,prk,1963,-0.078141
6576,prk,1964,0.020761
6576,prk,1965,-0.095204
6576,prk,1966,-0.134777
6576,prk,1967,-0.09058
6576,prk,1968,-0.128134
6576,prk,1969,-0.048347
6576,prk,1970,-0.051467
6576,prk,1971,-0.227921
6576,prk,1972,-0.274105
6576,prk,1973,-0.263642
6576,prk,1974,-0.272167
6576,prk,1975,-0.265685
6576,prk,1976,-0.336389
6576,prk,1977,-0.29504
6576,prk,1978,-0.209077
6576,prk,1979,-0.164859
6576,prk,1980,-0.256095
6576,prk,1981,0
6576,prk,1982,-0.196106
6576,prk,1983,-0.29077
6576,prk,1984,-0.321716
6576,prk,1985,-0.398198
6576,prk,1986,-0.287847
6576,prk,1987,-0.365323
6576,prt,1988,0
6576,prt,1989,0
6576,prt,1990,0
6576,prt,1991,0
6576,prt,1992,0
6576,prt,1993,0
6576,prt,1994,0
6576,prt,1995,0
6576,prt,1996,0
6576,prt,1997,0
6576,prt,1998,0
6576,prt,1999,0
6576,prt,2000,0
6576,prt,2001,0
6576,prt,2002,0
6576,prt,2003,0
6576,prt,2004,0
6576,prt,2005,0
6576,prt,2006,0
6576,prt,2007,0
6576,prt,2008,0
6576,prt,2009,0
6576,prt,2010,0
6576,prt,2011,0
6576,prt,2012,0
6576,prt,2013,0
6576,prt,2014,0
6576,prt,2015,0
6576,prt,2016,0
6576,prt,1962,-0.027099
6576,prt,1963,-0.040153
6576,prt,1964,0.044992
6576,prt,1965,-0.090552
6576,prt,1966,-0.131625
6576,prt,1967,-0.091097
6576,prt,1968,-0.145283
6576,prt,1969,-0.071857
6576,prt,1970,-0.044157
6576,prt,1971,-0.214319
6576,prt,1972,-0.272369
6576,prt,1973,-0.252445
6576,prt,1974,0
6576,prt,1975,0
6576,prt,1976,0
6576,prt,1977,0
6576,prt,1978,0
6576,prt,1979,0
6576,prt,1980,0
6576,prt,1981,0
6576,prt,1982,0
6576,prt,1983,0
6576,prt,1984,0
6576,prt,1985,0
6576,prt,1986,0
6576,prt,1987,0
6576,pry,1988,0
6576,pry,1989,-0.23907
6576,pry,1990,-0.307972
6576,pry,1991,-0.362609
6576,pry,1992,-0.271249
6576,pry,1993,-0.257345
6576,pry,1994,-0.25633
6576,pry,1995,-0.302005
6576,pry,1996,-0.236594
6576,pry,1997,-0.133633
6576,pry,1998,-0.183803
6576,pry,1999,-0.201379
6576,pry,2000,-0.132663
6576,pry,2001,-0.160629
6576,pry,2002,-0.238504
6576,pry,2003,-0.141769
6576,pry,2004,-0.237151
6576,pry,2005,-0.05111
6576,pry,2006,-0.094043
6576,pry,2007,-0.052815
6576,pry,2008,-0.13441
6576,pry,2009,-0.123309
6576,pry,2010,-0.04255
6576,pry,2011,-0.009754
6576,pry,2012,-0.016475
6576,pry,2013,-0.070002
6576,pry,2014,-0.055932
6576,pry,2015,-0.066235
6576,pry,2016,-0.008524
6576,pry,1962,0.039068
6576,pry,1963,-0.002577
6576,pry,1964,0.09982
6576,pry,1965,-0.021701
6576,pry,1966,-0.074807
6576,pry,1967,-0.028481
6576,pry,1968,-0.041584
6576,pry,1969,0.005889
6576,pry,1970,0.05475
6576,pry,1971,0
6576,pry,1972,0
6576,pry,1973,0
6576,pry,1974,0
6576,pry,1975,0
6576,pry,1976,0
6576,pry,1977,0
6576,pry,1978,-0.23763
6576,pry,1979,-0.182957
6576,pry,1980,0
6576,pry,1981,0
6576,pry,1982,0
6576,pry,1983,0
6576,pry,1984,0
6576,pry,1985,0
6576,pry,1986,0
6576,pry,1987,0
6576,pyf,1988,-0.357069
6576,pyf,1989,-0.32343
6576,pyf,1990,-0.413344
6576,pyf,1991,-0.478227
6576,pyf,1992,-0.38968
6576,pyf,1993,-0.371785
6576,pyf,1994,-0.347423
6576,pyf,1995,-0.37532
6576,pyf,1996,-0.359065
6576,pyf,1997,-0.196328
6576,pyf,1998,-0.249342
6576,pyf,1999,-0.287029
6576,pyf,2000,-0.205208
6576,pyf,2001,-0.232894
6576,pyf,2002,-0.321097
6576,pyf,2003,-0.221374
6576,pyf,2004,-0.296846
6576,pyf,2005,-0.121811
6576,pyf,2006,-0.160511
6576,pyf,2007,-0.127811
6576,pyf,2008,-0.189564
6576,pyf,2009,-0.177564
6576,pyf,2010,-0.092952
6576,pyf,2011,-0.04873
6576,pyf,2012,-0.06156
6576,pyf,2013,-0.111381
6576,pyf,2014,-0.09147
6576,pyf,2015,-0.100876
6576,pyf,2016,-0.05024
6576,pyf,1962,-0.052917
6576,pyf,1963,0
6576,pyf,1964,-0.008765
6576,pyf,1965,-0.122581
6576,pyf,1966,-0.160609
6576,pyf,1967,-0.12143
6576,pyf,1968,-0.157957
6576,pyf,1969,-0.090339
6576,pyf,1970,-0.077275
6576,pyf,1971,-0.245116
6576,pyf,1972,-0.313625
6576,pyf,1973,-0.302992
6576,pyf,1974,-0.326512
6576,pyf,1975,-0.304846
6576,pyf,1976,-0.389857
6576,pyf,1977,-0.364284
6576,pyf,1978,-0.305096
6576,pyf,1979,-0.220741
6576,pyf,1980,-0.301247
6576,pyf,1981,-0.329794
6576,pyf,1982,-0.245136
6576,pyf,1983,-0.314946
6576,pyf,1984,-0.363346
6576,pyf,1985,-0.45405
6576,pyf,1986,-0.319772
6576,pyf,1987,-0.439009
6576,qat,1988,-0.388557
6576,qat,1989,-0.327547
6576,qat,1990,-0.412105
6576,qat,1991,-0.498034
6576,qat,1992,-0.405191
6576,qat,1993,-0.372367
6576,qat,1994,-0.342535
6576,qat,1995,-0.383053
6576,qat,1996,-0.35684
6576,qat,1997,-0.193306
6576,qat,1998,-0.251418
6576,qat,1999,-0.275473
6576,qat,2000,-0.210249
6576,qat,2001,-0.236793
6576,qat,2002,-0.329043
6576,qat,2003,-0.230797
6576,qat,2004,-0.290297
6576,qat,2005,-0.133658
6576,qat,2006,-0.168713
6576,qat,2007,-0.13579
6576,qat,2008,-0.203034
6576,qat,2009,-0.185606
6576,qat,2010,-0.108775
6576,qat,2011,-0.057048
6576,qat,2012,-0.06726
6576,qat,2013,-0.126099
6576,qat,2014,-0.104392
6576,qat,2015,-0.100667
6576,qat,2016,-0.056792
6576,qat,1962,-0.050823
6576,qat,1963,-0.115393
6576,qat,1964,-0.019409
6576,qat,1965,-0.141572
6576,qat,1966,-0.179778
6576,qat,1967,-0.13873
6576,qat,1968,-0.185793
6576,qat,1969,-0.106814
6576,qat,1970,-0.08927
6576,qat,1971,-0.281555
6576,qat,1972,-0.323167
6576,qat,1973,-0.310322
6576,qat,1974,-0.309743
6576,qat,1975,-0.337708
6576,qat,1976,-0.423152
6576,qat,1977,-0.372656
6576,qat,1978,-0.316197
6576,qat,1979,-0.257819
6576,qat,1980,-0.330197
6576,qat,1981,-0.35727
6576,qat,1982,-0.273061
6576,qat,1983,-0.344688
6576,qat,1984,-0.386823
6576,qat,1985,-0.465478
6576,qat,1986,-0.330261
6576,qat,1987,-0.449491
6576,reu,1988,-0.355593
6576,reu,1989,-0.308689
6576,reu,1990,-0.416697
6576,reu,1991,-0.492078
6576,reu,1992,-0.394287
6576,reu,1993,-0.368888
6576,reu,1994,-0.350502
6576,reu,1995,-0.383471
6576,reu,1962,-0.047174
6576,reu,1963,-0.069942
6576,reu,1964,-0.011047
6576,reu,1965,-0.137253
6576,reu,1966,-0.174194
6576,reu,1967,-0.131621
6576,reu,1968,-0.176977
6576,reu,1969,-0.091363
6576,reu,1970,-0.085271
6576,reu,1971,-0.260702
6576,reu,1972,-0.306408
6576,reu,1973,-0.312312
6576,reu,1974,-0.326308
6576,reu,1975,-0.335635
6576,reu,1976,-0.40088
6576,reu,1977,-0.359771
6576,reu,1978,-0.306987
6576,reu,1979,-0.244117
6576,reu,1980,-0.305034
6576,reu,1981,-0.33048
6576,reu,1982,-0.22227
6576,reu,1983,-0.324176
6576,reu,1984,-0.344845
6576,reu,1985,-0.4281
6576,reu,1986,-0.319566
6576,reu,1987,-0.413506
6576,rou,1988,0
6576,rou,1989,0
6576,rou,1990,0
6576,rou,1991,0
6576,rou,1992,0
6576,rou,1993,0
6576,rou,1994,0
6576,rou,1995,0
6576,rou,1996,0
6576,rou,1997,0
6576,rou,1998,0
6576,rou,1999,0
6576,rou,2000,-0.1512
6576,rou,2001,-0.171545
6576,rou,2002,-0.245737
6576,rou,2003,-0.147332
6576,rou,2004,0
6576,rou,2005,-0.075131
6576,rou,2006,-0.133054
6576,rou,2007,-0.132022
6576,rou,2008,-0.188703
6576,rou,2009,-0.167117
6576,rou,2010,-0.108425
6576,rou,2011,-0.05857
6576,rou,2012,-0.074587
6576,rou,2013,-0.121273
6576,rou,2014,-0.104
6576,rou,2015,-0.106291
6576,rou,2016,-0.078907
6576,rou,1962,0.073842
6576,rou,1963,-0.003488
6576,rou,1964,0.091095
6576,rou,1965,-0.035367
6576,rou,1966,-0.03154
6576,rou,1967,0.003735
6576,rou,1968,-0.074345
6576,rou,1969,-0.0423
6576,rou,1970,-0.034928
6576,rou,1971,0
6576,rou,1972,0
6576,rou,1973,0
6576,rou,1974,0
6576,rou,1975,0
6576,rou,1976,0
6576,rou,1977,0
6576,rou,1978,0
6576,rou,1979,0
6576,rou,1980,0
6576,rou,1981,0
6576,rou,1982,0
6576,rou,1983,0
6576,rou,1984,0
6576,rou,1985,0
6576,rou,1986,-0.29458
6576,rou,1987,-0.385432
6576,rwa,1988,-0.370004
6576,rwa,1989,-0.308962
6576,rwa,1990,-0.401535
6576,rwa,1991,-0.481917
6576,rwa,1992,-0.3772
6576,rwa,1993,-0.343749
6576,rwa,1994,-0.326932
6576,rwa,1995,-0.37299
6576,rwa,1996,-0.352581
6576,rwa,1997,-0.18491
6576,rwa,1998,-0.242747
6576,rwa,1999,-0.265513
6576,rwa,2000,-0.19968
6576,rwa,2001,-0.225751
6576,rwa,2002,-0.296253
6576,rwa,2003,-0.209127
6576,rwa,2004,-0.286408
6576,rwa,2005,-0.106183
6576,rwa,2006,-0.146459
6576,rwa,2007,-0.100956
6576,rwa,2008,-0.180801
6576,rwa,2009,-0.171946
6576,rwa,2010,-0.069876
6576,rwa,2011,-0.038888
6576,rwa,2012,-0.048941
6576,rwa,2013,-0.100184
6576,rwa,2014,-0.08625
6576,rwa,2015,-0.063001
6576,rwa,2016,-0.026547
6576,rwa,1963,-0.1039
6576,rwa,1964,-0.01111
6576,rwa,1965,-0.126977
6576,rwa,1966,-0.156798
6576,rwa,1967,-0.135487
6576,rwa,1968,-0.167562
6576,rwa,1969,-0.083756
6576,rwa,1970,-0.066968
6576,rwa,1971,-0.266525
6576,rwa,1972,-0.300425
6576,rwa,1973,-0.290334
6576,rwa,1974,-0.322618
6576,rwa,1975,-0.322885
6576,rwa,1976,-0.401958
6576,rwa,1977,-0.350134
6576,rwa,1978,-0.296277
6576,rwa,1979,-0.230004
6576,rwa,1980,-0.295394
6576,rwa,1981,-0.334639
6576,rwa,1982,-0.235709
6576,rwa,1983,-0.316502
6576,rwa,1984,-0.368481
6576,rwa,1985,-0.441166
6576,rwa,1986,-0.320947
6576,rwa,1987,-0.438295
6576,sau,1988,-0.378944
6576,sau,1989,-0.319699
6576,sau,1990,-0.401876
6576,sau,1991,-0.494933
6576,sau,1992,-0.40963
6576,sau,1993,-0.373717
6576,sau,1994,-0.348177
6576,sau,1995,-0.374093
6576,sau,1996,-0.369753
6576,sau,1997,-0.188962
6576,sau,1998,-0.247577
6576,sau,1999,-0.272745
6576,sau,2000,-0.208687
6576,sau,2001,-0.236014
6576,sau,2002,-0.319949
6576,sau,2003,-0.230544
6576,sau,2004,-0.309986
6576,sau,2005,-0.136125
6576,sau,2006,-0.164745
6576,sau,2007,-0.130324
6576,sau,2008,-0.194736
6576,sau,2009,-0.187445
6576,sau,2010,-0.108053
6576,sau,2011,-0.057496
6576,sau,2012,-0.068085
6576,sau,2013,-0.123785
6576,sau,2014,-0.101265
6576,sau,2015,-0.104791
6576,sau,2016,-0.060178
6576,sau,1962,-0.038186
6576,sau,1963,-0.099955
6576,sau,1964,-0.006641
6576,sau,1965,-0.132231
6576,sau,1966,-0.170465
6576,sau,1967,-0.12947
6576,sau,1968,-0.172278
6576,sau,1969,-0.094934
6576,sau,1970,-0.078485
6576,sau,1971,-0.268884
6576,sau,1972,-0.311668
6576,sau,1973,-0.311826
6576,sau,1974,-0.314092
6576,sau,1975,-0.335865
6576,sau,1976,-0.42179
6576,sau,1977,-0.371192
6576,sau,1978,-0.303418
6576,sau,1979,-0.249193
6576,sau,1980,-0.325347
6576,sau,1981,-0.355926
6576,sau,1982,-0.268642
6576,sau,1983,-0.341606
6576,sau,1984,-0.385808
6576,sau,1985,-0.462406
6576,sau,1986,-0.329508
6576,sau,1987,-0.444231
6576,sdn,1988,-0.314585
6576,sdn,1989,-0.266519
6576,sdn,1990,-0.362889
6576,sdn,1991,-0.431411
6576,sdn,1992,-0.33992
6576,sdn,1993,-0.306241
6576,sdn,1994,-0.304981
6576,sdn,1995,-0.341886
6576,sdn,1996,-0.293749
6576,sdn,1997,-0.156059
6576,sdn,1998,-0.207376
6576,sdn,1999,-0.236777
6576,sdn,2000,-0.164346
6576,sdn,2001,-0.202417
6576,sdn,2002,-0.28158
6576,sdn,2003,-0.194914
6576,sdn,2004,-0.261261
6576,sdn,2005,-0.104544
6576,sdn,2006,-0.139131
6576,sdn,2007,-0.11045
6576,sdn,2008,-0.177524
6576,sdn,2009,-0.159337
6576,sdn,2010,-0.079917
6576,sdn,2011,-0.037695
6576,sdn,2012,-0.034219
6576,sdn,2013,-0.087165
6576,sdn,2014,-0.054159
6576,sdn,2015,-0.065317
6576,sdn,2016,-0.016996
6576,sdn,1962,0.003098
6576,sdn,1963,-0.055986
6576,sdn,1964,0.052773
6576,sdn,1965,-0.069868
6576,sdn,1966,-0.100611
6576,sdn,1967,-0.064933
6576,sdn,1968,-0.113162
6576,sdn,1969,-0.03064
6576,sdn,1970,-0.028921
6576,sdn,1971,-0.195151
6576,sdn,1972,-0.250128
6576,sdn,1973,-0.243379
6576,sdn,1974,-0.254204
6576,sdn,1975,-0.259071
6576,sdn,1976,-0.341488
6576,sdn,1977,-0.301228
6576,sdn,1978,-0.250548
6576,sdn,1979,-0.176323
6576,sdn,1980,-0.247257
6576,sdn,1981,-0.28165
6576,sdn,1982,-0.181683
6576,sdn,1983,-0.258956
6576,sdn,1984,-0.302272
6576,sdn,1985,-0.391609
6576,sdn,1986,-0.274083
6576,sdn,1987,-0.393418
6576,sen,1988,-0.337998
6576,sen,1989,-0.259624
6576,sen,1990,-0.354016
6576,sen,1991,-0.430519
6576,sen,1992,-0.329692
6576,sen,1993,-0.303739
6576,sen,1994,-0.27892
6576,sen,1995,-0.315196
6576,sen,1996,-0.279817
6576,sen,1997,-0.139591
6576,sen,1998,-0.178817
6576,sen,1999,-0.186593
6576,sen,2000,-0.136017
6576,sen,2001,-0.157792
6576,sen,2002,-0.228899
6576,sen,2003,-0.135335
6576,sen,2004,-0.201775
6576,sen,2005,-0.039205
6576,sen,2006,-0.07655
6576,sen,2007,-0.02587
6576,sen,2008,-0.103011
6576,sen,2009,-0.09054
6576,sen,2010,-0.013064
6576,sen,2011,0.016236
6576,sen,2012,0
6576,sen,2013,-0.031508
6576,sen,2014,-0.023853
6576,sen,2015,-0.016349
6576,sen,2016,-0.001893
6576,sen,1962,0.043105
6576,sen,1963,-0.0121
6576,sen,1964,0.049053
6576,sen,1965,-0.06476
6576,sen,1966,-0.107894
6576,sen,1967,-0.075699
6576,sen,1968,-0.115264
6576,sen,1969,-0.043039
6576,sen,1970,-0.0051
6576,sen,1971,-0.181729
6576,sen,1972,-0.240969
6576,sen,1973,-0.232688
6576,sen,1974,-0.252892
6576,sen,1975,-0.262136
6576,sen,1976,-0.360545
6576,sen,1977,-0.275956
6576,sen,1978,-0.259556
6576,sen,1979,-0.203731
6576,sen,1980,-0.238904
6576,sen,1981,-0.281484
6576,sen,1982,-0.213472
6576,sen,1983,-0.295933
6576,sen,1984,-0.337607
6576,sen,1985,-0.406047
6576,sen,1986,-0.286827
6576,sen,1987,-0.391059
6576,sgp,1988,-0.277303
6576,sgp,1989,-0.226155
6576,sgp,1990,-0.315433
6576,sgp,1991,-0.417211
6576,sgp,1992,-0.325813
6576,sgp,1993,-0.321867
6576,sgp,1994,-0.337505
6576,sgp,1995,-0.364574
6576,sgp,1996,-0.351333
6576,sgp,1997,-0.193692
6576,sgp,1998,-0.224979
6576,sgp,1999,-0.280735
6576,sgp,2000,-0.211156
6576,sgp,2001,-0.245509
6576,sgp,2002,-0.330467
6576,sgp,2003,-0.250654
6576,sgp,2004,-0.32365
6576,sgp,2005,-0.181865
6576,sgp,2006,-0.196495
6576,sgp,2007,-0.160441
6576,sgp,2008,-0.246325
6576,sgp,2009,-0.227075
6576,sgp,2010,-0.175938
6576,sgp,2011,-0.105309
6576,sgp,2012,-0.126631
6576,sgp,2013,-0.174231
6576,sgp,2014,-0.163196
6576,sgp,2015,-0.164925
6576,sgp,2016,-0.136955
6576,sgp,1962,0.042921
6576,sgp,1963,0.030037
6576,sgp,1964,0.049751
6576,sgp,1965,-0.0343
6576,sgp,1966,-0.062931
6576,sgp,1967,-0.015161
6576,sgp,1968,-0.021641
6576,sgp,1969,0.020011
6576,sgp,1970,0.03701
6576,sgp,1971,-0.140082
6576,sgp,1972,-0.174978
6576,sgp,1973,-0.193956
6576,sgp,1974,-0.204757
6576,sgp,1975,-0.225807
6576,sgp,1976,-0.30378
6576,sgp,1977,-0.269451
6576,sgp,1978,-0.171525
6576,sgp,1979,-0.129331
6576,sgp,1980,-0.204154
6576,sgp,1981,-0.245239
6576,sgp,1982,-0.167937
6576,sgp,1983,-0.254155
6576,sgp,1984,-0.265104
6576,sgp,1985,-0.342742
6576,sgp,1986,-0.240271
6576,sgp,1987,-0.335217
6576,shn,1988,-0.374696
6576,shn,1989,-0.3116
6576,shn,1990,-0.424839
6576,shn,1991,-0.509977
6576,shn,1992,-0.410946
6576,shn,1993,-0.385686
6576,shn,1994,-0.345575
6576,shn,1995,-0.395979
6576,shn,1996,-0.365766
6576,shn,1997,-0.21011
6576,shn,1998,-0.258009
6576,shn,1999,-0.28978
6576,shn,2000,-0.230057
6576,shn,2001,-0.254366
6576,shn,2002,-0.338794
6576,shn,2003,-0.247269
6576,shn,2004,-0.31165
6576,shn,2005,-0.158789
6576,shn,2006,-0.195066
6576,shn,2007,-0.159762
6576,shn,2008,-0.210899
6576,shn,2009,-0.183644
6576,shn,2010,-0.121457
6576,shn,2011,-0.070897
6576,shn,2012,-0.082455
6576,shn,2013,-0.14091
6576,shn,2014,-0.120167
6576,shn,2015,-0.121949
6576,shn,2016,-0.069937
6576,shn,1970,-0.085384
6576,shn,1971,-0.24903
6576,shn,1972,-0.291736
6576,shn,1973,-0.301741
6576,shn,1974,-0.33793
6576,shn,1975,-0.332545
6576,shn,1976,-0.432515
6576,shn,1977,-0.374531
6576,shn,1978,-0.3217
6576,shn,1979,-0.25397
6576,shn,1980,-0.324192
6576,shn,1981,-0.342858
6576,shn,1982,-0.266116
6576,shn,1983,-0.347213
6576,shn,1984,-0.358711
6576,shn,1985,-0.467809
6576,shn,1986,-0.335484
6576,shn,1987,-0.436803
6576,slb,1988,-0.346551
6576,slb,1989,-0.27753
6576,slb,1990,-0.362996
6576,slb,1991,-0.469192
6576,slb,1992,-0.354069
6576,slb,1993,-0.328854
6576,slb,1994,-0.31704
6576,slb,1995,0
6576,slb,1996,-0.323127
6576,slb,1997,-0.18185
6576,slb,1998,-0.220064
6576,slb,1999,-0.250791
6576,slb,2000,-0.194515
6576,slb,2001,-0.21972
6576,slb,2002,-0.310994
6576,slb,2003,-0.210231
6576,slb,2004,-0.289568
6576,slb,2005,-0.130685
6576,slb,2006,-0.153859
6576,slb,2007,-0.117127
6576,slb,2008,-0.172917
6576,slb,2009,-0.160154
6576,slb,2010,-0.075165
6576,slb,2011,-0.032149
6576,slb,2012,-0.043759
6576,slb,2013,-0.09941
6576,slb,2014,-0.073379
6576,slb,2015,-0.08804
6576,slb,2016,-0.0402
6576,slb,1970,-0.043048
6576,slb,1971,-0.228514
6576,slb,1972,-0.280718
6576,slb,1973,-0.250048
6576,slb,1974,-0.286522
6576,slb,1975,-0.275694
6576,slb,1976,-0.35187
6576,slb,1977,-0.315359
6576,slb,1978,-0.243743
6576,slb,1979,-0.214114
6576,slb,1980,-0.290338
6576,slb,1981,-0.307465
6576,slb,1982,-0.219597
6576,slb,1983,-0.296337
6576,slb,1984,-0.325385
6576,slb,1985,-0.374086
6576,slb,1986,-0.26426
6576,slb,1987,-0.383263
6576,sle,1988,-0.359813
6576,sle,1989,-0.295264
6576,sle,1990,-0.386484
6576,sle,1991,-0.461273
6576,sle,1992,-0.379327
6576,sle,1993,-0.352055
6576,sle,1994,-0.307473
6576,sle,1995,-0.339419
6576,sle,1996,-0.314345
6576,sle,1997,-0.177354
6576,sle,1998,-0.213633
6576,sle,1999,-0.25776
6576,sle,2000,-0.196289
6576,sle,2001,-0.185748
6576,sle,2002,-0.284188
6576,sle,2003,-0.210432
6576,sle,2004,-0.279148
6576,sle,2005,-0.128263
6576,sle,2006,-0.151977
6576,sle,2007,-0.118072
6576,sle,2008,-0.189628
6576,sle,2009,-0.170637
6576,sle,2010,-0.081089
6576,sle,2011,-0.03312
6576,sle,2012,-0.050453
6576,sle,2013,-0.102088
6576,sle,2014,-0.089304
6576,sle,2015,-0.085876
6576,sle,2016,-0.045141
6576,sle,1962,0.019038
6576,sle,1963,-0.047141
6576,sle,1964,0.042598
6576,sle,1965,-0.09232
6576,sle,1966,-0.133214
6576,sle,1967,-0.082894
6576,sle,1968,-0.126149
6576,sle,1969,-0.07057
6576,sle,1970,-0.035297
6576,sle,1971,-0.216668
6576,sle,1972,-0.25453
6576,sle,1973,-0.262644
6576,sle,1974,-0.271238
6576,sle,1975,-0.27227
6576,sle,1976,-0.357367
6576,sle,1977,-0.30702
6576,sle,1978,-0.228571
6576,sle,1979,-0.189536
6576,sle,1980,-0.272191
6576,sle,1981,-0.29262
6576,sle,1982,-0.212687
6576,sle,1983,-0.278604
6576,sle,1984,-0.330731
6576,sle,1985,-0.426608
6576,sle,1986,-0.310861
6576,sle,1987,-0.431662
6576,slv,1988,0
6576,slv,1989,-0.251599
6576,slv,1990,-0.338165
6576,slv,1991,-0.376543
6576,slv,1992,-0.307603
6576,slv,1993,-0.263154
6576,slv,1994,-0.236052
6576,slv,1995,-0.252167
6576,slv,1996,-0.249022
6576,slv,1997,-0.126216
6576,slv,1998,-0.169149
6576,slv,1999,-0.185957
6576,slv,2000,-0.131592
6576,slv,2001,-0.157463
6576,slv,2002,-0.209597
6576,slv,2003,-0.150139
6576,slv,2004,-0.196501
6576,slv,2005,-0.029341
6576,slv,2006,-0.081821
6576,slv,2007,-0.03728
6576,slv,2008,-0.113182
6576,slv,2009,-0.097898
6576,slv,2010,-0.026062
6576,slv,2011,0.004129
6576,slv,2012,-0.018967
6576,slv,2013,-0.038136
6576,slv,2014,-0.037519
6576,slv,2015,-0.047912
6576,slv,2016,-0.024317
6576,slv,1962,-0.020724
6576,slv,1963,-0.05038
6576,slv,1964,0.037227
6576,slv,1965,-0.075161
6576,slv,1966,-0.127764
6576,slv,1967,-0.083478
6576,slv,1968,-0.107096
6576,slv,1969,-0.054703
6576,slv,1970,-0.057781
6576,slv,1971,-0.214513
6576,slv,1972,-0.264481
6576,slv,1973,-0.246561
6576,slv,1974,-0.264117
6576,slv,1975,-0.234995
6576,slv,1976,-0.313459
6576,slv,1977,-0.327287
6576,slv,1978,-0.249152
6576,slv,1979,-0.204095
6576,slv,1980,-0.270517
6576,slv,1981,-0.311901
6576,slv,1982,-0.212198
6576,slv,1983,-0.294989
6576,slv,1984,-0.325209
6576,slv,1985,-0.395801
6576,slv,1986,0
6576,slv,1987,0
6576,som,1988,-0.349409
6576,som,1989,-0.295088
6576,som,1990,-0.385138
6576,som,1991,-0.434881
6576,som,1992,-0.385491
6576,som,1993,-0.355145
6576,som,1994,-0.341159
6576,som,1995,-0.369215
6576,som,1996,-0.349169
6576,som,1997,-0.185781
6576,som,1998,-0.239741
6576,som,1999,-0.255982
6576,som,2000,-0.199215
6576,som,2001,-0.216016
6576,som,2002,-0.281209
6576,som,2003,-0.196695
6576,som,2004,-0.274234
6576,som,2005,-0.100999
6576,som,2006,-0.137005
6576,som,2007,-0.122318
6576,som,2008,-0.188649
6576,som,2009,-0.166734
6576,som,2010,-0.091261
6576,som,2011,-0.048754
6576,som,2012,-0.056284
6576,som,2013,-0.10745
6576,som,2014,-0.087794
6576,som,2015,-0.09212
6576,som,2016,-0.035289
6576,som,1962,-0.021162
6576,som,1963,-0.081443
6576,som,1964,0.016921
6576,som,1965,-0.11219
6576,som,1966,-0.145518
6576,som,1967,-0.098749
6576,som,1968,-0.154382
6576,som,1969,-0.069685
6576,som,1970,-0.05116
6576,som,1971,-0.214592
6576,som,1972,-0.272863
6576,som,1973,-0.272486
6576,som,1974,-0.301223
6576,som,1975,-0.305173
6576,som,1976,-0.376359
6576,som,1977,-0.323155
6576,som,1978,-0.273397
6576,som,1979,-0.207182
6576,som,1980,-0.268949
6576,som,1981,-0.313201
6576,som,1982,-0.208789
6576,som,1983,-0.294726
6576,som,1984,-0.364254
6576,som,1985,-0.436396
6576,som,1986,-0.305019
6576,som,1987,-0.423306
6576,spm,1988,-0.342463
6576,spm,1989,-0.315567
6576,spm,1990,-0.403007
6576,spm,1991,-0.493157
6576,spm,1992,0
6576,spm,1993,-0.358264
6576,spm,1994,-0.323168
6576,spm,1995,-0.36278
6576,spm,1996,-0.345133
6576,spm,1997,-0.185415
6576,spm,1998,-0.248965
6576,spm,1999,-0.275317
6576,spm,2000,-0.203074
6576,spm,2001,-0.229302
6576,spm,2002,-0.316656
6576,spm,2003,-0.246181
6576,spm,2004,-0.302253
6576,spm,2005,-0.1248
6576,spm,2006,-0.163424
6576,spm,2007,-0.124578
6576,spm,2008,-0.190632
6576,spm,2009,-0.185649
6576,spm,2010,-0.103354
6576,spm,2011,-0.02916
6576,spm,2012,-0.042339
6576,spm,2013,-0.101953
6576,spm,2014,-0.104219
6576,spm,2015,-0.122863
6576,spm,2016,-0.060596
6576,spm,1962,-0.122357
6576,spm,1963,-0.124726
6576,spm,1964,-0.007128
6576,spm,1965,-0.123957
6576,spm,1966,-0.200508
6576,spm,1967,-0.128367
6576,spm,1968,-0.194843
6576,spm,1969,-0.093818
6576,spm,1970,-0.079115
6576,spm,1971,-0.265269
6576,spm,1972,-0.290004
6576,spm,1973,-0.302244
6576,spm,1974,-0.337913
6576,spm,1975,-0.330607
6576,spm,1976,-0.397995
6576,spm,1977,-0.362953
6576,spm,1978,-0.296991
6576,spm,1979,-0.238964
6576,spm,1980,-0.291691
6576,spm,1981,-0.322866
6576,spm,1982,-0.24476
6576,spm,1983,-0.285079
6576,spm,1984,-0.360244
6576,spm,1985,-0.463959
6576,spm,1986,-0.318666
6576,spm,1987,-0.42364
6576,stp,1988,-0.379047
6576,stp,1989,-0.324903
6576,stp,1990,-0.409833
6576,stp,1991,-0.494776
6576,stp,1992,-0.418264
6576,stp,1993,-0.376195
6576,stp,1994,-0.349503
6576,stp,1995,-0.376389
6576,stp,1996,-0.364131
6576,stp,1997,-0.200989
6576,stp,1998,-0.255699
6576,stp,1999,-0.289829
6576,stp,2000,-0.204925
6576,stp,2001,-0.241663
6576,stp,2002,-0.31366
6576,stp,2003,-0.234485
6576,stp,2004,-0.290477
6576,stp,2005,-0.160437
6576,stp,2006,-0.18328
6576,stp,2007,-0.131861
6576,stp,2008,-0.208163
6576,stp,2009,-0.181668
6576,stp,2010,0
6576,stp,2011,-0.065078
6576,stp,2012,-0.069852
6576,stp,2013,-0.123228
6576,stp,2014,-0.115875
6576,stp,2015,-0.116859
6576,stp,2016,-0.060121
6576,stp,1962,-0.058088
6576,stp,1969,-0.107803
6576,stp,1970,-0.035063
6576,stp,1971,-0.240893
6576,stp,1972,-0.291078
6576,stp,1973,-0.279391
6576,stp,1974,-0.329098
6576,stp,1975,-0.317515
6576,stp,1976,-0.399982
6576,stp,1977,-0.375987
6576,stp,1978,-0.314175
6576,stp,1979,-0.239049
6576,stp,1980,-0.320031
6576,stp,1981,-0.340184
6576,stp,1982,-0.252733
6576,stp,1983,-0.308899
6576,stp,1984,-0.362868
6576,stp,1985,-0.428669
6576,stp,1986,-0.329173
6576,stp,1987,-0.43787
6576,sun,1988,-0.32199
6576,sun,1989,-0.268973
6576,sun,1990,-0.310765
6576,sun,1991,-0.401445
6576,sun,1962,0.01603
6576,sun,1963,-0.032688
6576,sun,1964,0.031516
6576,sun,1965,-0.071518
6576,sun,1966,-0.101727
6576,sun,1967,-0.038453
6576,sun,1968,-0.09555
6576,sun,1969,-0.035962
6576,sun,1970,-0.006407
6576,sun,1971,-0.202866
6576,sun,1972,-0.246511
6576,sun,1973,-0.238414
6576,sun,1974,-0.235922
6576,sun,1975,-0.222216
6576,sun,1976,-0.338293
6576,sun,1977,-0.291501
6576,sun,1978,-0.27064
6576,sun,1979,-0.210271
6576,sun,1980,-0.278068
6576,sun,1981,-0.302533
6576,sun,1982,-0.224075
6576,sun,1983,-0.318845
6576,sun,1984,-0.356461
6576,sun,1985,-0.426485
6576,sun,1986,-0.305611
6576,sun,1987,-0.395226
6576,sur,1988,-0.350402
6576,sur,1989,-0.29372
6576,sur,1990,-0.40415
6576,sur,1991,-0.48031
6576,sur,1992,-0.391536
6576,sur,1993,-0.352923
6576,sur,1994,-0.316452
6576,sur,1995,-0.355764
6576,sur,1996,-0.330829
6576,sur,1997,-0.171543
6576,sur,1998,-0.218781
6576,sur,1999,-0.256076
6576,sur,2000,-0.185027
6576,sur,2001,-0.207425
6576,sur,2002,-0.290832
6576,sur,2003,-0.206418
6576,sur,2004,-0.277676
6576,sur,2005,-0.114378
6576,sur,2006,-0.141068
6576,sur,2007,-0.116692
6576,sur,2008,-0.175739
6576,sur,2009,-0.152102
6576,sur,2010,-0.080061
6576,sur,2011,-0.034232
6576,sur,2012,-0.051803
6576,sur,2013,-0.102555
6576,sur,2014,-0.072475
6576,sur,2015,-0.093481
6576,sur,2016,-0.042297
6576,sur,1962,0.013428
6576,sur,1963,-0.036444
6576,sur,1964,0.039022
6576,sur,1965,-0.089437
6576,sur,1966,-0.142311
6576,sur,1967,-0.106194
6576,sur,1968,-0.142498
6576,sur,1969,-0.080242
6576,sur,1970,-0.055848
6576,sur,1971,-0.255106
6576,sur,1972,-0.280649
6576,sur,1973,-0.294523
6576,sur,1974,-0.302835
6576,sur,1975,-0.324488
6576,sur,1976,-0.381441
6576,sur,1977,-0.322526
6576,sur,1978,-0.240885
6576,sur,1979,-0.202316
6576,sur,1980,-0.276955
6576,sur,1981,-0.289859
6576,sur,1982,-0.220254
6576,sur,1983,-0.291049
6576,sur,1984,-0.328021
6576,sur,1985,-0.402653
6576,sur,1986,-0.294727
6576,sur,1987,-0.409806
6576,swe,1988,-0.44863
6576,swe,1989,-0.395547
6576,swe,1990,-0.477236
6576,swe,1991,-0.546353
6576,swe,1992,-0.48104
6576,swe,1993,-0.455902
6576,swe,1994,-0.42742
6576,swe,1995,-0.481941
6576,swe,1996,-0.471153
6576,swe,1997,-0.296481
6576,swe,1998,-0.351564
6576,swe,1999,-0.378628
6576,swe,2000,-0.317207
6576,swe,2001,-0.341968
6576,swe,2002,-0.422918
6576,swe,2003,-0.353276
6576,swe,2004,-0.394529
6576,swe,2005,-0.268191
6576,swe,2006,-0.279028
6576,swe,2007,-0.282517
6576,swe,2008,-0.317985
6576,swe,2009,-0.295941
6576,swe,2010,-0.260757
6576,swe,2011,-0.203899
6576,swe,2012,-0.172062
6576,swe,2013,-0.231267
6576,swe,2014,-0.208149
6576,swe,2015,-0.199752
6576,swe,2016,-0.140313
6576,swe,1962,-0.206367
6576,swe,1963,-0.2489
6576,swe,1964,-0.16234
6576,swe,1965,-0.241168
6576,swe,1966,-0.298566
6576,swe,1967,-0.270554
6576,swe,1968,-0.287467
6576,swe,1969,-0.239896
6576,swe,1970,-0.23835
6576,swe,1971,-0.418498
6576,swe,1972,-0.429143
6576,swe,1973,-0.424781
6576,swe,1974,-0.45574
6576,swe,1975,-0.469531
6576,swe,1976,-0.518796
6576,swe,1977,-0.484038
6576,swe,1978,-0.391254
6576,swe,1979,-0.342692
6576,swe,1980,-0.381797
6576,swe,1981,-0.381162
6576,swe,1982,-0.360174
6576,swe,1983,-0.407125
6576,swe,1984,-0.42182
6576,swe,1985,-0.496404
6576,swe,1986,-0.359816
6576,swe,1987,-0.487653
6576,syc,1988,-0.372762
6576,syc,1989,-0.323615
6576,syc,1990,-0.406945
6576,syc,1991,-0.498829
6576,syc,1992,-0.391811
6576,syc,1993,-0.354547
6576,syc,1994,-0.345972
6576,syc,1995,-0.382053
6576,syc,1996,-0.371976
6576,syc,1997,-0.197377
6576,syc,1998,-0.250964
6576,syc,1999,-0.279926
6576,syc,2000,-0.212572
6576,syc,2001,-0.235281
6576,syc,2002,-0.324549
6576,syc,2003,-0.224518
6576,syc,2004,-0.289886
6576,syc,2005,-0.134168
6576,syc,2006,-0.157889
6576,syc,2007,-0.130489
6576,syc,2008,-0.200959
6576,syc,2009,-0.174672
6576,syc,2010,-0.090951
6576,syc,2011,-0.047754
6576,syc,2012,-0.053125
6576,syc,2013,-0.102462
6576,syc,2014,-0.09637
6576,syc,2015,-0.103859
6576,syc,2016,-0.062865
6576,syc,1963,0
6576,syc,1964,0
6576,syc,1965,0
6576,syc,1966,0
6576,syc,1967,-0.151659
6576,syc,1969,-0.117893
6576,syc,1970,-0.070275
6576,syc,1971,-0.24527
6576,syc,1972,-0.291691
6576,syc,1973,-0.266461
6576,syc,1974,-0.32066
6576,syc,1975,-0.321416
6576,syc,1976,-0.376885
6576,syc,1977,-0.352071
6576,syc,1978,-0.303244
6576,syc,1979,-0.245786
6576,syc,1980,-0.310703
6576,syc,1981,-0.33767
6576,syc,1982,-0.25608
6576,syc,1983,-0.324134
6576,syc,1984,-0.36154
6576,syc,1985,-0.428473
6576,syc,1986,-0.316977
6576,syc,1987,-0.43496
6576,syr,1988,-0.328319
6576,syr,1989,-0.272505
6576,syr,1990,-0.356033
6576,syr,1991,-0.431443
6576,syr,1992,-0.318181
6576,syr,1993,-0.312434
6576,syr,1994,-0.287812
6576,syr,1995,0
6576,syr,1996,-0.278072
6576,syr,1997,-0.143471
6576,syr,1998,-0.157029
6576,syr,1999,-0.200815
6576,syr,2000,-0.138731
6576,syr,2001,-0.15527
6576,syr,2002,-0.21745
6576,syr,2003,-0.137013
6576,syr,2004,-0.186497
6576,syr,2005,-0.042776
6576,syr,2006,-0.055243
6576,syr,2007,0
6576,syr,2008,0
6576,syr,2009,-0.06334
6576,syr,2010,0.001324
6576,syr,2011,0.027665
6576,syr,2012,0.026549
6576,syr,2013,-0.02057
6576,syr,2014,0.000094
6576,syr,2015,0
6576,syr,2016,0
6576,syr,1962,-0.026929
6576,syr,1963,-0.08715
6576,syr,1964,0.022741
6576,syr,1965,-0.105124
6576,syr,1966,-0.145869
6576,syr,1967,-0.062031
6576,syr,1968,-0.108651
6576,syr,1969,-0.031101
6576,syr,1970,-0.017794
6576,syr,1971,-0.196397
6576,syr,1972,-0.213435
6576,syr,1973,-0.226551
6576,syr,1974,-0.250432
6576,syr,1975,-0.26401
6576,syr,1976,-0.336899
6576,syr,1977,0
6576,syr,1978,-0.261853
6576,syr,1979,-0.200122
6576,syr,1980,-0.241382
6576,syr,1981,-0.285888
6576,syr,1982,-0.20563
6576,syr,1983,-0.280811
6576,syr,1984,-0.339673
6576,syr,1985,-0.418926
6576,syr,1986,-0.293075
6576,syr,1987,-0.401179
6576,tca,1988,-0.385576
6576,tca,1989,-0.314376
6576,tca,1990,-0.414832
6576,tca,1991,-0.500955
6576,tca,1992,-0.39572
6576,tca,1993,-0.370933
6576,tca,1994,-0.349608
6576,tca,1995,-0.394102
6576,tca,1996,-0.360151
6576,tca,1997,-0.184614
6576,tca,1998,-0.245982
6576,tca,1999,-0.260257
6576,tca,2000,-0.208262
6576,tca,2001,-0.221271
6576,tca,2002,-0.316953
6576,tca,2003,-0.221036
6576,tca,2004,-0.284336
6576,tca,2005,-0.122481
6576,tca,2006,-0.148028
6576,tca,2007,-0.152542
6576,tca,2008,-0.223453
6576,tca,2009,-0.184858
6576,tca,2010,-0.111083
6576,tca,2011,-0.055532
6576,tca,2012,-0.062169
6576,tca,2013,-0.117984
6576,tca,2014,-0.093655
6576,tca,2015,-0.112102
6576,tca,2016,-0.054182
6576,tca,1970,-0.095408
6576,tca,1971,-0.28508
6576,tca,1972,-0.324035
6576,tca,1973,-0.31188
6576,tca,1974,-0.344737
6576,tca,1975,-0.340464
6576,tca,1976,-0.410935
6576,tca,1977,-0.375138
6576,tca,1978,-0.306298
6576,tca,1979,-0.248715
6576,tca,1980,-0.319651
6576,tca,1981,-0.356584
6576,tca,1982,-0.272872
6576,tca,1983,-0.346222
6576,tca,1984,-0.351595
6576,tca,1985,-0.465366
6576,tca,1986,-0.324808
6576,tca,1987,-0.446644
6576,tcd,1988,-0.366373
6576,tcd,1989,-0.313917
6576,tcd,1990,-0.423494
6576,tcd,1991,-0.500583
6576,tcd,1992,-0.399236
6576,tcd,1993,-0.370709
6576,tcd,1994,-0.349374
6576,tcd,1995,-0.387768
6576,tcd,1996,-0.371384
6576,tcd,1997,-0.199769
6576,tcd,1998,-0.255656
6576,tcd,1999,-0.294407
6576,tcd,2000,-0.214104
6576,tcd,2001,-0.222709
6576,tcd,2002,-0.310797
6576,tcd,2003,-0.212622
6576,tcd,2004,-0.311876
6576,tcd,2005,-0.139068
6576,tcd,2006,-0.171302
6576,tcd,2007,-0.138673
6576,tcd,2008,-0.203636
6576,tcd,2009,-0.18659
6576,tcd,2010,-0.109892
6576,tcd,2011,-0.060895
6576,tcd,2012,-0.06341
6576,tcd,2013,-0.115326
6576,tcd,2014,-0.097238
6576,tcd,2015,-0.107144
6576,tcd,2016,-0.054346
6576,tcd,1962,-0.022601
6576,tcd,1963,-0.07651
6576,tcd,1964,0.017816
6576,tcd,1965,-0.113282
6576,tcd,1966,-0.15515
6576,tcd,1967,-0.135825
6576,tcd,1968,-0.156547
6576,tcd,1969,-0.088695
6576,tcd,1970,-0.065611
6576,tcd,1971,-0.227715
6576,tcd,1972,-0.269086
6576,tcd,1973,-0.273272
6576,tcd,1974,-0.306671
6576,tcd,1975,-0.289834
6576,tcd,1976,-0.400028
6576,tcd,1977,-0.372211
6576,tcd,1978,-0.290143
6576,tcd,1979,-0.226952
6576,tcd,1980,-0.296826
6576,tcd,1981,-0.348435
6576,tcd,1982,-0.249339
6576,tcd,1983,-0.335747
6576,tcd,1984,-0.375775
6576,tcd,1985,-0.447805
6576,tcd,1986,-0.314416
6576,tcd,1987,-0.445357
6576,tgo,1988,-0.339127
6576,tgo,1989,-0.283101
6576,tgo,1990,-0.359586
6576,tgo,1991,-0.432802
6576,tgo,1992,-0.355244
6576,tgo,1993,-0.322066
6576,tgo,1994,-0.27849
6576,tgo,1995,-0.308728
6576,tgo,1996,-0.25475
6576,tgo,1997,-0.115143
6576,tgo,1998,-0.175708
6576,tgo,1999,-0.203249
6576,tgo,2000,0
6576,tgo,2001,-0.162018
6576,tgo,2002,-0.221589
6576,tgo,2003,0
6576,tgo,2004,-0.223173
6576,tgo,2005,-0.040084
6576,tgo,2006,-0.069514
6576,tgo,2007,-0.062794
6576,tgo,2008,-0.137207
6576,tgo,2009,-0.125178
6576,tgo,2010,-0.037658
6576,tgo,2011,-0.004354
6576,tgo,2012,-0.007631
6576,tgo,2013,-0.065704
6576,tgo,2014,-0.041955
6576,tgo,2015,-0.058016
6576,tgo,2016,-0.015912
6576,tgo,1962,0.044808
6576,tgo,1963,-0.014165
6576,tgo,1964,0.027302
6576,tgo,1965,-0.071049
6576,tgo,1966,-0.09716
6576,tgo,1967,-0.069841
6576,tgo,1968,-0.121327
6576,tgo,1969,-0.038482
6576,tgo,1970,-0.019256
6576,tgo,1971,-0.201669
6576,tgo,1972,-0.247594
6576,tgo,1973,-0.245044
6576,tgo,1974,-0.27264
6576,tgo,1975,-0.273643
6576,tgo,1976,-0.361405
6576,tgo,1977,-0.314313
6576,tgo,1978,-0.243895
6576,tgo,1979,-0.203207
6576,tgo,1980,-0.280014
6576,tgo,1981,-0.290105
6576,tgo,1982,-0.224455
6576,tgo,1983,-0.274354
6576,tgo,1984,-0.349694
6576,tgo,1985,-0.406245
6576,tgo,1986,-0.294898
6576,tgo,1987,-0.397226
6576,tha,1988,-0.186299
6576,tha,1989,-0.125041
6576,tha,1990,-0.217321
6576,tha,1991,-0.246601
6576,tha,1992,-0.188106
6576,tha,1993,-0.165336
6576,tha,1994,-0.168828
6576,tha,1995,-0.184965
6576,tha,1996,-0.187857
6576,tha,1997,-0.086545
6576,tha,1998,-0.103559
6576,tha,1999,-0.131435
6576,tha,2000,-0.101843
6576,tha,2001,-0.122291
6576,tha,2002,-0.208987
6576,tha,2003,-0.129662
6576,tha,2004,-0.215216
6576,tha,2005,-0.069406
6576,tha,2006,-0.111944
6576,tha,2007,-0.095057
6576,tha,2008,-0.160037
6576,tha,2009,-0.160245
6576,tha,2010,-0.120038
6576,tha,2011,-0.058801
6576,tha,2012,-0.078792
6576,tha,2013,-0.131673
6576,tha,2014,-0.129553
6576,tha,2015,-0.142078
6576,tha,2016,-0.09127
6576,tha,1962,0.087949
6576,tha,1963,0.025925
6576,tha,1964,0.110802
6576,tha,1965,0.010204
6576,tha,1966,-0.030524
6576,tha,1967,-0.004976
6576,tha,1968,-0.035488
6576,tha,1969,0.07004
6576,tha,1970,0.084159
6576,tha,1971,-0.070691
6576,tha,1972,-0.126287
6576,tha,1973,-0.118513
6576,tha,1974,-0.151873
6576,tha,1975,-0.13662
6576,tha,1976,-0.197011
6576,tha,1977,-0.191194
6576,tha,1978,-0.136606
6576,tha,1979,-0.080147
6576,tha,1980,-0.149175
6576,tha,1981,-0.178394
6576,tha,1982,-0.094146
6576,tha,1983,-0.171126
6576,tha,1984,-0.207119
6576,tha,1985,-0.247861
6576,tha,1986,-0.179147
6576,tha,1987,-0.266059
6576,tkl,1988,-0.364258
6576,tkl,1989,-0.314053
6576,tkl,1990,-0.415237
6576,tkl,1991,-0.463107
6576,tkl,1992,-0.37479
6576,tkl,1993,-0.37118
6576,tkl,1994,-0.315849
6576,tkl,1995,-0.367078
6576,tkl,1996,-0.339621
6576,tkl,1997,-0.174676
6576,tkl,1998,-0.238036
6576,tkl,1999,-0.24771
6576,tkl,2000,-0.172019
6576,tkl,2001,-0.194094
6576,tkl,2002,-0.262536
6576,tkl,2003,-0.188712
6576,tkl,2004,-0.252351
6576,tkl,2005,-0.10753
6576,tkl,2006,0
6576,tkl,2007,-0.101796
6576,tkl,2008,-0.186343
6576,tkl,2009,-0.170817
6576,tkl,2010,-0.09773
6576,tkl,2011,-0.047256
6576,tkl,2012,-0.059587
6576,tkl,2013,-0.123082
6576,tkl,2014,-0.084402
6576,tkl,2015,-0.097044
6576,tkl,2016,-0.0342
6576,tkl,1970,-0.098127
6576,tkl,1971,-0.286925
6576,tkl,1972,0
6576,tkl,1974,0
6576,tkl,1975,0
6576,tkl,1977,-0.412391
6576,tkl,1978,-0.330119
6576,tkl,1979,-0.262004
6576,tkl,1980,-0.328371
6576,tkl,1981,-0.357203
6576,tkl,1982,-0.273155
6576,tkl,1983,-0.348129
6576,tkl,1984,-0.394062
6576,tkl,1985,-0.478371
6576,tkl,1986,-0.343415
6576,tkl,1987,-0.464146
6576,tls,1988,-0.385539
6576,tls,1989,-0.324255
6576,tls,1990,-0.416504
6576,tls,1991,-0.518224
6576,tls,1992,-0.422218
6576,tls,1993,-0.385214
6576,tls,1994,-0.359107
6576,tls,1995,-0.410259
6576,tls,1996,-0.395885
6576,tls,1997,-0.221431
6576,tls,1998,-0.280748
6576,tls,1999,-0.301093
6576,tls,2000,-0.219299
6576,tls,2001,-0.263691
6576,tls,2002,-0.319318
6576,tls,2003,-0.246073
6576,tls,2004,-0.300084
6576,tls,2005,-0.127511
6576,tls,2006,-0.16672
6576,tls,2007,-0.123589
6576,tls,2008,-0.206422
6576,tls,2009,-0.183979
6576,tls,2010,-0.11603
6576,tls,2011,-0.049293
6576,tls,2012,-0.063044
6576,tls,2013,-0.118382
6576,tls,2014,-0.099909
6576,tls,2015,-0.111344
6576,tls,2016,-0.049577
6576,tls,1962,-0.023149
6576,tls,1963,-0.056596
6576,tls,1964,0.021802
6576,tls,1965,-0.060086
6576,tls,1966,-0.137489
6576,tls,1967,-0.084696
6576,tls,1968,0
6576,tls,1969,-0.065496
6576,tls,1970,-0.048751
6576,tls,1971,-0.241227
6576,tls,1972,-0.236589
6576,tls,1973,-0.247645
6576,tls,1974,-0.25985
6576,tls,1975,-0.227463
6576,tls,1976,-0.335983
6576,tls,1977,-0.364884
6576,tls,1978,-0.31613
6576,tls,1979,-0.237075
6576,tls,1980,-0.305412
6576,tls,1981,-0.33628
6576,tls,1982,-0.247384
6576,tls,1983,-0.326662
6576,tls,1984,-0.360726
6576,tls,1985,-0.434139
6576,tls,1986,-0.306381
6576,tls,1987,-0.417988
6576,ton,1988,-0.335964
6576,ton,1989,-0.269678
6576,ton,1990,-0.383234
6576,ton,1991,-0.482174
6576,ton,1992,-0.372111
6576,ton,1993,-0.33629
6576,ton,1994,-0.320454
6576,ton,1995,-0.349704
6576,ton,1996,-0.327312
6576,ton,1997,-0.175995
6576,ton,1998,-0.219188
6576,ton,1999,-0.259439
6576,ton,2000,-0.182364
6576,ton,2001,-0.21227
6576,ton,2002,-0.30058
6576,ton,2003,-0.186612
6576,ton,2004,-0.277099
6576,ton,2005,-0.103288
6576,ton,2006,-0.147735
6576,ton,2007,-0.109991
6576,ton,2008,-0.17395
6576,ton,2009,-0.167649
6576,ton,2010,-0.070025
6576,ton,2011,-0.03639
6576,ton,2012,-0.035633
6576,ton,2013,-0.106917
6576,ton,2014,-0.079674
6576,ton,2015,-0.094228
6576,ton,2016,-0.05267
6576,ton,1970,-0.077589
6576,ton,1971,-0.234496
6576,ton,1972,-0.281767
6576,ton,1973,-0.268052
6576,ton,1974,-0.319994
6576,ton,1975,-0.301749
6576,ton,1976,-0.372827
6576,ton,1977,-0.342114
6576,ton,1978,-0.304342
6576,ton,1979,-0.200637
6576,ton,1980,-0.255757
6576,ton,1981,-0.296585
6576,ton,1982,-0.186356
6576,ton,1983,-0.290806
6576,ton,1984,-0.332589
6576,ton,1985,-0.386505
6576,ton,1986,-0.284523
6576,ton,1987,-0.386632
6576,tto,1988,-0.361358
6576,tto,1989,-0.300499
6576,tto,1990,-0.380854
6576,tto,1991,-0.452719
6576,tto,1992,-0.37862
6576,tto,1993,-0.331343
6576,tto,1994,-0.311777
6576,tto,1995,-0.350807
6576,tto,1996,-0.30744
6576,tto,1997,-0.162036
6576,tto,1998,-0.225626
6576,tto,1999,-0.254241
6576,tto,2000,-0.185754
6576,tto,2001,-0.221128
6576,tto,2002,-0.298093
6576,tto,2003,-0.209865
6576,tto,2004,-0.273009
6576,tto,2005,-0.128087
6576,tto,2006,-0.160483
6576,tto,2007,-0.121987
6576,tto,2008,-0.191104
6576,tto,2009,-0.182642
6576,tto,2010,-0.102583
6576,tto,2011,-0.049056
6576,tto,2012,-0.065739
6576,tto,2013,-0.119057
6576,tto,2014,-0.098935
6576,tto,2015,-0.104109
6576,tto,2016,-0.048618
6576,tto,1962,-0.00656
6576,tto,1963,-0.052947
6576,tto,1964,0.024316
6576,tto,1965,-0.088979
6576,tto,1966,-0.129758
6576,tto,1967,-0.092096
6576,tto,1968,-0.13658
6576,tto,1969,-0.0631
6576,tto,1970,-0.043134
6576,tto,1971,-0.235811
6576,tto,1972,-0.2777
6576,tto,1973,-0.279959
6576,tto,1974,-0.273868
6576,tto,1975,-0.292966
6576,tto,1976,-0.392659
6576,tto,1977,-0.341255
6576,tto,1978,-0.285291
6576,tto,1979,-0.220652
6576,tto,1980,-0.301114
6576,tto,1981,-0.336802
6576,tto,1982,-0.249134
6576,tto,1983,-0.322307
6576,tto,1984,-0.361741
6576,tto,1985,-0.451616
6576,tto,1986,-0.315739
6576,tto,1987,-0.43316
6576,tun,1988,-0.300198
6576,tun,1989,-0.242421
6576,tun,1990,-0.324114
6576,tun,1991,-0.3821
6576,tun,1992,-0.319181
6576,tun,1993,-0.279979
6576,tun,1994,-0.244331
6576,tun,1995,-0.258905
6576,tun,1996,-0.246951
6576,tun,1997,-0.131473
6576,tun,1998,-0.151449
6576,tun,1999,-0.172473
6576,tun,2000,-0.123378
6576,tun,2001,-0.139971
6576,tun,2002,-0.21525
6576,tun,2003,-0.122734
6576,tun,2004,-0.181621
6576,tun,2005,-0.036455
6576,tun,2006,-0.081121
6576,tun,2007,-0.036563
6576,tun,2008,-0.111498
6576,tun,2009,-0.096209
6576,tun,2010,-0.043952
6576,tun,2011,-0.004509
6576,tun,2012,-0.025717
6576,tun,2013,-0.063529
6576,tun,2014,-0.048626
6576,tun,2015,-0.043854
6576,tun,2016,-0.027378
6576,tun,1962,0.030496
6576,tun,1963,-0.015022
6576,tun,1964,0.069345
6576,tun,1965,-0.037491
6576,tun,1966,-0.077065
6576,tun,1967,-0.033769
6576,tun,1968,-0.095459
6576,tun,1969,-0.004288
6576,tun,1970,0.010121
6576,tun,1971,-0.149996
6576,tun,1972,-0.218101
6576,tun,1973,-0.187526
6576,tun,1974,-0.208252
6576,tun,1975,-0.194817
6576,tun,1976,-0.283768
6576,tun,1977,-0.255721
6576,tun,1978,-0.236265
6576,tun,1979,-0.165252
6576,tun,1980,-0.268954
6576,tun,1981,-0.288881
6576,tun,1982,-0.205183
6576,tun,1983,-0.274794
6576,tun,1984,-0.317296
6576,tun,1985,-0.395193
6576,tun,1986,-0.274441
6576,tun,1987,-0.374878
6576,tur,1988,-0.243605
6576,tur,1989,-0.186679
6576,tur,1990,-0.266372
6576,tur,1991,-0.322019
6576,tur,1992,-0.249649
6576,tur,1993,-0.206727
6576,tur,1994,-0.19107
6576,tur,1995,-0.19374
6576,tur,1996,-0.194063
6576,tur,1997,-0.092599
6576,tur,1998,-0.111258
6576,tur,1999,-0.123909
6576,tur,2000,-0.096772
6576,tur,2001,-0.096857
6576,tur,2002,-0.158548
6576,tur,2003,-0.106486
6576,tur,2004,-0.166489
6576,tur,2005,-0.025448
6576,tur,2006,-0.091497
6576,tur,2007,-0.044153
6576,tur,2008,-0.128819
6576,tur,2009,-0.097279
6576,tur,2010,0
6576,tur,2011,-0.012712
6576,tur,2012,-0.029021
6576,tur,2013,0
6576,tur,2014,-0.045547
6576,tur,2015,-0.03164
6576,tur,2016,-0.00334
6576,tur,1962,0.074335
6576,tur,1963,0.028635
6576,tur,1964,0.115287
6576,tur,1965,-0.009632
6576,tur,1966,-0.052228
6576,tur,1967,-0.007902
6576,tur,1968,-0.054304
6576,tur,1969,0.01341
6576,tur,1970,0.044093
6576,tur,1971,-0.106401
6576,tur,1972,-0.164204
6576,tur,1973,-0.173448
6576,tur,1974,-0.181995
6576,tur,1975,-0.196496
6576,tur,1976,-0.252278
6576,tur,1977,-0.208686
6576,tur,1978,-0.188209
6576,tur,1979,-0.123034
6576,tur,1980,-0.195271
6576,tur,1981,-0.234158
6576,tur,1982,-0.133416
6576,tur,1983,-0.215372
6576,tur,1984,-0.261301
6576,tur,1985,-0.332477
6576,tur,1986,-0.228987
6576,tur,1987,-0.324437
6576,tuv,1988,-0.39192
6576,tuv,1989,-0.31396
6576,tuv,1990,-0.429724
6576,tuv,1991,-0.504241
6576,tuv,1992,-0.399292
6576,tuv,1993,-0.371339
6576,tuv,1994,-0.357803
6576,tuv,1995,-0.41486
6576,tuv,1996,-0.378996
6576,tuv,1997,-0.2104
6576,tuv,1998,-0.268338
6576,tuv,1999,-0.288624
6576,tuv,2000,-0.226722
6576,tuv,2001,-0.176839
6576,tuv,2002,-0.255076
6576,tuv,2003,-0.234308
6576,tuv,2004,-0.326681
6576,tuv,2005,-0.149013
6576,tuv,2006,-0.179585
6576,tuv,2007,-0.15596
6576,tuv,2008,-0.20491
6576,tuv,2009,-0.186957
6576,tuv,2010,-0.110915
6576,tuv,2011,0
6576,tuv,2012,-0.070744
6576,tuv,2013,-0.125967
6576,tuv,2014,-0.106827
6576,tuv,2015,-0.120449
6576,tuv,2016,-0.06656
6576,tuv,1976,0
6576,tuv,1977,0
6576,tuv,1978,-0.322032
6576,tuv,1979,-0.255172
6576,tuv,1980,-0.322729
6576,tuv,1981,-0.353345
6576,tuv,1982,-0.272458
6576,tuv,1983,-0.33947
6576,tuv,1984,-0.376506
6576,tuv,1985,-0.456595
6576,tuv,1986,-0.315604
6576,tuv,1987,-0.432457
6576,tza,1988,-0.250562
6576,tza,1989,-0.188668
6576,tza,1990,-0.281126
6576,tza,1991,-0.334646
6576,tza,1992,-0.271438
6576,tza,1993,-0.227348
6576,tza,1994,-0.186266
6576,tza,1995,-0.223054
6576,tza,1996,-0.181432
6576,tza,1997,-0.04419
6576,tza,1998,-0.119123
6576,tza,1999,-0.135651
6576,tza,2000,-0.066194
6576,tza,2001,-0.088767
6576,tza,2002,-0.114209
6576,tza,2003,-0.053881
6576,tza,2004,-0.106014
6576,tza,2005,0
6576,tza,2006,-0.005786
6576,tza,2007,0.034415
6576,tza,2008,-0.020089
6576,tza,2009,-0.006943
6576,tza,2010,0.04544
6576,tza,2011,0.065815
6576,tza,2012,0.026028
6576,tza,2013,0.018574
6576,tza,2014,0.028734
6576,tza,2015,0.009974
6576,tza,2016,0.09147
6576,tza,1965,0.0034
6576,tza,1966,-0.010497
6576,tza,1967,0.017767
6576,tza,1968,-0.033345
6576,tza,1969,0.082617
6576,tza,1970,0.04823
6576,tza,1971,-0.117319
6576,tza,1972,-0.18693
6576,tza,1973,-0.15259
6576,tza,1974,-0.168631
6576,tza,1975,-0.185244
6576,tza,1976,-0.256532
6576,tza,1977,-0.273715
6576,tza,1978,-0.177324
6576,tza,1979,-0.130059
6576,tza,1980,-0.191168
6576,tza,1981,-0.222146
6576,tza,1982,0
6576,tza,1983,-0.220927
6576,tza,1984,-0.26342
6576,tza,1985,-0.333658
6576,tza,1986,-0.246181
6576,tza,1987,-0.308858
6576,uga,1988,-0.365368
6576,uga,1989,-0.295122
6576,uga,1990,-0.365755
6576,uga,1991,-0.439006
6576,uga,1992,-0.338535
6576,uga,1993,-0.297441
6576,uga,1994,-0.285865
6576,uga,1995,-0.34062
6576,uga,1996,-0.313783
6576,uga,1997,-0.154771
6576,uga,1998,-0.192866
6576,uga,1999,-0.216865
6576,uga,2000,-0.136281
6576,uga,2001,-0.137685
6576,uga,2002,-0.194214
6576,uga,2003,-0.124089
6576,uga,2004,-0.182364
6576,uga,2005,-0.015638
6576,uga,2006,-0.06129
6576,uga,2007,-0.017878
6576,uga,2008,-0.076774
6576,uga,2009,-0.067024
6576,uga,2010,0.021143
6576,uga,2011,0.042223
6576,uga,2012,0.019504
6576,uga,2013,-0.020482
6576,uga,2014,-0.001541
6576,uga,2015,-0.012718
6576,uga,2016,0.016822
6576,uga,1962,0.019306
6576,uga,1963,-0.03562
6576,uga,1964,0.039911
6576,uga,1965,-0.085242
6576,uga,1966,-0.113657
6576,uga,1967,-0.091525
6576,uga,1968,-0.137247
6576,uga,1969,-0.029825
6576,uga,1970,-0.010102
6576,uga,1971,-0.219636
6576,uga,1972,-0.255687
6576,uga,1973,-0.250215
6576,uga,1974,-0.284986
6576,uga,1975,-0.288451
6576,uga,1976,-0.379259
6576,uga,1977,-0.357017
6576,uga,1978,-0.299516
6576,uga,1979,-0.232381
6576,uga,1980,-0.306314
6576,uga,1981,-0.347008
6576,uga,1982,-0.249022
6576,uga,1983,-0.305874
6576,uga,1984,-0.340829
6576,uga,1985,-0.443436
6576,uga,1986,-0.322491
6576,uga,1987,-0.437508
6576,ury,1988,-0.285769
6576,ury,1989,-0.245251
6576,ury,1990,-0.325449
6576,ury,1991,-0.371055
6576,ury,1992,-0.299708
6576,ury,1993,-0.28356
6576,ury,1994,-0.289453
6576,ury,1995,-0.305873
6576,ury,1996,-0.263635
6576,ury,1997,-0.128528
6576,ury,1998,-0.172722
6576,ury,1999,-0.214975
6576,ury,2000,-0.156584
6576,ury,2001,-0.185089
6576,ury,2002,-0.23641
6576,ury,2003,-0.135231
6576,ury,2004,-0.224598
6576,ury,2005,-0.06654
6576,ury,2006,-0.101336
6576,ury,2007,-0.066722
6576,ury,2008,-0.159056
6576,ury,2009,-0.13764
6576,ury,2010,-0.056811
6576,ury,2011,-0.017118
6576,ury,2012,-0.023789
6576,ury,2013,-0.078918
6576,ury,2014,-0.064578
6576,ury,2015,-0.062817
6576,ury,2016,-0.015006
6576,ury,1962,0.006851
6576,ury,1963,-0.053272
6576,ury,1964,0.037618
6576,ury,1965,-0.090983
6576,ury,1966,-0.127355
6576,ury,1967,-0.097111
6576,ury,1968,-0.154014
6576,ury,1969,-0.070139
6576,ury,1970,-0.031876
6576,ury,1971,-0.209759
6576,ury,1972,-0.284279
6576,ury,1973,-0.255901
6576,ury,1974,-0.262997
6576,ury,1975,-0.290096
6576,ury,1976,0
6576,ury,1977,0
6576,ury,1978,-0.24538
6576,ury,1979,-0.179692
6576,ury,1980,-0.258893
6576,ury,1981,0
6576,ury,1982,0
6576,ury,1983,-0.277733
6576,ury,1984,-0.319594
6576,ury,1985,-0.406255
6576,ury,1986,-0.290974
6576,ury,1987,-0.381165
6576,usa,1988,-0.337393
6576,usa,1989,-0.315055
6576,usa,1990,-0.380342
6576,usa,1991,-0.464418
6576,usa,1992,-0.402692
6576,usa,1993,-0.404481
6576,usa,1994,-0.381083
6576,usa,1995,-0.421023
6576,usa,1996,-0.421413
6576,usa,1997,-0.276679
6576,usa,1998,-0.329643
6576,usa,1999,-0.362736
6576,usa,2000,-0.300888
6576,usa,2001,-0.326526
6576,usa,2002,-0.359579
6576,usa,2003,-0.323726
6576,usa,2004,-0.366658
6576,usa,2005,-0.241033
6576,usa,2006,-0.258305
6576,usa,2007,-0.247432
6576,usa,2008,-0.27595
6576,usa,2009,-0.245892
6576,usa,2010,-0.24237
6576,usa,2011,-0.173305
6576,usa,2012,-0.160511
6576,usa,2013,-0.204503
6576,usa,2014,-0.191166
6576,usa,2015,-0.20264
6576,usa,2016,-0.15737
6576,usa,1962,-0.252849
6576,usa,1963,-0.289933
6576,usa,1964,-0.216242
6576,usa,1965,-0.299409
6576,usa,1966,-0.321358
6576,usa,1967,-0.325569
6576,usa,1968,-0.334669
6576,usa,1969,-0.269575
6576,usa,1970,-0.224261
6576,usa,1971,-0.376756
6576,usa,1972,-0.38811
6576,usa,1973,-0.385042
6576,usa,1974,-0.392815
6576,usa,1975,-0.40059
6576,usa,1976,-0.431755
6576,usa,1977,-0.394845
6576,usa,1978,-0.34854
6576,usa,1979,-0.284406
6576,usa,1980,-0.310858
6576,usa,1981,-0.32488
6576,usa,1982,-0.288356
6576,usa,1983,-0.345469
6576,usa,1984,-0.336656
6576,usa,1985,-0.418579
6576,usa,1986,-0.301032
6576,usa,1987,-0.414566
6576,vct,1988,-0.330832
6576,vct,1989,-0.274062
6576,vct,1990,-0.379405
6576,vct,1991,-0.458197
6576,vct,1992,-0.37456
6576,vct,1993,-0.351978
6576,vct,1994,-0.325369
6576,vct,1995,-0.353428
6576,vct,1996,-0.332348
6576,vct,1997,-0.187196
6576,vct,1998,-0.224935
6576,vct,1999,-0.275103
6576,vct,2000,-0.190855
6576,vct,2001,-0.225392
6576,vct,2002,-0.314989
6576,vct,2003,-0.211302
6576,vct,2004,-0.294888
6576,vct,2005,-0.121367
6576,vct,2006,-0.157701
6576,vct,2007,-0.130237
6576,vct,2008,-0.195572
6576,vct,2009,-0.191428
6576,vct,2010,-0.104105
6576,vct,2011,-0.04854
6576,vct,2012,-0.061467
6576,vct,2013,-0.100022
6576,vct,2014,-0.081773
6576,vct,2015,-0.100489
6576,vct,2016,-0.049388
6576,vct,1962,0
6576,vct,1970,-0.072024
6576,vct,1971,-0.251185
6576,vct,1972,-0.29522
6576,vct,1973,-0.274204
6576,vct,1974,-0.298604
6576,vct,1975,-0.305333
6576,vct,1976,-0.331854
6576,vct,1977,-0.29877
6576,vct,1978,-0.32106
6576,vct,1979,-0.203198
6576,vct,1980,-0.265943
6576,vct,1981,-0.306647
6576,vct,1982,-0.208283
6576,vct,1983,-0.294509
6576,vct,1984,-0.337653
6576,vct,1985,-0.420034
6576,vct,1986,-0.310387
6576,vct,1987,-0.410992
6576,ven,1988,-0.355596
6576,ven,1989,-0.288046
6576,ven,1990,-0.378445
6576,ven,1991,-0.460809
6576,ven,1992,-0.352662
6576,ven,1993,-0.300473
6576,ven,1994,-0.301409
6576,ven,1995,-0.359318
6576,ven,1996,-0.315779
6576,ven,1997,-0.152495
6576,ven,1998,-0.205793
6576,ven,1999,-0.236471
6576,ven,2000,-0.187149
6576,ven,2001,-0.212477
6576,ven,2002,-0.300413
6576,ven,2003,-0.196941
6576,ven,2004,0
6576,ven,2005,-0.120699
6576,ven,2006,-0.147864
6576,ven,2007,-0.108518
6576,ven,2008,-0.186803
6576,ven,2009,-0.170107
6576,ven,2010,-0.09394
6576,ven,2011,-0.038998
6576,ven,2012,-0.059727
6576,ven,2013,-0.117556
6576,ven,2014,-0.092897
6576,ven,2015,-0.087977
6576,ven,2016,-0.048634
6576,ven,1962,-0.037996
6576,ven,1963,-0.098101
6576,ven,1964,-0.007379
6576,ven,1965,-0.124843
6576,ven,1966,-0.153444
6576,ven,1967,-0.120874
6576,ven,1968,-0.154206
6576,ven,1969,-0.080849
6576,ven,1970,-0.064519
6576,ven,1971,-0.248878
6576,ven,1972,-0.291798
6576,ven,1973,-0.282026
6576,ven,1974,-0.304226
6576,ven,1975,-0.316596
6576,ven,1976,-0.412239
6576,ven,1977,-0.353808
6576,ven,1978,-0.29167
6576,ven,1979,-0.230667
6576,ven,1980,-0.311104
6576,ven,1981,-0.340939
6576,ven,1982,-0.266016
6576,ven,1983,-0.327921
6576,ven,1984,-0.374405
6576,ven,1985,-0.424602
6576,ven,1986,-0.3012
6576,ven,1987,-0.435833
6576,vgb,1988,-0.398109
6576,vgb,1989,-0.325971
6576,vgb,1990,-0.434131
6576,vgb,1991,-0.499862
6576,vgb,1992,-0.40148
6576,vgb,1993,-0.372549
6576,vgb,1994,-0.341621
6576,vgb,1995,-0.395561
6576,vgb,1996,-0.350703
6576,vgb,1997,-0.176373
6576,vgb,1998,-0.262017
6576,vgb,1999,-0.271524
6576,vgb,2000,-0.204254
6576,vgb,2001,-0.236095
6576,vgb,2002,-0.329129
6576,vgb,2003,-0.232405
6576,vgb,2004,-0.300155
6576,vgb,2005,-0.139293
6576,vgb,2006,-0.174136
6576,vgb,2007,-0.144141
6576,vgb,2008,-0.209565
6576,vgb,2009,-0.199295
6576,vgb,2010,-0.115637
6576,vgb,2011,-0.065665
6576,vgb,2012,-0.067783
6576,vgb,2013,-0.114329
6576,vgb,2014,-0.091292
6576,vgb,2015,-0.122135
6576,vgb,2016,-0.066316
6576,vgb,1964,-0.03205
6576,vgb,1969,-0.116422
6576,vgb,1970,-0.118592
6576,vgb,1971,-0.287454
6576,vgb,1972,-0.335581
6576,vgb,1973,-0.340972
6576,vgb,1974,-0.330227
6576,vgb,1975,-0.385178
6576,vgb,1976,-0.380065
6576,vgb,1977,-0.409818
6576,vgb,1978,-0.32896
6576,vgb,1979,-0.264282
6576,vgb,1980,-0.33361
6576,vgb,1981,-0.355572
6576,vgb,1982,-0.270656
6576,vgb,1983,-0.358737
6576,vgb,1984,-0.387116
6576,vgb,1985,-0.472542
6576,vgb,1986,-0.337903
6576,vgb,1987,-0.437823
6576,vnm,1988,0
6576,vnm,1989,0
6576,vnm,1990,0
6576,vnm,1991,0
6576,vnm,1992,0
6576,vnm,1993,0
6576,vnm,1994,0
6576,vnm,1995,0
6576,vnm,1996,0
6576,vnm,1997,0
6576,vnm,1998,0
6576,vnm,1999,0
6576,vnm,2000,0
6576,vnm,2001,0
6576,vnm,2002,0
6576,vnm,2003,0
6576,vnm,2004,0
6576,vnm,2005,0
6576,vnm,2006,0
6576,vnm,2007,0
6576,vnm,2008,0
6576,vnm,2009,0
6576,vnm,2010,0
6576,vnm,2011,0
6576,vnm,2012,0.024508
6576,vnm,2013,0
6576,vnm,2014,-0.007303
6576,vnm,2015,-0.018407
6576,vnm,2016,-0.020063
6576,vnm,1962,0.046565
6576,vnm,1963,-0.034726
6576,vnm,1964,0.051733
6576,vnm,1965,-0.045134
6576,vnm,1966,-0.102929
6576,vnm,1967,-0.081277
6576,vnm,1968,-0.13393
6576,vnm,1969,-0.060931
6576,vnm,1970,-0.026707
6576,vnm,1971,-0.200164
6576,vnm,1972,-0.264682
6576,vnm,1973,-0.222716
6576,vnm,1974,0
6576,vnm,1975,0
6576,vnm,1976,0
6576,vnm,1977,-0.267405
6576,vnm,1978,-0.199041
6576,vnm,1979,-0.167282
6576,vnm,1980,-0.24406
6576,vnm,1981,-0.284161
6576,vnm,1982,-0.169788
6576,vnm,1983,-0.211626
6576,vnm,1984,0
6576,vnm,1985,0
6576,vnm,1986,-0.201749
6576,vnm,1987,0
6576,vut,1988,-0.35654
6576,vut,1989,-0.301057
6576,vut,1990,-0.396034
6576,vut,1991,-0.480893
6576,vut,1992,-0.375606
6576,vut,1993,-0.34856
6576,vut,1994,-0.31563
6576,vut,1995,-0.362711
6576,vut,1996,-0.336868
6576,vut,1997,-0.183347
6576,vut,1998,-0.228847
6576,vut,1999,-0.26211
6576,vut,2000,-0.191598
6576,vut,2001,-0.212061
6576,vut,2002,-0.287458
6576,vut,2003,-0.197507
6576,vut,2004,-0.279366
6576,vut,2005,-0.120666
6576,vut,2006,-0.143962
6576,vut,2007,-0.112489
6576,vut,2008,-0.17337
6576,vut,2009,-0.166512
6576,vut,2010,-0.08591
6576,vut,2011,-0.026849
6576,vut,2012,-0.047908
6576,vut,2013,-0.088444
6576,vut,2014,-0.076869
6576,vut,2015,-0.082344
6576,vut,2016,-0.038951
6576,vut,1962,0.004587
6576,vut,1963,-0.056557
6576,vut,1964,0.025069
6576,vut,1965,-0.07607
6576,vut,1966,-0.107775
6576,vut,1967,-0.084756
6576,vut,1968,-0.119832
6576,vut,1969,-0.053851
6576,vut,1970,-0.037932
6576,vut,1971,-0.221576
6576,vut,1972,-0.258655
6576,vut,1973,-0.263469
6576,vut,1974,-0.291928
6576,vut,1975,-0.308003
6576,vut,1976,-0.386226
6576,vut,1977,-0.34398
6576,vut,1978,-0.264881
6576,vut,1979,-0.222107
6576,vut,1980,-0.283519
6576,vut,1981,-0.32879
6576,vut,1982,-0.241889
6576,vut,1983,-0.298068
6576,vut,1984,-0.345939
6576,vut,1985,-0.407792
6576,vut,1986,-0.291433
6576,vut,1987,-0.418345
6576,wlf,1988,-0.383305
6576,wlf,1989,-0.331786
6576,wlf,1990,-0.427924
6576,wlf,1991,-0.506568
6576,wlf,1992,-0.414366
6576,wlf,1993,-0.375393
6576,wlf,1994,-0.344406
6576,wlf,1995,-0.400727
6576,wlf,1996,-0.391297
6576,wlf,1997,-0.206782
6576,wlf,1998,-0.272124
6576,wlf,1999,-0.306718
6576,wlf,2000,-0.224688
6576,wlf,2001,-0.25218
6576,wlf,2002,-0.330066
6576,wlf,2003,-0.25074
6576,wlf,2004,-0.342487
6576,wlf,2005,-0.154534
6576,wlf,2006,-0.190813
6576,wlf,2007,-0.167586
6576,wlf,2008,-0.214139
6576,wlf,2009,-0.202431
6576,wlf,2010,-0.117083
6576,wlf,2011,-0.081176
6576,wlf,2012,-0.083955
6576,wlf,2013,-0.127382
6576,wlf,2014,-0.106602
6576,wlf,2015,-0.120374
6576,wlf,2016,-0.08297
6576,wlf,1970,0
6576,wlf,1971,-0.287317
6576,wlf,1972,-0.338336
6576,wlf,1973,-0.338042
6576,wlf,1974,-0.358657
6576,wlf,1975,-0.36764
6576,wlf,1976,-0.429127
6576,wlf,1977,-0.379343
6576,wlf,1978,-0.322555
6576,wlf,1979,-0.25726
6576,wlf,1980,-0.33117
6576,wlf,1981,-0.358638
6576,wlf,1982,-0.271794
6576,wlf,1983,-0.354956
6576,wlf,1984,-0.393228
6576,wlf,1985,-0.469556
6576,wlf,1986,-0.339712
6576,wlf,1987,-0.461977
6576,wsm,1988,-0.308969
6576,wsm,1989,-0.28678
6576,wsm,1990,-0.385542
6576,wsm,1991,-0.463396
6576,wsm,1992,-0.396068
6576,wsm,1993,-0.379376
6576,wsm,1994,-0.347579
6576,wsm,1995,-0.359197
6576,wsm,1996,-0.343788
6576,wsm,1997,-0.192858
6576,wsm,1998,-0.228185
6576,wsm,1999,-0.272294
6576,wsm,2000,-0.189299
6576,wsm,2001,-0.214112
6576,wsm,2002,-0.30028
6576,wsm,2003,-0.198714
6576,wsm,2004,-0.275926
6576,wsm,2005,-0.137236
6576,wsm,2006,-0.17165
6576,wsm,2007,-0.128777
6576,wsm,2008,-0.199031
6576,wsm,2009,-0.212382
6576,wsm,2010,-0.148212
6576,wsm,2011,-0.077444
6576,wsm,2012,-0.069326
6576,wsm,2013,-0.140017
6576,wsm,2014,-0.104589
6576,wsm,2015,-0.100943
6576,wsm,2016,-0.063548
6576,wsm,1962,0
6576,wsm,1963,-0.092362
6576,wsm,1964,-0.005856
6576,wsm,1965,-0.109949
6576,wsm,1966,-0.138538
6576,wsm,1967,-0.095119
6576,wsm,1968,-0.138229
6576,wsm,1969,-0.066711
6576,wsm,1970,-0.03623
6576,wsm,1971,-0.224356
6576,wsm,1972,-0.247307
6576,wsm,1973,-0.254972
6576,wsm,1974,-0.290774
6576,wsm,1975,-0.302186
6576,wsm,1976,-0.376235
6576,wsm,1977,-0.348926
6576,wsm,1978,-0.248793
6576,wsm,1979,-0.196192
6576,wsm,1980,0
6576,wsm,1981,-0.283439
6576,wsm,1982,-0.193408
6576,wsm,1983,-0.274347
6576,wsm,1984,-0.294564
6576,wsm,1985,-0.380943
6576,wsm,1986,-0.28377
6576,wsm,1987,-0.397628
6576,yem,1988,-0.371318
6576,yem,1989,-0.305196
6576,yem,1990,-0.401151
6576,yem,1991,-0.469982
6576,yem,1992,-0.381038
6576,yem,1993,-0.348487
6576,yem,1994,-0.334101
6576,yem,1995,-0.368415
6576,yem,1996,-0.344183
6576,yem,1997,-0.178648
6576,yem,1998,-0.225328
6576,yem,1999,-0.257207
6576,yem,2000,-0.200909
6576,yem,2001,-0.227584
6576,yem,2002,-0.286362
6576,yem,2003,-0.194524
6576,yem,2004,-0.266976
6576,yem,2005,-0.092802
6576,yem,2006,-0.136354
6576,yem,2007,-0.096056
6576,yem,2008,-0.168379
6576,yem,2009,-0.153825
6576,yem,2010,-0.064211
6576,yem,2011,-0.032964
6576,yem,2012,-0.042751
6576,yem,2013,-0.0931
6576,yem,2014,-0.064577
6576,yem,2015,-0.065817
6576,yem,2016,-0.028054
6576,yem,1962,-0.036276
6576,yem,1963,-0.104249
6576,yem,1964,-0.004452
6576,yem,1965,-0.121834
6576,yem,1966,-0.154571
6576,yem,1967,-0.124332
6576,yem,1968,-0.156341
6576,yem,1969,-0.058685
6576,yem,1970,-0.056054
6576,yem,1971,-0.227074
6576,yem,1972,-0.28789
6576,yem,1973,-0.249202
6576,yem,1974,-0.268248
6576,yem,1975,-0.271276
6576,yem,1976,-0.347637
6576,yem,1977,-0.321747
6576,yem,1978,-0.26524
6576,yem,1979,-0.19987
6576,yem,1980,-0.279682
6576,yem,1981,-0.330235
6576,yem,1982,-0.218097
6576,yem,1983,-0.288377
6576,yem,1984,-0.359122
6576,yem,1985,-0.429004
6576,yem,1986,-0.303113
6576,yem,1987,-0.42045
6576,ymd,1988,-0.368848
6576,ymd,1989,-0.297913
6576,ymd,1990,-0.408844
6576,ymd,1962,-0.010976
6576,ymd,1963,-0.076508
6576,ymd,1964,0.019471
6576,ymd,1965,-0.109603
6576,ymd,1966,-0.128208
6576,ymd,1967,-0.104845
6576,ymd,1968,-0.144364
6576,ymd,1969,-0.081058
6576,ymd,1970,-0.042149
6576,ymd,1971,-0.241533
6576,ymd,1972,-0.26805
6576,ymd,1973,-0.288969
6576,ymd,1974,-0.28601
6576,ymd,1975,-0.304687
6576,ymd,1976,-0.388309
6576,ymd,1977,-0.300892
6576,ymd,1978,-0.290031
6576,ymd,1979,-0.23119
6576,ymd,1980,-0.284638
6576,ymd,1981,-0.307809
6576,ymd,1982,-0.250364
6576,ymd,1983,-0.33105
6576,ymd,1984,-0.36781
6576,ymd,1985,-0.450635
6576,ymd,1986,-0.30928
6576,ymd,1987,-0.429695
6576,yug,1988,0
6576,yug,1989,0
6576,yug,1990,0
6576,yug,1991,0
6576,yug,1962,0
6576,yug,1963,0
6576,yug,1964,0
6576,yug,1965,0
6576,yug,1966,0
6576,yug,1967,0
6576,yug,1968,0
6576,yug,1969,0
6576,yug,1970,0
6576,yug,1971,0
6576,yug,1972,0
6576,yug,1973,0
6576,yug,1974,0
6576,yug,1975,0
6576,yug,1976,0
6576,yug,1977,0
6576,yug,1978,0
6576,yug,1979,0
6576,yug,1980,0
6576,yug,1981,0
6576,yug,1982,0
6576,yug,1983,0
6576,yug,1984,0
6576,yug,1985,0
6576,yug,1986,0
6576,yug,1987,0
6576,zaf,1988,-0.291137
6576,zaf,1989,-0.259949
6576,zaf,1990,0
6576,zaf,1991,0
6576,zaf,1992,0
6576,zaf,1993,0
6576,zaf,1994,-0.235081
6576,zaf,1995,-0.298441
6576,zaf,1996,-0.25709
6576,zaf,1997,-0.119957
6576,zaf,1998,-0.176586
6576,zaf,1999,-0.16258
6576,zaf,2000,-0.097167
6576,zaf,2001,-0.108537
6576,zaf,2002,0
6576,zaf,2003,0
6576,zaf,2004,-0.176399
6576,zaf,2005,-0.026701
6576,zaf,2006,-0.077656
6576,zaf,2007,-0.051009
6576,zaf,2008,-0.124793
6576,zaf,2009,-0.088324
6576,zaf,2010,-0.007184
6576,zaf,2011,0.026543
6576,zaf,2012,-0.008123
6576,zaf,2013,-0.052111
6576,zaf,2014,-0.033633
6576,zaf,2015,0
6576,zaf,2016,0.010721
6576,zaf,1962,0.08864
6576,zaf,1963,0.037422
6576,zaf,1964,0.128667
6576,zaf,1965,0.020165
6576,zaf,1966,-0.03248
6576,zaf,1967,-0.001351
6576,zaf,1968,-0.049703
6576,zaf,1969,0.021684
6576,zaf,1970,0.04951
6576,zaf,1971,-0.118881
6576,zaf,1972,-0.15969
6576,zaf,1973,-0.161022
6576,zaf,1974,-0.160938
6576,zaf,1975,-0.181722
6576,zaf,1976,-0.23919
6576,zaf,1977,-0.208488
6576,zaf,1978,-0.174537
6576,zaf,1979,-0.113814
6576,zaf,1980,-0.204326
6576,zaf,1981,-0.251243
6576,zaf,1982,-0.145466
6576,zaf,1983,-0.223916
6576,zaf,1984,-0.296633
6576,zaf,1985,-0.36735
6576,zaf,1986,-0.243114
6576,zaf,1987,-0.347756
6576,zmb,1988,-0.351458
6576,zmb,1989,-0.310817
6576,zmb,1990,-0.396065
6576,zmb,1991,-0.474067
6576,zmb,1992,-0.374846
6576,zmb,1993,-0.309539
6576,zmb,1994,-0.299912
6576,zmb,1995,-0.344237
6576,zmb,1996,-0.296083
6576,zmb,1997,-0.139851
6576,zmb,1998,-0.187249
6576,zmb,1999,-0.203777
6576,zmb,2000,-0.143741
6576,zmb,2001,-0.160509
6576,zmb,2002,0
6576,zmb,2003,-0.136527
6576,zmb,2004,-0.221481
6576,zmb,2005,-0.074659
6576,zmb,2006,-0.125442
6576,zmb,2007,-0.101375
6576,zmb,2008,-0.158255
6576,zmb,2009,-0.13803
6576,zmb,2010,-0.062234
6576,zmb,2011,-0.033122
6576,zmb,2012,-0.044861
6576,zmb,2013,-0.085319
6576,zmb,2014,-0.062477
6576,zmb,2015,-0.057532
6576,zmb,2016,-0.03053
6576,zmb,1965,-0.089363
6576,zmb,1966,-0.166706
6576,zmb,1967,-0.104817
6576,zmb,1968,-0.150926
6576,zmb,1969,-0.076254
6576,zmb,1970,-0.059654
6576,zmb,1971,-0.230098
6576,zmb,1972,-0.299969
6576,zmb,1973,-0.291247
6576,zmb,1974,-0.311625
6576,zmb,1975,-0.313349
6576,zmb,1976,-0.388484
6576,zmb,1977,-0.346342
6576,zmb,1978,-0.297602
6576,zmb,1979,-0.226489
6576,zmb,1980,-0.30327
6576,zmb,1981,-0.330073
6576,zmb,1982,-0.254724
6576,zmb,1983,-0.325771
6576,zmb,1984,-0.374388
6576,zmb,1985,-0.446222
6576,zmb,1986,-0.317402
6576,zmb,1987,-0.440265
6576,zwe,1988,-0.302054
6576,zwe,1989,-0.248147
6576,zwe,1990,-0.310794
6576,zwe,1991,-0.364954
6576,zwe,1992,-0.288151
6576,zwe,1993,-0.211511
6576,zwe,1994,-0.209778
6576,zwe,1995,-0.248582
6576,zwe,1996,-0.233344
6576,zwe,1997,-0.112908
6576,zwe,1998,-0.167812
6576,zwe,1999,-0.158496
6576,zwe,2000,-0.107301
6576,zwe,2001,-0.139044
6576,zwe,2002,-0.172953
6576,zwe,2003,-0.138051
6576,zwe,2004,0
6576,zwe,2005,-0.029233
6576,zwe,2006,-0.111608
6576,zwe,2007,-0.047759
6576,zwe,2008,-0.111935
6576,zwe,2009,-0.100699
6576,zwe,2010,-0.004824
6576,zwe,2011,0.005811
6576,zwe,2012,-0.008128
6576,zwe,2013,-0.042872
6576,zwe,2014,-0.026664
6576,zwe,2015,-0.039126
6576,zwe,2016,-0.000051
6576,zwe,1965,-0.071841
6576,zwe,1966,-0.140461
6576,zwe,1967,-0.113774
6576,zwe,1968,-0.172987
6576,zwe,1969,-0.110216
6576,zwe,1970,-0.076202
6576,zwe,1971,-0.258167
6576,zwe,1972,-0.277583
6576,zwe,1973,-0.306798
6576,zwe,1974,-0.317511
6576,zwe,1975,-0.338472
6576,zwe,1976,-0.393686
6576,zwe,1977,-0.365217
6576,zwe,1978,-0.306707
6576,zwe,1979,-0.245568
6576,zwe,1980,-0.264723
6576,zwe,1981,-0.293266
6576,zwe,1982,-0.201936
6576,zwe,1983,-0.284535
6576,zwe,1984,-0.29919
6576,zwe,1985,-0.358126
6576,zwe,1986,-0.258961
6576,zwe,1987,-0.378529
6576,twn,1988,-0.277586
6576,twn,1989,0
6576,twn,1990,0
6576,twn,1991,0
6576,twn,1992,0
6576,twn,1993,0
6576,twn,1994,-0.330794
6576,twn,1995,-0.337945
6576,twn,1996,0
6576,twn,1997,0
6576,twn,1998,0
6576,twn,1999,0
6576,twn,2000,0
6576,twn,2001,-0.299295
6576,twn,2002,0
6576,twn,2003,0
6576,twn,2004,-0.357192
6576,twn,2005,-0.207996
6576,twn,2006,-0.235325
6576,twn,2007,-0.202696
6576,twn,2008,-0.2713
6576,twn,2009,-0.233842
6576,twn,2010,-0.20759
6576,twn,2011,-0.145437
6576,twn,2012,-0.149413
6576,twn,2013,-0.203335
6576,twn,2014,-0.188441
6576,twn,2015,-0.19393
6576,twn,2016,-0.153678
6576,twn,1962,0
6576,twn,1963,0
6576,twn,1964,0
6576,twn,1965,0
6576,twn,1966,0
6576,twn,1967,0
6576,twn,1968,0
6576,twn,1969,0
6576,twn,1970,0
6576,twn,1971,0
6576,twn,1972,0
6576,twn,1973,0
6576,twn,1974,0
6576,twn,1975,0
6576,twn,1976,0
6576,twn,1977,0
6576,twn,1978,0
6576,twn,1979,0
6576,twn,1980,0
6576,twn,1981,0
6576,twn,1982,0
6576,twn,1983,0
6576,twn,1984,0
6576,twn,1985,0
6576,twn,1986,0
6576,twn,1987,-0.354339
6576,ans,1988,-0.384065
6576,ans,1989,-0.311791
6576,ans,1990,-0.38604
6576,ans,1991,-0.465904
6576,ans,1992,-0.402157
6576,ans,1993,-0.345773
6576,ans,1994,-0.320971
6576,ans,1995,-0.379915
6576,ans,1996,-0.338086
6576,ans,1997,-0.185687
6576,ans,1998,-0.245485
6576,ans,1999,-0.27267
6576,ans,2000,-0.212056
6576,ans,2001,-0.228068
6576,ans,2002,-0.286811
6576,ans,2003,-0.214174
6576,ans,2004,-0.285401
6576,ans,2005,-0.123695
6576,ans,2006,-0.166643
6576,ans,2007,-0.122604
6576,ans,2008,-0.199486
6576,ans,2009,-0.196159
6576,ans,2010,-0.121305
6576,ans,2011,-0.065535
6576,ans,2012,-0.063034
6576,ans,2013,-0.12939
6576,ans,2014,-0.100302
6576,ans,2015,-0.125838
6576,ans,2016,-0.099217
6576,ans,1962,0.119147
6576,ans,1963,0.119885
6576,ans,1964,0.143785
6576,ans,1965,-0.021414
6576,ans,1966,-0.095746
6576,ans,1967,-0.063838
6576,ans,1968,-0.130908
6576,ans,1969,-0.036109
6576,ans,1970,-0.060963
6576,ans,1971,-0.234475
6576,ans,1972,-0.28376
6576,ans,1973,-0.294574
6576,ans,1974,-0.240122
6576,ans,1975,-0.269661
6576,ans,1976,-0.343939
6576,ans,1977,-0.293542
6576,ans,1978,-0.300493
6576,ans,1979,-0.205319
6576,ans,1980,-0.312129
6576,ans,1981,-0.333937
6576,ans,1982,-0.204919
6576,ans,1983,-0.239302
6576,ans,1984,-0.309582
6576,ans,1985,-0.398655
6576,ans,1986,-0.306659
6576,ans,1987,-0.356342
6576,arm,1992,-0.409564
6576,arm,1993,-0.363937
6576,arm,1994,-0.351299
6576,arm,1995,-0.382714
6576,arm,1996,-0.359827
6576,arm,1997,-0.181317
6576,arm,1998,-0.246705
6576,arm,1999,-0.254977
6576,arm,2000,-0.200608
6576,arm,2001,-0.198142
6576,arm,2002,-0.295679
6576,arm,2003,-0.205698
6576,arm,2004,-0.253609
6576,arm,2005,-0.106663
6576,arm,2006,-0.129382
6576,arm,2007,-0.13325
6576,arm,2008,-0.172749
6576,arm,2009,-0.151292
6576,arm,2010,-0.067234
6576,arm,2011,-0.042648
6576,arm,2012,-0.061624
6576,arm,2013,-0.08221
6576,arm,2014,-0.069971
6576,arm,2015,-0.059793
6576,arm,2016,-0.034549
6576,aze,1992,-0.378527
6576,aze,1993,-0.330307
6576,aze,1994,-0.30973
6576,aze,1995,-0.355007
6576,aze,1996,-0.312542
6576,aze,1997,-0.173492
6576,aze,1998,-0.223717
6576,aze,1999,-0.244933
6576,aze,2000,-0.18218
6576,aze,2001,-0.206171
6576,aze,2002,-0.294668
6576,aze,2003,-0.18992
6576,aze,2004,-0.250367
6576,aze,2005,-0.085224
6576,aze,2006,-0.147693
6576,aze,2007,-0.118571
6576,aze,2008,-0.193902
6576,aze,2009,-0.177894
6576,aze,2010,-0.095987
6576,aze,2011,-0.04922
6576,aze,2012,-0.058676
6576,aze,2013,-0.109145
6576,aze,2014,-0.091756
6576,aze,2015,-0.104089
6576,aze,2016,-0.045725
6576,bih,1992,0
6576,bih,1993,-0.307057
6576,bih,1994,-0.298438
6576,bih,1995,-0.294999
6576,bih,1996,-0.297467
6576,bih,1997,-0.170343
6576,bih,1998,0
6576,bih,1999,-0.22712
6576,bih,2000,-0.163435
6576,bih,2001,-0.175864
6576,bih,2002,-0.248918
6576,bih,2003,-0.171137
6576,bih,2004,-0.249902
6576,bih,2005,-0.088442
6576,bih,2006,-0.14099
6576,bih,2007,-0.107791
6576,bih,2008,-0.166566
6576,bih,2009,-0.156445
6576,bih,2010,-0.071996
6576,bih,2011,-0.045605
6576,bih,2012,-0.040548
6576,bih,2013,-0.08314
6576,bih,2014,-0.077338
6576,bih,2015,-0.057265
6576,bih,2016,-0.050238
6576,blr,1992,-0.363153
6576,blr,1993,-0.29875
6576,blr,1994,-0.287357
6576,blr,1995,-0.31999
6576,blr,1996,-0.321475
6576,blr,1997,-0.174309
6576,blr,1998,-0.240873
6576,blr,1999,-0.242286
6576,blr,2000,-0.184256
6576,blr,2001,-0.219742
6576,blr,2002,-0.307842
6576,blr,2003,-0.23099
6576,blr,2004,-0.30073
6576,blr,2005,-0.161409
6576,blr,2006,-0.184416
6576,blr,2007,-0.165071
6576,blr,2008,-0.214096
6576,blr,2009,-0.19841
6576,blr,2010,-0.139192
6576,blr,2011,-0.074176
6576,blr,2012,-0.084447
6576,blr,2013,-0.14613
6576,blr,2014,-0.098863
6576,blr,2015,-0.112686
6576,blr,2016,-0.056802
6576,est,1992,-0.321678
6576,est,1993,-0.25502
6576,est,1994,-0.208751
6576,est,1995,-0.268622
6576,est,1996,-0.269095
6576,est,1997,-0.113337
6576,est,1998,-0.161201
6576,est,1999,-0.193104
6576,est,2000,-0.157447
6576,est,2001,-0.183537
6576,est,2002,-0.24838
6576,est,2003,-0.179613
6576,est,2004,-0.243425
6576,est,2005,-0.107854
6576,est,2006,-0.136917
6576,est,2007,-0.115363
6576,est,2008,-0.163697
6576,est,2009,-0.154183
6576,est,2010,-0.086523
6576,est,2011,-0.045587
6576,est,2012,-0.056525
6576,est,2013,-0.097941
6576,est,2014,-0.105974
6576,est,2015,-0.115483
6576,est,2016,-0.089046
6576,fsm,1992,-0.389314
6576,fsm,1993,-0.363961
6576,fsm,1994,-0.344843
6576,fsm,1995,-0.382871
6576,fsm,1996,-0.356166
6576,fsm,1997,-0.195207
6576,fsm,1998,-0.241956
6576,fsm,1999,-0.27921
6576,fsm,2000,-0.208311
6576,fsm,2001,-0.236644
6576,fsm,2002,-0.321508
6576,fsm,2003,-0.231368
6576,fsm,2004,-0.292708
6576,fsm,2005,-0.138545
6576,fsm,2006,-0.16827
6576,fsm,2007,-0.14191
6576,fsm,2008,-0.191926
6576,fsm,2009,-0.177401
6576,fsm,2010,-0.099541
6576,fsm,2011,-0.04349
6576,fsm,2012,-0.067327
6576,fsm,2013,-0.121635
6576,fsm,2014,-0.099711
6576,fsm,2015,-0.103771
6576,fsm,2016,-0.058478
6576,geo,1992,-0.39319
6576,geo,1993,-0.324552
6576,geo,1994,-0.303651
6576,geo,1995,-0.374605
6576,geo,1996,-0.300685
6576,geo,1997,-0.152588
6576,geo,1998,-0.205413
6576,geo,1999,-0.242451
6576,geo,2000,-0.192836
6576,geo,2001,-0.194766
6576,geo,2002,-0.270572
6576,geo,2003,-0.193184
6576,geo,2004,-0.262509
6576,geo,2005,-0.085764
6576,geo,2006,-0.130099
6576,geo,2007,-0.087442
6576,geo,2008,-0.151303
6576,geo,2009,-0.149055
6576,geo,2010,-0.056493
6576,geo,2011,-0.037127
6576,geo,2012,-0.038964
6576,geo,2013,-0.085086
6576,geo,2014,-0.058895
6576,geo,2015,-0.0545
6576,geo,2016,-0.018205
6576,hrv,1992,-0.320601
6576,hrv,1993,-0.292329
6576,hrv,1994,-0.253087
6576,hrv,1995,-0.295127
6576,hrv,1996,-0.299772
6576,hrv,1997,-0.157104
6576,hrv,1998,-0.193901
6576,hrv,1999,-0.224498
6576,hrv,2000,-0.169916
6576,hrv,2001,-0.199014
6576,hrv,2002,-0.252669
6576,hrv,2003,-0.176351
6576,hrv,2004,-0.26068
6576,hrv,2005,-0.116112
6576,hrv,2006,-0.154102
6576,hrv,2007,-0.136652
6576,hrv,2008,-0.199804
6576,hrv,2009,-0.190798
6576,hrv,2010,-0.115597
6576,hrv,2011,-0.074487
6576,hrv,2012,-0.078078
6576,hrv,2013,-0.118927
6576,hrv,2014,-0.092028
6576,hrv,2015,-0.090528
6576,hrv,2016,-0.056523
6576,kaz,1992,-0.356586
6576,kaz,1993,-0.294612
6576,kaz,1994,-0.289439
6576,kaz,1995,-0.345584
6576,kaz,1996,-0.32728
6576,kaz,1997,-0.154972
6576,kaz,1998,-0.209789
6576,kaz,1999,-0.241211
6576,kaz,2000,-0.17821
6576,kaz,2001,-0.200506
6576,kaz,2002,-0.278784
6576,kaz,2003,-0.180916
6576,kaz,2004,-0.231281
6576,kaz,2005,-0.08076
6576,kaz,2006,-0.129776
6576,kaz,2007,-0.083129
6576,kaz,2008,-0.151841
6576,kaz,2009,-0.134243
6576,kaz,2010,-0.07176
6576,kaz,2011,-0.022119
6576,kaz,2012,-0.043399
6576,kaz,2013,-0.089938
6576,kaz,2014,-0.073844
6576,kaz,2015,-0.058869
6576,kaz,2016,-0.025773
6576,kgz,1992,-0.400438
6576,kgz,1993,-0.333401
6576,kgz,1994,-0.289332
6576,kgz,1995,-0.319198
6576,kgz,1996,-0.246942
6576,kgz,1997,-0.128855
6576,kgz,1998,-0.197029
6576,kgz,1999,-0.195679
6576,kgz,2000,-0.162589
6576,kgz,2001,-0.162898
6576,kgz,2002,-0.198343
6576,kgz,2003,-0.108936
6576,kgz,2004,-0.167732
6576,kgz,2005,-0.019344
6576,kgz,2006,-0.081003
6576,kgz,2007,-0.053707
6576,kgz,2008,-0.122845
6576,kgz,2009,-0.098928
6576,kgz,2010,-0.017469
6576,kgz,2011,0.03833
6576,kgz,2012,-0.007964
6576,kgz,2013,-0.066657
6576,kgz,2014,-0.033953
6576,kgz,2015,-0.041212
6576,kgz,2016,-0.018736
6576,ltu,1992,-0.369383
6576,ltu,1993,-0.255373
6576,ltu,1994,-0.231679
6576,ltu,1995,-0.27086
6576,ltu,1996,-0.239856
6576,ltu,1997,-0.134532
6576,ltu,1998,-0.168761
6576,ltu,1999,-0.182457
6576,ltu,2000,-0.137767
6576,ltu,2001,-0.16528
6576,ltu,2002,-0.22873
6576,ltu,2003,-0.156348
6576,ltu,2004,-0.237344
6576,ltu,2005,-0.088741
6576,ltu,2006,-0.133039
6576,ltu,2007,-0.103025
6576,ltu,2008,-0.170122
6576,ltu,2009,-0.155205
6576,ltu,2010,-0.098459
6576,ltu,2011,-0.06988
6576,ltu,2012,-0.071316
6576,ltu,2013,-0.115549
6576,ltu,2014,-0.068989
6576,ltu,2015,-0.093338
6576,ltu,2016,-0.052857
6576,lva,1992,-0.337683
6576,lva,1993,-0.250885
6576,lva,1994,-0.253425
6576,lva,1995,-0.293422
6576,lva,1996,-0.281511
6576,lva,1997,-0.149093
6576,lva,1998,-0.174687
6576,lva,1999,-0.20163
6576,lva,2000,-0.163866
6576,lva,2001,-0.184794
6576,lva,2002,-0.258833
6576,lva,2003,-0.180564
6576,lva,2004,-0.227195
6576,lva,2005,-0.096296
6576,lva,2006,-0.138763
6576,lva,2007,0
6576,lva,2008,0
6576,lva,2009,0
6576,lva,2010,0
6576,lva,2011,-0.058275
6576,lva,2012,-0.065157
6576,lva,2013,-0.092585
6576,lva,2014,-0.078801
6576,lva,2015,-0.07489
6576,lva,2016,-0.043168
6576,mda,1992,-0.369093
6576,mda,1993,-0.308083
6576,mda,1994,-0.277293
6576,mda,1995,-0.322314
6576,mda,1996,-0.30541
6576,mda,1997,-0.165792
6576,mda,1998,-0.182472
6576,mda,1999,-0.199678
6576,mda,2000,-0.156745
6576,mda,2001,-0.173512
6576,mda,2002,-0.232806
6576,mda,2003,-0.158639
6576,mda,2004,-0.217475
6576,mda,2005,-0.065069
6576,mda,2006,-0.102881
6576,mda,2007,-0.061283
6576,mda,2008,-0.128252
6576,mda,2009,-0.120069
6576,mda,2010,-0.032058
6576,mda,2011,0.000514
6576,mda,2012,-0.026972
6576,mda,2013,-0.066654
6576,mda,2014,-0.036577
6576,mda,2015,-0.036912
6576,mda,2016,-0.006992
6576,mhl,1992,-0.400638
6576,mhl,1993,-0.364948
6576,mhl,1994,-0.356088
6576,mhl,1995,-0.396916
6576,mhl,1996,-0.355321
6576,mhl,1997,-0.206256
6576,mhl,1998,-0.249617
6576,mhl,1999,-0.286699
6576,mhl,2000,-0.219907
6576,mhl,2001,-0.252362
6576,mhl,2002,-0.344333
6576,mhl,2003,-0.228636
6576,mhl,2004,-0.310231
6576,mhl,2005,-0.144224
6576,mhl,2006,-0.168429
6576,mhl,2007,-0.13399
6576,mhl,2008,-0.205073
6576,mhl,2009,-0.18798
6576,mhl,2010,-0.102453
6576,mhl,2011,-0.055496
6576,mhl,2012,-0.064569
6576,mhl,2013,-0.108727
6576,mhl,2014,-0.093599
6576,mhl,2015,-0.108387
6576,mhl,2016,-0.057993
6576,mnp,1992,-0.417294
6576,mnp,1993,-0.375925
6576,mnp,1994,-0.353713
6576,mnp,1995,-0.379134
6576,mnp,1996,-0.359125
6576,mnp,1997,-0.195202
6576,mnp,1998,-0.245112
6576,mnp,1999,-0.271273
6576,mnp,2000,-0.203003
6576,mnp,2001,-0.220739
6576,mnp,2002,-0.309729
6576,mnp,2003,-0.203661
6576,mnp,2004,0
6576,mnp,2005,0
6576,mnp,2006,0
6576,mnp,2007,0
6576,mnp,2008,0
6576,mnp,2009,-0.165817
6576,mnp,2010,0
6576,mnp,2011,0
6576,mnp,2012,-0.08132
6576,mnp,2013,-0.125138
6576,mnp,2014,-0.11999
6576,mnp,2015,-0.117587
6576,mnp,2016,-0.073465
6576,plw,1992,-0.415373
6576,plw,1993,-0.376771
6576,plw,1994,-0.343997
6576,plw,1995,-0.387556
6576,plw,1996,-0.361582
6576,plw,1997,-0.201186
6576,plw,1998,-0.243205
6576,plw,1999,-0.276092
6576,plw,2000,-0.206819
6576,plw,2001,-0.246048
6576,plw,2002,-0.33233
6576,plw,2003,-0.240839
6576,plw,2004,-0.31635
6576,plw,2005,-0.146492
6576,plw,2006,-0.17405
6576,plw,2007,-0.140137
6576,plw,2008,-0.211143
6576,plw,2009,-0.19401
6576,plw,2010,-0.106396
6576,plw,2011,-0.060724
6576,plw,2012,-0.064211
6576,plw,2013,-0.128285
6576,plw,2014,-0.10284
6576,plw,2015,-0.11144
6576,plw,2016,-0.060457
6576,rus,1992,-0.316311
6576,rus,1993,-0.26977
6576,rus,1994,-0.255972
6576,rus,1995,-0.325716
6576,rus,1996,-0.31484
6576,rus,1997,-0.156086
6576,rus,1998,-0.22782
6576,rus,1999,-0.24771
6576,rus,2000,-0.191115
6576,rus,2001,-0.21224
6576,rus,2002,-0.30126
6576,rus,2003,-0.214135
6576,rus,2004,-0.266495
6576,rus,2005,-0.131116
6576,rus,2006,-0.150108
6576,rus,2007,-0.11323
6576,rus,2008,-0.168017
6576,rus,2009,-0.157992
6576,rus,2010,-0.096021
6576,rus,2011,-0.039413
6576,rus,2012,-0.053458
6576,rus,2013,-0.107543
6576,rus,2014,-0.078744
6576,rus,2015,-0.063585
6576,rus,2016,-0.035155
6576,scg,1992,0
6576,scg,1993,-0.383827
6576,scg,1994,0
6576,scg,1995,-0.351177
6576,scg,1996,0
6576,scg,1997,0
6576,scg,1998,0
6576,scg,1999,0
6576,scg,2000,0
6576,scg,2001,0
6576,scg,2002,0
6576,scg,2003,0
6576,scg,2004,0
6576,scg,2005,-0.096573
6576,scg,2006,-0.173382
6576,svn,1992,0
6576,svn,1993,0
6576,svn,1994,0
6576,svn,1995,0
6576,svn,1996,0
6576,svn,1997,0
6576,svn,1998,0
6576,svn,1999,0
6576,svn,2000,0
6576,svn,2001,0
6576,svn,2002,0
6576,svn,2003,0
6576,svn,2004,0
6576,svn,2005,0
6576,svn,2006,0
6576,svn,2007,0
6576,svn,2008,0
6576,svn,2009,0
6576,svn,2010,0
6576,svn,2011,0
6576,svn,2012,0
6576,svn,2013,0
6576,svn,2014,0
6576,svn,2015,0
6576,svn,2016,0
6576,tjk,1992,-0.407795
6576,tjk,1993,-0.358031
6576,tjk,1994,-0.351881
6576,tjk,1995,-0.369832
6576,tjk,1996,-0.350923
6576,tjk,1997,-0.173911
6576,tjk,1998,-0.203801
6576,tjk,1999,-0.246103
6576,tjk,2000,-0.172429
6576,tjk,2001,-0.197051
6576,tjk,2002,-0.260938
6576,tjk,2003,-0.179422
6576,tjk,2004,-0.249966
6576,tjk,2005,-0.084337
6576,tjk,2006,-0.129987
6576,tjk,2007,-0.084485
6576,tjk,2008,-0.140164
6576,tjk,2009,-0.140516
6576,tjk,2010,-0.041497
6576,tjk,2011,-0.010557
6576,tjk,2012,-0.026807
6576,tjk,2013,-0.072658
6576,tjk,2014,-0.060684
6576,tjk,2015,-0.061043
6576,tjk,2016,-0.022138
6576,tkm,1992,-0.391011
6576,tkm,1993,-0.346285
6576,tkm,1994,-0.318996
6576,tkm,1995,-0.373344
6576,tkm,1996,-0.340961
6576,tkm,1997,-0.183781
6576,tkm,1998,-0.206236
6576,tkm,1999,-0.249251
6576,tkm,2000,-0.177248
6576,tkm,2001,-0.226408
6576,tkm,2002,-0.30087
6576,tkm,2003,-0.20359
6576,tkm,2004,-0.276236
6576,tkm,2005,-0.107737
6576,tkm,2006,-0.148116
6576,tkm,2007,-0.105994
6576,tkm,2008,-0.178669
6576,tkm,2009,-0.152428
6576,tkm,2010,-0.068383
6576,tkm,2011,-0.033703
6576,tkm,2012,-0.05314
6576,tkm,2013,-0.100726
6576,tkm,2014,-0.084353
6576,tkm,2015,-0.088459
6576,tkm,2016,-0.040732
6576,ukr,1992,-0.353688
6576,ukr,1993,0
6576,ukr,1994,0
6576,ukr,1995,0
6576,ukr,1996,0
6576,ukr,1997,0
6576,ukr,1998,0
6576,ukr,1999,0
6576,ukr,2000,0
6576,ukr,2001,0
6576,ukr,2002,0
6576,ukr,2003,0
6576,ukr,2004,0
6576,ukr,2005,0
6576,ukr,2006,-0.140172
6576,ukr,2007,-0.109046
6576,ukr,2008,-0.16248
6576,ukr,2009,-0.16236
6576,ukr,2010,-0.074728
6576,ukr,2011,0
6576,ukr,2012,-0.043468
6576,ukr,2013,-0.091427
6576,ukr,2014,-0.077097
6576,ukr,2015,-0.062021
6576,ukr,2016,-0.022779
6576,umi,1992,-0.419859
6576,umi,2000,-0.185521
6576,umi,2001,-0.220814
6576,umi,2002,-0.302882
6576,umi,2003,-0.241108
6576,umi,2004,-0.292554
6576,umi,2005,-0.139746
6576,umi,2006,-0.149475
6576,umi,2007,-0.152274
6576,umi,2008,-0.213202
6576,umi,2009,-0.199992
6576,umi,2010,-0.123959
6576,umi,2011,-0.070482
6576,umi,2012,-0.078796
6576,umi,2013,-0.139267
6576,umi,2014,-0.124969
6576,umi,2015,-0.122412
6576,umi,2016,-0.087041
6576,uzb,1992,-0.405098
6576,uzb,1993,-0.354072
6576,uzb,1994,-0.320624
6576,uzb,1995,-0.34966
6576,uzb,1996,-0.330825
6576,uzb,1997,-0.158413
6576,uzb,1998,-0.210169
6576,uzb,1999,-0.234953
6576,uzb,2000,-0.147108
6576,uzb,2001,-0.18191
6576,uzb,2002,-0.241336
6576,uzb,2003,-0.159857
6576,uzb,2004,-0.233062
6576,uzb,2005,-0.071507
6576,uzb,2006,-0.121332
6576,uzb,2007,-0.081571
6576,uzb,2008,-0.141777
6576,uzb,2009,-0.132978
6576,uzb,2010,-0.043506
6576,uzb,2011,-0.000321
6576,uzb,2012,-0.019349
6576,uzb,2013,-0.05662
6576,uzb,2014,-0.048945
6576,uzb,2015,-0.047173
6576,uzb,2016,-0.004175
6576,cze,1993,0
6576,cze,1994,0
6576,cze,1995,0
6576,cze,1996,0
6576,cze,1997,0
6576,cze,1998,0
6576,cze,1999,0
6576,cze,2000,0
6576,cze,2001,0
6576,cze,2002,0
6576,cze,2003,0
6576,cze,2004,0
6576,cze,2005,0
6576,cze,2006,0
6576,cze,2007,0
6576,cze,2008,0
6576,cze,2009,0
6576,cze,2010,0
6576,cze,2011,0
6576,cze,2012,0
6576,cze,2013,0
6576,cze,2014,0
6576,cze,2015,0
6576,cze,2016,0
6576,eri,1993,-0.386188
6576,eri,1994,-0.343139
6576,eri,1995,-0.354966
6576,eri,1996,-0.347524
6576,eri,1997,-0.187478
6576,eri,1998,-0.207247
6576,eri,1999,-0.273549
6576,eri,2000,-0.183981
6576,eri,2001,-0.186142
6576,eri,2002,-0.310383
6576,eri,2003,-0.218385
6576,eri,2004,-0.260693
6576,eri,2005,-0.094908
6576,eri,2006,-0.15464
6576,eri,2007,-0.11438
6576,eri,2008,-0.178946
6576,eri,2009,-0.141559
6576,eri,2010,-0.067393
6576,eri,2011,-0.048048
6576,eri,2012,-0.055268
6576,eri,2013,-0.102503
6576,eri,2014,-0.086754
6576,eri,2015,-0.100517
6576,eri,2016,-0.050264
6576,mkd,1993,-0.274295
6576,mkd,1994,0
6576,mkd,1995,0
6576,mkd,1996,-0.267206
6576,mkd,1997,-0.135237
6576,mkd,1998,-0.158778
6576,mkd,1999,0
6576,mkd,2000,-0.153147
6576,mkd,2001,-0.151378
6576,mkd,2002,0
6576,mkd,2003,0
6576,mkd,2004,-0.205385
6576,mkd,2005,-0.038969
6576,mkd,2006,-0.093271
6576,mkd,2007,-0.051315
6576,mkd,2008,-0.12793
6576,mkd,2009,0
6576,mkd,2010,-0.016654
6576,mkd,2011,0.005028
6576,mkd,2012,-0.014045
6576,mkd,2013,-0.049835
6576,mkd,2014,-0.043466
6576,mkd,2015,-0.04209
6576,mkd,2016,-0.01881
6576,svk,1993,0
6576,svk,1994,-0.333781
6576,svk,1995,-0.390135
6576,svk,1996,-0.370929
6576,svk,1997,-0.226608
6576,svk,1998,-0.280047
6576,svk,1999,-0.298881
6576,svk,2000,-0.246182
6576,svk,2001,-0.281785
6576,svk,2002,-0.359793
6576,svk,2003,-0.294006
6576,svk,2004,-0.333356
6576,svk,2005,-0.181367
6576,svk,2006,-0.235552
6576,svk,2007,-0.219634
6576,svk,2008,-0.271056
6576,svk,2009,-0.247715
6576,svk,2010,-0.19473
6576,svk,2011,-0.13501
6576,svk,2012,-0.118145
6576,svk,2013,-0.191194
6576,svk,2014,-0.17077
6576,svk,2015,-0.165453
6576,svk,2016,-0.107944
6576,lux,1999,-0.309252
6576,lux,2000,-0.228564
6576,lux,2001,-0.273996
6576,lux,2002,-0.342888
6576,lux,2003,-0.263047
6576,lux,2004,-0.319925
6576,lux,2005,-0.190514
6576,lux,2006,-0.211704
6576,lux,2007,-0.178444
6576,lux,2008,-0.246596
6576,lux,2009,-0.215693
6576,lux,2010,-0.153659
6576,lux,2011,-0.086406
6576,lux,2012,-0.096392
6576,lux,2013,-0.143666
6576,lux,2014,-0.124794
6576,lux,2015,-0.141082
6576,lux,2016,-0.093546
6576,asm,2000,-0.22219
6576,asm,2001,-0.252527
6576,asm,2002,0
6576,asm,2003,-0.232527
6576,asm,2004,-0.299749
6576,asm,2005,-0.171738
6576,asm,2006,-0.17108
6576,asm,2007,-0.134383
6576,asm,2008,-0.206245
6576,asm,2009,-0.199675
6576,asm,2010,-0.118088
6576,asm,2011,-0.058558
6576,asm,2012,-0.080406
6576,asm,2013,-0.111321
6576,asm,2014,-0.10423
6576,asm,2015,-0.110421
6576,asm,2016,-0.061491
6576,ata,2000,-0.235329
6576,ata,2001,-0.250281
6576,ata,2002,-0.349652
6576,ata,2003,-0.262521
6576,ata,2004,-0.325302
6576,ata,2005,-0.164586
6576,ata,2006,-0.190604
6576,ata,2007,-0.1553
6576,ata,2008,-0.216557
6576,ata,2009,-0.208943
6576,ata,2010,-0.125274
6576,ata,2011,-0.084132
6576,ata,2012,-0.095544
6576,ata,2013,-0.130402
6576,ata,2014,-0.110927
6576,ata,2015,-0.125332
6576,ata,2016,-0.068831
6576,bvt,2000,-0.227754
6576,bvt,2001,-0.259747
6576,bvt,2002,-0.342692
6576,bvt,2003,-0.251455
6576,bvt,2004,-0.315313
6576,bvt,2005,-0.152136
6576,bvt,2006,-0.181471
6576,bvt,2007,-0.151338
6576,bvt,2008,-0.223115
6576,bvt,2009,-0.207386
6576,bvt,2010,-0.115421
6576,bvt,2011,-0.063959
6576,bvt,2012,-0.077042
6576,bvt,2013,-0.131475
6576,bvt,2014,-0.099406
6576,bvt,2015,-0.117476
6576,bvt,2016,-0.065957
6576,bwa,2000,-0.209599
6576,bwa,2001,-0.216632
6576,bwa,2002,-0.327628
6576,bwa,2003,-0.239517
6576,bwa,2004,-0.281235
6576,bwa,2005,-0.122134
6576,bwa,2006,-0.143667
6576,bwa,2007,-0.108225
6576,bwa,2008,-0.163743
6576,bwa,2009,-0.164231
6576,bwa,2010,-0.067576
6576,bwa,2011,-0.049324
6576,bwa,2012,-0.056736
6576,bwa,2013,-0.115239
6576,bwa,2014,-0.086382
6576,bwa,2015,-0.092866
6576,bwa,2016,-0.052651
6576,gum,2000,-0.207803
6576,gum,2001,-0.224976
6576,gum,2002,-0.295928
6576,gum,2003,-0.222667
6576,gum,2004,-0.284137
6576,gum,2005,-0.124824
6576,gum,2006,-0.158012
6576,gum,2007,-0.127239
6576,gum,2008,0
6576,gum,2009,-0.187621
6576,gum,2010,-0.103445
6576,gum,2011,-0.074481
6576,gum,2012,-0.07061
6576,gum,2013,-0.116882
6576,gum,2014,-0.092083
6576,gum,2015,-0.103856
6576,gum,2016,-0.061186
6576,hmd,2000,-0.217559
6576,hmd,2001,-0.255049
6576,hmd,2002,-0.336297
6576,hmd,2003,-0.232512
6576,hmd,2004,-0.307526
6576,hmd,2005,-0.134487
6576,hmd,2006,-0.178849
6576,hmd,2007,-0.151277
6576,hmd,2008,-0.207229
6576,hmd,2009,-0.203536
6576,hmd,2010,-0.137248
6576,hmd,2011,-0.076911
6576,hmd,2012,-0.081425
6576,hmd,2013,-0.131165
6576,hmd,2014,-0.112808
6576,hmd,2015,-0.115705
6576,hmd,2016,-0.06233
6576,lso,2000,-0.212213
6576,lso,2001,-0.236129
6576,lso,2002,-0.32676
6576,lso,2003,-0.229564
6576,lso,2004,-0.2994
6576,lso,2005,-0.131973
6576,lso,2006,-0.165687
6576,lso,2007,-0.126821
6576,lso,2008,-0.192824
6576,lso,2009,-0.174281
6576,lso,2010,0
6576,lso,2011,-0.021801
6576,lso,2012,-0.04113
6576,lso,2013,-0.070421
6576,lso,2014,-0.061181
6576,lso,2015,-0.063264
6576,lso,2016,-0.018741
6576,myt,2000,-0.233797
6576,myt,2001,-0.261439
6576,myt,2002,-0.343148
6576,myt,2003,-0.24538
6576,myt,2004,-0.319639
6576,myt,2005,-0.164514
6576,myt,2006,-0.185838
6576,myt,2007,-0.157116
6576,myt,2008,-0.212853
6576,myt,2009,-0.200636
6576,myt,2010,-0.133916
6576,myt,2011,-0.070454
6576,myt,2012,-0.072533
6576,myt,2013,-0.125024
6576,nam,2000,-0.157652
6576,nam,2001,-0.189113
6576,nam,2002,-0.24675
6576,nam,2003,-0.158418
6576,nam,2004,-0.211222
6576,nam,2005,-0.052413
6576,nam,2006,-0.120587
6576,nam,2007,-0.071035
6576,nam,2008,-0.157328
6576,nam,2009,0
6576,nam,2010,-0.0398
6576,nam,2011,-0.01804
6576,nam,2012,-0.026891
6576,nam,2013,-0.0731
6576,nam,2014,-0.061385
6576,nam,2015,-0.055568
6576,nam,2016,-0.036228
6576,pse,2000,-0.216966
6576,pse,2001,-0.231219
6576,pse,2002,-0.254197
6576,pse,2003,-0.161158
6576,pse,2004,-0.219169
6576,pse,2005,-0.065475
6576,pse,2006,-0.133136
6576,pse,2007,-0.073948
6576,pse,2008,-0.142113
6576,pse,2009,-0.136833
6576,pse,2010,-0.050904
6576,pse,2011,-0.013502
6576,pse,2012,-0.025993
6576,pse,2013,-0.060515
6576,pse,2014,-0.061519
6576,pse,2015,-0.058569
6576,pse,2016,-0.009975
6576,sgs,2000,-0.234084
6576,sgs,2001,-0.265726
6576,sgs,2002,-0.350207
6576,sgs,2003,-0.261057
6576,sgs,2004,-0.316968
6576,sgs,2005,-0.1514
6576,sgs,2006,-0.178043
6576,sgs,2007,-0.147009
6576,sgs,2008,-0.215787
6576,sgs,2009,-0.194719
6576,sgs,2010,-0.125004
6576,sgs,2011,-0.068831
6576,sgs,2012,-0.079364
6576,sgs,2013,-0.128421
6576,sgs,2014,-0.116042
6576,sgs,2015,-0.12045
6576,sgs,2016,-0.066974
6576,smr,2000,-0.228932
6576,smr,2001,-0.26717
6576,smr,2002,-0.331374
6576,smr,2003,-0.256916
6576,smr,2004,-0.322695
6576,smr,2005,-0.163973
6576,smr,2006,-0.186907
6576,smr,2007,0
6576,smr,2008,-0.228396
6576,smr,2009,-0.217879
6576,smr,2010,-0.135041
6576,smr,2011,-0.090454
6576,smr,2012,-0.09549
6576,smr,2013,-0.129533
6576,smr,2014,-0.122953
6576,smr,2015,-0.118217
6576,smr,2016,-0.070742
6576,swz,2000,-0.193851
6576,swz,2001,-0.242765
6576,swz,2002,-0.309999
6576,swz,2003,-0.224579
6576,swz,2004,-0.281631
6576,swz,2005,-0.118578
6576,swz,2006,-0.177319
6576,swz,2007,-0.140672
6576,swz,2008,-0.189542
6576,swz,2009,-0.17845
6576,swz,2010,-0.071557
6576,swz,2011,-0.035183
6576,swz,2012,-0.04581
6576,swz,2013,-0.081084
6576,swz,2014,-0.081862
6576,swz,2015,-0.083062
6576,swz,2016,-0.043668
6576,vat,2000,-0.227085
6576,vat,2001,-0.252049
6576,vat,2002,-0.339577
6576,vat,2003,-0.245145
6576,vat,2004,-0.30704
6576,vat,2005,-0.148468
6576,vat,2006,-0.175647
6576,vat,2007,-0.145148
6576,vat,2008,-0.208258
6576,vat,2009,-0.19205
6576,vat,2010,-0.138226
6576,vat,2011,-0.057617
6576,vat,2012,-0.084607
6576,vat,2013,-0.133253
6576,vat,2014,-0.112849
6576,vat,2015,-0.111371
6576,vat,2016,-0.063628
6576,srb,2005,0
6576,srb,2006,-0.133107
6576,srb,2007,-0.124784
6576,srb,2008,-0.166776
6576,srb,2009,-0.16327
6576,srb,2010,-0.083369
6576,srb,2011,-0.040412
6576,srb,2012,-0.054912
6576,srb,2013,-0.087634
6576,srb,2014,-0.06485
6576,srb,2015,0
6576,srb,2016,0
6576,mne,2006,-0.150064
6576,mne,2007,-0.119418
6576,mne,2008,-0.186156
6576,mne,2009,-0.167663
6576,mne,2010,-0.086424
6576,mne,2011,-0.050797
6576,mne,2012,-0.056604
6576,mne,2013,-0.090859
6576,mne,2014,-0.074869
6576,mne,2015,-0.063151
6576,mne,2016,-0.019466
6576,bes,2011,-0.0727
6576,bes,2012,-0.079507
6576,bes,2013,-0.13903
6576,bes,2014,-0.108546
6576,bes,2015,-0.118576
6576,bes,2016,-0.061593
6576,cuw,2011,-0.051784
6576,cuw,2012,0
6576,cuw,2013,-0.121987
6576,cuw,2014,-0.094527
6576,cuw,2015,-0.102459
6576,cuw,2016,-0.055081
6576,sxm,2011,-0.055853
6576,sxm,2012,-0.082166
6576,sxm,2013,-0.130819
6576,sxm,2014,-0.110485
6576,sxm,2015,-0.114754
6576,sxm,2016,-0.06363
6576,ssd,2012,-0.065681
6576,ssd,2013,-0.125146
6576,ssd,2014,-0.100664
6576,ssd,2015,-0.107102
6576,ssd,2016,-0.053896
6576,blm,2013,-0.129972
6576,blm,2014,-0.104402
6576,blm,2015,-0.112498
6576,blm,2016,-0.063977
6576,pcz,1962,-0.054824
6576,pcz,1963,-0.107153
6576,pcz,1964,-0.020685
6576,pcz,1965,-0.116382
6576,pcz,1966,-0.183386
6576,pcz,1967,-0.133352
6576,pcz,1968,-0.171512
6576,pcz,1969,-0.121419
6576,pcz,1970,-0.114796
6576,pcz,1971,-0.23498
6576,pcz,1972,-0.302685
6576,pcz,1973,-0.291404
6576,pcz,1974,-0.318522
6576,pcz,1975,-0.335413
6576,pcz,1976,-0.384118
6576,pcz,1977,-0.338149
6576,vdr,1962,0.021654
6576,vdr,1963,-0.042602
6576,vdr,1964,0.037503
6576,vdr,1965,-0.052544
6576,vdr,1966,-0.132019
6576,vdr,1967,-0.076082
6576,vdr,1968,-0.12843
6576,vdr,1969,-0.05308
6576,vdr,1970,-0.019758
6576,vdr,1971,-0.200235
6576,vdr,1972,-0.23159
6576,vdr,1973,-0.221471
6576,vdr,1974,-0.233889
6576,vir,1962,0
6576,vir,1963,-0.120915
6576,vir,1964,-0.029266
6576,vir,1965,0
6576,vir,1966,-0.190248
6576,vir,1967,0
6576,vir,1968,0
6576,vir,1969,-0.119272
6576,vir,1970,-0.095514
6576,vir,1971,-0.279787
6576,vir,1972,-0.326111
6576,vir,1973,-0.310583
6576,vir,1974,-0.329666
6576,vir,1975,-0.339792
6576,vir,1976,-0.42384
6576,vir,1977,-0.375651
6576,vir,1978,-0.317281
6576,vir,1979,-0.244713
6576,vir,1980,-0.329011
