product_code_hs,location,year,cog
8419,abw,1995,0.551052
8419,abw,1996,0.52273
8419,abw,1997,0.488386
8419,abw,1998,0.639719
8419,abw,1999,0.600695
8419,abw,2000,0.474817
8419,abw,2001,0.491252
8419,abw,2002,0.502757
8419,abw,2003,0.581653
8419,abw,2004,0.579836
8419,abw,2005,0.606873
8419,abw,2006,0.44794
8419,abw,2007,0.54259
8419,abw,2008,0.495345
8419,abw,2009,0.516493
8419,abw,2010,0.435785
8419,abw,2011,0.495802
8419,abw,2012,0.445597
8419,abw,2013,0.315142
8419,abw,2014,0.31242
8419,abw,2015,0.423012
8419,abw,2016,0.328611
8419,afg,1995,0.560325
8419,afg,1996,0.530239
8419,afg,1997,0.481743
8419,afg,1998,0.641376
8419,afg,1999,0.587988
8419,afg,2000,0.489028
8419,afg,2001,0.467911
8419,afg,2002,0.504033
8419,afg,2003,0.590752
8419,afg,2004,0.591402
8419,afg,2005,0.594116
8419,afg,2006,0.477007
8419,afg,2007,0.555603
8419,afg,2008,0.492821
8419,afg,2009,0.474023
8419,afg,2010,0
8419,afg,2011,0.513358
8419,afg,2012,0.460179
8419,afg,2013,0.362548
8419,afg,2014,0.347108
8419,afg,2015,0.471072
8419,afg,2016,0.37554
8419,ago,1995,0.548545
8419,ago,1996,0.523099
8419,ago,1997,0.488634
8419,ago,1998,0.645687
8419,ago,1999,0.60227
8419,ago,2000,0.481066
8419,ago,2001,0.491719
8419,ago,2002,0.503183
8419,ago,2003,0.579612
8419,ago,2004,0.57845
8419,ago,2005,0.605495
8419,ago,2006,0.45023
8419,ago,2007,0.54186
8419,ago,2008,0.497298
8419,ago,2009,0.526134
8419,ago,2010,0.485799
8419,ago,2011,0.496007
8419,ago,2012,0.442456
8419,ago,2013,0.320514
8419,ago,2014,0.308414
8419,ago,2015,0.451687
8419,ago,2016,0
8419,aia,1995,0
8419,aia,1996,0.499212
8419,aia,1997,0.443423
8419,aia,1998,0.602965
8419,aia,1999,0.583521
8419,aia,2000,0.440956
8419,aia,2001,0.438522
8419,aia,2002,0.433993
8419,aia,2003,0.559084
8419,aia,2004,0.5133
8419,aia,2005,0.571669
8419,aia,2006,0.428567
8419,aia,2007,0
8419,aia,2008,0.450075
8419,aia,2009,0.460672
8419,aia,2010,0
8419,aia,2011,0.448798
8419,aia,2012,0
8419,aia,2013,0.269016
8419,aia,2014,0.299012
8419,aia,2015,0.413023
8419,aia,2016,0.307351
8419,alb,1995,0.584778
8419,alb,1996,0.563287
8419,alb,1997,0.522538
8419,alb,1998,0.669484
8419,alb,1999,0.62202
8419,alb,2000,0.517706
8419,alb,2001,0.515161
8419,alb,2002,0.524142
8419,alb,2003,0.590895
8419,alb,2004,0.584464
8419,alb,2005,0.619203
8419,alb,2006,0.503729
8419,alb,2007,0.570814
8419,alb,2008,0.535243
8419,alb,2009,0.571955
8419,alb,2010,0.538894
8419,alb,2011,0.533892
8419,alb,2012,0.497436
8419,alb,2013,0.401151
8419,alb,2014,0.39851
8419,alb,2015,0.511028
8419,alb,2016,0.416223
8419,and,1995,0.520244
8419,and,1996,0.49331
8419,and,1997,0.43884
8419,and,1998,0.57705
8419,and,1999,0.522387
8419,and,2000,0.398358
8419,and,2001,0.414624
8419,and,2002,0
8419,and,2003,0
8419,and,2004,0.492851
8419,and,2005,0
8419,and,2006,0.385259
8419,and,2007,0.459693
8419,and,2008,0.423221
8419,and,2009,0
8419,and,2010,0
8419,and,2011,0
8419,and,2012,0.397122
8419,and,2013,0.303995
8419,and,2014,0.286874
8419,and,2015,0.412643
8419,and,2016,0.303068
8419,ant,1995,0.537671
8419,ant,1996,0.515425
8419,ant,1997,0.476214
8419,ant,1998,0.62654
8419,ant,1999,0.593178
8419,ant,2000,0.479077
8419,ant,2001,0.493882
8419,ant,2002,0.49381
8419,ant,2003,0.573709
8419,ant,2004,0.566072
8419,ant,2005,0.606702
8419,ant,2006,0.445609
8419,ant,2007,0.539486
8419,ant,2008,0.498295
8419,ant,2009,0.512128
8419,ant,2010,0.482638
8419,are,1995,0.561115
8419,are,1996,0.533561
8419,are,1997,0.497135
8419,are,1998,0.650312
8419,are,1999,0.612711
8419,are,2000,0.513921
8419,are,2001,0.519679
8419,are,2002,0.51916
8419,are,2003,0.590254
8419,are,2004,0.571914
8419,are,2005,0.598921
8419,are,2006,0.458588
8419,are,2007,0.544802
8419,are,2008,0.511353
8419,are,2009,0.53649
8419,are,2010,0.490352
8419,are,2011,0.503885
8419,are,2012,0.454573
8419,are,2013,0.331975
8419,are,2014,0.329505
8419,are,2015,0.461911
8419,are,2016,0.352521
8419,arg,1995,0.563542
8419,arg,1996,0.539068
8419,arg,1997,0.501432
8419,arg,1998,0.642139
8419,arg,1999,0.59218
8419,arg,2000,0.488108
8419,arg,2001,0.500536
8419,arg,2002,0.518668
8419,arg,2003,0.586059
8419,arg,2004,0.57775
8419,arg,2005,0.59806
8419,arg,2006,0.457175
8419,arg,2007,0.551273
8419,arg,2008,0.507406
8419,arg,2009,0.529279
8419,arg,2010,0.490939
8419,arg,2011,0.505653
8419,arg,2012,0.466547
8419,arg,2013,0.359285
8419,arg,2014,0.350977
8419,arg,2015,0.483848
8419,arg,2016,0.383703
8419,arm,1995,0.535012
8419,arm,1996,0.511047
8419,arm,1997,0.426441
8419,arm,1998,0.588625
8419,arm,1999,0.571009
8419,arm,2000,0.43774
8419,arm,2001,0.444152
8419,arm,2002,0
8419,arm,2003,0.576909
8419,arm,2004,0.541846
8419,arm,2005,0
8419,arm,2006,0.450405
8419,arm,2007,0.50114
8419,arm,2008,0.478301
8419,arm,2009,0.519392
8419,arm,2010,0.47687
8419,arm,2011,0.474038
8419,arm,2012,0
8419,arm,2013,0.342513
8419,arm,2014,0.340592
8419,arm,2015,0.469699
8419,arm,2016,0.357634
8419,atf,1995,0.548323
8419,atf,1996,0.513069
8419,atf,1997,0.484182
8419,atf,1998,0.637866
8419,atf,1999,0.594992
8419,atf,2000,0.474093
8419,atf,2001,0.481223
8419,atf,2002,0.486969
8419,atf,2003,0
8419,atf,2004,0.559594
8419,atf,2005,0.602761
8419,atf,2006,0.433056
8419,atf,2007,0.520541
8419,atf,2008,0.492564
8419,atf,2009,0.516138
8419,atf,2010,0.476119
8419,atf,2011,0.476559
8419,atf,2012,0.432971
8419,atf,2013,0.313763
8419,atf,2014,0.302068
8419,atf,2015,0.43554
8419,atf,2016,0.333069
8419,atg,1995,0.548603
8419,atg,1996,0.504124
8419,atg,1997,0.476972
8419,atg,1998,0.632127
8419,atg,1999,0.596226
8419,atg,2000,0.476382
8419,atg,2001,0.493785
8419,atg,2002,0.486964
8419,atg,2003,0.575155
8419,atg,2004,0.575167
8419,atg,2005,0.606209
8419,atg,2006,0.452266
8419,atg,2007,0.527862
8419,atg,2008,0.499561
8419,atg,2009,0.525227
8419,atg,2010,0.477381
8419,atg,2011,0.497199
8419,atg,2012,0.347843
8419,atg,2013,0.331218
8419,atg,2014,0.314396
8419,atg,2015,0.457048
8419,atg,2016,0.343165
8419,aus,1995,0.537766
8419,aus,1996,0.521778
8419,aus,1997,0.491819
8419,aus,1998,0.616133
8419,aus,1999,0.590112
8419,aus,2000,0.490531
8419,aus,2001,0.508401
8419,aus,2002,0.514015
8419,aus,2003,0.574539
8419,aus,2004,0.583348
8419,aus,2005,0.614541
8419,aus,2006,0.471195
8419,aus,2007,0.540723
8419,aus,2008,0.511357
8419,aus,2009,0.529659
8419,aus,2010,0.512883
8419,aus,2011,0.503133
8419,aus,2012,0.470359
8419,aus,2013,0.365509
8419,aus,2014,0.364502
8419,aus,2015,0.493281
8419,aus,2016,0.377319
8419,aut,1995,0
8419,aut,1996,0
8419,aut,1997,0
8419,aut,1998,0
8419,aut,1999,0
8419,aut,2000,0
8419,aut,2001,0
8419,aut,2002,0
8419,aut,2003,0
8419,aut,2004,0
8419,aut,2005,0
8419,aut,2006,0
8419,aut,2007,0
8419,aut,2008,0
8419,aut,2009,0
8419,aut,2010,0
8419,aut,2011,0
8419,aut,2012,0
8419,aut,2013,0
8419,aut,2014,0
8419,aut,2015,0
8419,aut,2016,0
8419,aze,1995,0.550915
8419,aze,1996,0.509298
8419,aze,1997,0.479756
8419,aze,1998,0.626921
8419,aze,1999,0.608916
8419,aze,2000,0.496213
8419,aze,2001,0.507975
8419,aze,2002,0.514087
8419,aze,2003,0.588496
8419,aze,2004,0.585256
8419,aze,2005,0.608965
8419,aze,2006,0.460432
8419,aze,2007,0.548705
8419,aze,2008,0.504972
8419,aze,2009,0.531505
8419,aze,2010,0.490388
8419,aze,2011,0.502154
8419,aze,2012,0.450047
8419,aze,2013,0.334385
8419,aze,2014,0.324762
8419,aze,2015,0.459536
8419,aze,2016,0.35149
8419,bdi,1995,0.559689
8419,bdi,1996,0.528232
8419,bdi,1997,0.490002
8419,bdi,1998,0.639436
8419,bdi,1999,0.60946
8419,bdi,2000,0.486787
8419,bdi,2001,0.484052
8419,bdi,2002,0.498345
8419,bdi,2003,0.589576
8419,bdi,2004,0.58558
8419,bdi,2005,0.61021
8419,bdi,2006,0.453797
8419,bdi,2007,0.544876
8419,bdi,2008,0.498365
8419,bdi,2009,0.527365
8419,bdi,2010,0.499985
8419,bdi,2011,0.507759
8419,bdi,2012,0.463794
8419,bdi,2013,0.349945
8419,bdi,2014,0.329566
8419,bdi,2015,0.477045
8419,bdi,2016,0.367104
8419,bel,1995,0.318281
8419,bel,1996,0.303834
8419,bel,1997,0.279243
8419,bel,1998,0.365061
8419,bel,1999,0.356173
8419,bel,2000,0.262037
8419,bel,2001,0.285353
8419,bel,2002,0.287703
8419,bel,2003,0.363705
8419,bel,2004,0.340472
8419,bel,2005,0.386531
8419,bel,2006,0.24963
8419,bel,2007,0.318418
8419,bel,2008,0.272475
8419,bel,2009,0.277629
8419,bel,2010,0.269396
8419,bel,2011,0.304726
8419,bel,2012,0.267703
8419,bel,2013,0.147893
8419,bel,2014,0.158455
8419,bel,2015,0.276325
8419,bel,2016,0.210858
8419,ben,1995,0.560364
8419,ben,1996,0.540204
8419,ben,1997,0.499548
8419,ben,1998,0.657502
8419,ben,1999,0.619419
8419,ben,2000,0.509186
8419,ben,2001,0.511643
8419,ben,2002,0.524367
8419,ben,2003,0.604739
8419,ben,2004,0.591748
8419,ben,2005,0.617035
8419,ben,2006,0.474862
8419,ben,2007,0.561484
8419,ben,2008,0.518666
8419,ben,2009,0.546917
8419,ben,2010,0.506194
8419,ben,2011,0.519647
8419,ben,2012,0.470811
8419,ben,2013,0.355662
8419,ben,2014,0.339692
8419,ben,2015,0.464767
8419,ben,2016,0.376296
8419,bfa,1995,0.55994
8419,bfa,1996,0.529809
8419,bfa,1997,0.495583
8419,bfa,1998,0.649062
8419,bfa,1999,0.611158
8419,bfa,2000,0.498121
8419,bfa,2001,0.51596
8419,bfa,2002,0.522067
8419,bfa,2003,0.60351
8419,bfa,2004,0.598579
8419,bfa,2005,0.629305
8419,bfa,2006,0.485843
8419,bfa,2007,0.573043
8419,bfa,2008,0.514234
8419,bfa,2009,0.549189
8419,bfa,2010,0.497921
8419,bfa,2011,0.516596
8419,bfa,2012,0.463694
8419,bfa,2013,0.347238
8419,bfa,2014,0.342147
8419,bfa,2015,0.468158
8419,bfa,2016,0.359105
8419,bgd,1995,0.593252
8419,bgd,1996,0.55735
8419,bgd,1997,0.520973
8419,bgd,1998,0.669544
8419,bgd,1999,0.630766
8419,bgd,2000,0.531605
8419,bgd,2001,0.542477
8419,bgd,2002,0.547516
8419,bgd,2003,0.618001
8419,bgd,2004,0.625301
8419,bgd,2005,0.650736
8419,bgd,2006,0.521326
8419,bgd,2007,0.587734
8419,bgd,2008,0.551634
8419,bgd,2009,0.591483
8419,bgd,2010,0.555515
8419,bgd,2011,0.558794
8419,bgd,2012,0.510761
8419,bgd,2013,0.410771
8419,bgd,2014,0.395673
8419,bgd,2015,0.505017
8419,bgd,2016,0.401561
8419,bgr,1995,0.537265
8419,bgr,1996,0.4984
8419,bgr,1997,0.477827
8419,bgr,1998,0.62313
8419,bgr,1999,0.594489
8419,bgr,2000,0.481926
8419,bgr,2001,0.49798
8419,bgr,2002,0.494375
8419,bgr,2003,0.56255
8419,bgr,2004,0.556753
8419,bgr,2005,0.583551
8419,bgr,2006,0.433058
8419,bgr,2007,0.503491
8419,bgr,2008,0
8419,bgr,2009,0.51405
8419,bgr,2010,0.460815
8419,bgr,2011,0.466062
8419,bgr,2012,0.419832
8419,bgr,2013,0.333834
8419,bgr,2014,0.310557
8419,bgr,2015,0.435579
8419,bgr,2016,0.342939
8419,bhr,1995,0.556377
8419,bhr,1996,0.528479
8419,bhr,1997,0.495785
8419,bhr,1998,0.637409
8419,bhr,1999,0.603822
8419,bhr,2000,0.49355
8419,bhr,2001,0.497125
8419,bhr,2002,0.513636
8419,bhr,2003,0.583753
8419,bhr,2004,0.586708
8419,bhr,2005,0.600708
8419,bhr,2006,0.448818
8419,bhr,2007,0.53829
8419,bhr,2008,0.488191
8419,bhr,2009,0.525887
8419,bhr,2010,0.479348
8419,bhr,2011,0.492133
8419,bhr,2012,0.441378
8419,bhr,2013,0.320574
8419,bhr,2014,0.311685
8419,bhr,2015,0.439427
8419,bhr,2016,0.34814
8419,bhs,1995,0.543811
8419,bhs,1996,0.522006
8419,bhs,1997,0.476359
8419,bhs,1998,0.625585
8419,bhs,1999,0.582617
8419,bhs,2000,0.459545
8419,bhs,2001,0.465312
8419,bhs,2002,0.49557
8419,bhs,2003,0.575733
8419,bhs,2004,0.57472
8419,bhs,2005,0.602721
8419,bhs,2006,0.447239
8419,bhs,2007,0.525797
8419,bhs,2008,0.489881
8419,bhs,2009,0.525893
8419,bhs,2010,0.488069
8419,bhs,2011,0.497929
8419,bhs,2012,0.43138
8419,bhs,2013,0.312184
8419,bhs,2014,0.302194
8419,bhs,2015,0.445804
8419,bhs,2016,0.341684
8419,bih,1995,0.542787
8419,bih,1996,0.487529
8419,bih,1997,0.478595
8419,bih,1998,0.639612
8419,bih,1999,0.583352
8419,bih,2000,0.484058
8419,bih,2001,0.505521
8419,bih,2002,0.507035
8419,bih,2003,0.569605
8419,bih,2004,0.561915
8419,bih,2005,0.593803
8419,bih,2006,0.442883
8419,bih,2007,0.504873
8419,bih,2008,0.471399
8419,bih,2009,0.490718
8419,bih,2010,0.466306
8419,bih,2011,0.476126
8419,bih,2012,0.436354
8419,bih,2013,0.33634
8419,bih,2014,0.319996
8419,bih,2015,0.446989
8419,bih,2016,0.338614
8419,blr,1995,0.536867
8419,blr,1996,0.48114
8419,blr,1997,0.480743
8419,blr,1998,0.585333
8419,blr,1999,0.561267
8419,blr,2000,0.459896
8419,blr,2001,0.450728
8419,blr,2002,0.456124
8419,blr,2003,0.526042
8419,blr,2004,0.530295
8419,blr,2005,0.551375
8419,blr,2006,0.403924
8419,blr,2007,0.479838
8419,blr,2008,0.453846
8419,blr,2009,0.467438
8419,blr,2010,0.426049
8419,blr,2011,0.453573
8419,blr,2012,0.37632
8419,blr,2013,0
8419,blr,2014,0.283429
8419,blr,2015,0.444683
8419,blr,2016,0.327717
8419,blz,1995,0.550042
8419,blz,1996,0.525831
8419,blz,1997,0.501572
8419,blz,1998,0.637917
8419,blz,1999,0.608446
8419,blz,2000,0.493732
8419,blz,2001,0.490297
8419,blz,2002,0
8419,blz,2003,0.581352
8419,blz,2004,0.566491
8419,blz,2005,0.611584
8419,blz,2006,0.460204
8419,blz,2007,0.537
8419,blz,2008,0.509372
8419,blz,2009,0.53987
8419,blz,2010,0.49895
8419,blz,2011,0.497756
8419,blz,2012,0.462925
8419,blz,2013,0.346944
8419,blz,2014,0.338959
8419,blz,2015,0.453705
8419,blz,2016,0.352775
8419,bmu,1995,0.536512
8419,bmu,1996,0.51038
8419,bmu,1997,0.473636
8419,bmu,1998,0.623384
8419,bmu,1999,0.580603
8419,bmu,2000,0.470228
8419,bmu,2001,0.473836
8419,bmu,2002,0.484783
8419,bmu,2003,0.569134
8419,bmu,2004,0.557533
8419,bmu,2005,0.59953
8419,bmu,2006,0
8419,bmu,2007,0.533563
8419,bmu,2008,0.491107
8419,bmu,2009,0.506883
8419,bmu,2010,0.479381
8419,bmu,2011,0.4894
8419,bmu,2012,0.42815
8419,bmu,2013,0.315347
8419,bmu,2014,0.30342
8419,bmu,2015,0.438539
8419,bmu,2016,0.330649
8419,bol,1995,0.575873
8419,bol,1996,0.55198
8419,bol,1997,0.518123
8419,bol,1998,0.665879
8419,bol,1999,0.621909
8419,bol,2000,0.525077
8419,bol,2001,0.527646
8419,bol,2002,0.540512
8419,bol,2003,0.616449
8419,bol,2004,0.61434
8419,bol,2005,0.639073
8419,bol,2006,0.500886
8419,bol,2007,0.57994
8419,bol,2008,0.541325
8419,bol,2009,0.564067
8419,bol,2010,0.52436
8419,bol,2011,0.526012
8419,bol,2012,0.47406
8419,bol,2013,0.368133
8419,bol,2014,0.356232
8419,bol,2015,0.486434
8419,bol,2016,0.387586
8419,bra,1995,0.512997
8419,bra,1996,0.482066
8419,bra,1997,0.458631
8419,bra,1998,0.575339
8419,bra,1999,0.541757
8419,bra,2000,0.429834
8419,bra,2001,0.464713
8419,bra,2002,0.4662
8419,bra,2003,0.533117
8419,bra,2004,0.545427
8419,bra,2005,0.551142
8419,bra,2006,0.420226
8419,bra,2007,0.496346
8419,bra,2008,0.473146
8419,bra,2009,0.501979
8419,bra,2010,0.473527
8419,bra,2011,0.486997
8419,bra,2012,0.439547
8419,bra,2013,0.347055
8419,bra,2014,0.347653
8419,bra,2015,0.459571
8419,bra,2016,0.365316
8419,brb,1995,0.507891
8419,brb,1996,0.4894
8419,brb,1997,0.451706
8419,brb,1998,0.594657
8419,brb,1999,0.547434
8419,brb,2000,0.434031
8419,brb,2001,0.47355
8419,brb,2002,0.482705
8419,brb,2003,0.558841
8419,brb,2004,0.561093
8419,brb,2005,0.545884
8419,brb,2006,0.389776
8419,brb,2007,0.476912
8419,brb,2008,0.42795
8419,brb,2009,0
8419,brb,2010,0.43144
8419,brb,2011,0.473043
8419,brb,2012,0.402738
8419,brb,2013,0.3181
8419,brb,2014,0.318937
8419,brb,2015,0.448451
8419,brb,2016,0.328121
8419,brn,1995,0.554087
8419,brn,1996,0.527484
8419,brn,1997,0.489675
8419,brn,1998,0.640027
8419,brn,1999,0.60583
8419,brn,2000,0.484046
8419,brn,2001,0.497646
8419,brn,2002,0.508871
8419,brn,2003,0.587168
8419,brn,2004,0.580907
8419,brn,2005,0.608755
8419,brn,2006,0.450512
8419,brn,2007,0.538571
8419,brn,2008,0.498114
8419,brn,2009,0.527675
8419,brn,2010,0.481706
8419,brn,2011,0.492627
8419,brn,2012,0.439049
8419,brn,2013,0.315194
8419,brn,2014,0.307737
8419,brn,2015,0.44478
8419,brn,2016,0.336121
8419,btn,1995,0.54977
8419,btn,1996,0.53105
8419,btn,1997,0.485613
8419,btn,1998,0.635298
8419,btn,1999,0.596518
8419,btn,2000,0.466181
8419,btn,2001,0.477553
8419,btn,2002,0.484576
8419,btn,2003,0.552671
8419,btn,2004,0.567431
8419,btn,2005,0.594041
8419,btn,2006,0.451305
8419,btn,2007,0.533918
8419,btn,2008,0.502458
8419,btn,2009,0.529615
8419,btn,2010,0.487349
8419,btn,2011,0.497
8419,btn,2012,0.443292
8419,btn,2013,0.322248
8419,btn,2014,0.321044
8419,btn,2015,0.461685
8419,btn,2016,0.344
8419,caf,1995,0.553791
8419,caf,1996,0.536692
8419,caf,1997,0.486383
8419,caf,1998,0.639551
8419,caf,1999,0.603145
8419,caf,2000,0.486426
8419,caf,2001,0.49813
8419,caf,2002,0.499902
8419,caf,2003,0.590244
8419,caf,2004,0.576077
8419,caf,2005,0.597445
8419,caf,2006,0.456899
8419,caf,2007,0.542995
8419,caf,2008,0.496416
8419,caf,2009,0.523041
8419,caf,2010,0.48338
8419,caf,2011,0.501876
8419,caf,2012,0.448563
8419,caf,2013,0.329762
8419,caf,2014,0.32069
8419,caf,2015,0.443166
8419,caf,2016,0.353285
8419,can,1995,0.449614
8419,can,1996,0.427846
8419,can,1997,0.396217
8419,can,1998,0.538128
8419,can,1999,0.511395
8419,can,2000,0.395815
8419,can,2001,0.418652
8419,can,2002,0.400212
8419,can,2003,0.466585
8419,can,2004,0.476897
8419,can,2005,0.507534
8419,can,2006,0.37098
8419,can,2007,0.459801
8419,can,2008,0.449053
8419,can,2009,0.455934
8419,can,2010,0.424908
8419,can,2011,0.431148
8419,can,2012,0.384086
8419,can,2013,0.291637
8419,can,2014,0.273059
8419,can,2015,0.408939
8419,can,2016,0.302797
8419,cck,1995,0.566667
8419,cck,1996,0.514294
8419,cck,1997,0.469301
8419,cck,1998,0.632989
8419,cck,1999,0.585769
8419,cck,2000,0.450595
8419,cck,2001,0.449408
8419,cck,2002,0.488955
8419,cck,2003,0.549332
8419,cck,2004,0.5574
8419,cck,2005,0.567093
8419,cck,2006,0.419629
8419,cck,2007,0.507428
8419,cck,2008,0.465971
8419,cck,2009,0.50724
8419,cck,2010,0.471663
8419,cck,2011,0.47712
8419,cck,2012,0.393697
8419,cck,2013,0.287323
8419,cck,2014,0.296735
8419,cck,2015,0.420122
8419,cck,2016,0.309551
8419,che,1995,0
8419,che,1996,0
8419,che,1997,0
8419,che,1998,0
8419,che,1999,0
8419,che,2000,0
8419,che,2001,0
8419,che,2002,0
8419,che,2003,0
8419,che,2004,0
8419,che,2005,0
8419,che,2006,0
8419,che,2007,0
8419,che,2008,0
8419,che,2009,0
8419,che,2010,0
8419,che,2011,0
8419,che,2012,0
8419,che,2013,0
8419,che,2014,0
8419,che,2015,0
8419,che,2016,0
8419,chl,1995,0.583643
8419,chl,1996,0.550922
8419,chl,1997,0.517449
8419,chl,1998,0.656452
8419,chl,1999,0.627113
8419,chl,2000,0.52287
8419,chl,2001,0.534358
8419,chl,2002,0.536183
8419,chl,2003,0.611353
8419,chl,2004,0.599322
8419,chl,2005,0.625969
8419,chl,2006,0.484285
8419,chl,2007,0.565757
8419,chl,2008,0.537008
8419,chl,2009,0.556553
8419,chl,2010,0.522843
8419,chl,2011,0.533062
8419,chl,2012,0.4838
8419,chl,2013,0.371683
8419,chl,2014,0.376483
8419,chl,2015,0.499023
8419,chl,2016,0.39051
8419,chn,1995,0.581597
8419,chn,1996,0.532352
8419,chn,1997,0.502816
8419,chn,1998,0.619892
8419,chn,1999,0.587472
8419,chn,2000,0.503181
8419,chn,2001,0.502692
8419,chn,2002,0.497417
8419,chn,2003,0.550525
8419,chn,2004,0.545012
8419,chn,2005,0.529081
8419,chn,2006,0.400409
8419,chn,2007,0.440647
8419,chn,2008,0.381695
8419,chn,2009,0.422569
8419,chn,2010,0.360411
8419,chn,2011,0.33366
8419,chn,2012,0.295931
8419,chn,2013,0.19193
8419,chn,2014,0.179424
8419,chn,2015,0.292515
8419,chn,2016,0
8419,civ,1995,0.579801
8419,civ,1996,0.55673
8419,civ,1997,0.524401
8419,civ,1998,0.663025
8419,civ,1999,0.608001
8419,civ,2000,0.526594
8419,civ,2001,0.544807
8419,civ,2002,0.544204
8419,civ,2003,0.606174
8419,civ,2004,0.610261
8419,civ,2005,0.630158
8419,civ,2006,0.494094
8419,civ,2007,0.572802
8419,civ,2008,0.535742
8419,civ,2009,0.553814
8419,civ,2010,0.522427
8419,civ,2011,0.526442
8419,civ,2012,0.488065
8419,civ,2013,0.364085
8419,civ,2014,0.372766
8419,civ,2015,0.481845
8419,civ,2016,0.388262
8419,cmr,1995,0.572962
8419,cmr,1996,0.546019
8419,cmr,1997,0.515446
8419,cmr,1998,0.656297
8419,cmr,1999,0.616927
8419,cmr,2000,0.50669
8419,cmr,2001,0.518867
8419,cmr,2002,0.530536
8419,cmr,2003,0.60345
8419,cmr,2004,0.600597
8419,cmr,2005,0.62519
8419,cmr,2006,0.474769
8419,cmr,2007,0.555704
8419,cmr,2008,0.519786
8419,cmr,2009,0.552198
8419,cmr,2010,0.514678
8419,cmr,2011,0.519069
8419,cmr,2012,0.478036
8419,cmr,2013,0.358016
8419,cmr,2014,0.342587
8419,cmr,2015,0.47709
8419,cmr,2016,0.382662
8419,cod,1995,0.559766
8419,cod,1996,0.53613
8419,cod,1997,0.502466
8419,cod,1998,0.65187
8419,cod,1999,0.606114
8419,cod,2000,0.483786
8419,cod,2001,0.503832
8419,cod,2002,0.515453
8419,cod,2003,0.589715
8419,cod,2004,0.59192
8419,cod,2005,0.619276
8419,cod,2006,0.479573
8419,cod,2007,0.564587
8419,cod,2008,0.517635
8419,cod,2009,0.545222
8419,cod,2010,0.499828
8419,cod,2011,0.50765
8419,cod,2012,0.456908
8419,cod,2013,0.336876
8419,cod,2014,0.331455
8419,cod,2015,0.465642
8419,cod,2016,0.362119
8419,cog,1995,0.553124
8419,cog,1996,0.528878
8419,cog,1997,0.49287
8419,cog,1998,0.65157
8419,cog,1999,0.606311
8419,cog,2000,0.487928
8419,cog,2001,0.504133
8419,cog,2002,0.514264
8419,cog,2003,0.589652
8419,cog,2004,0.588812
8419,cog,2005,0.615536
8419,cog,2006,0.467198
8419,cog,2007,0.551413
8419,cog,2008,0.511173
8419,cog,2009,0.539563
8419,cog,2010,0.493494
8419,cog,2011,0.501528
8419,cog,2012,0.455542
8419,cog,2013,0.333573
8419,cog,2014,0.323304
8419,cog,2015,0.465149
8419,cog,2016,0.360651
8419,cok,1995,0
8419,cok,1996,0.519892
8419,cok,1997,0.482016
8419,cok,1998,0.633882
8419,cok,1999,0.596382
8419,cok,2000,0.494858
8419,cok,2001,0.486468
8419,cok,2002,0.489824
8419,cok,2003,0.563701
8419,cok,2004,0.570134
8419,cok,2005,0.59862
8419,cok,2006,0.427737
8419,cok,2007,0
8419,cok,2008,0.478361
8419,cok,2009,0.498401
8419,cok,2010,0.475419
8419,cok,2011,0.493814
8419,cok,2012,0.440932
8419,cok,2013,0.308554
8419,cok,2014,0.31159
8419,cok,2015,0.448461
8419,cok,2016,0.340632
8419,col,1995,0.568063
8419,col,1996,0.539161
8419,col,1997,0.500025
8419,col,1998,0.643923
8419,col,1999,0.606311
8419,col,2000,0.497614
8419,col,2001,0.504713
8419,col,2002,0.509749
8419,col,2003,0.60408
8419,col,2004,0.60668
8419,col,2005,0.628181
8419,col,2006,0.477766
8419,col,2007,0.555545
8419,col,2008,0.512909
8419,col,2009,0.530175
8419,col,2010,0.501551
8419,col,2011,0.50804
8419,col,2012,0.454187
8419,col,2013,0.337725
8419,col,2014,0.331991
8419,col,2015,0.470587
8419,col,2016,0.36537
8419,com,1995,0.542319
8419,com,1996,0.526957
8419,com,1997,0.47616
8419,com,1998,0.620241
8419,com,1999,0.591118
8419,com,2000,0.488365
8419,com,2001,0.490661
8419,com,2002,0.504937
8419,com,2003,0.585042
8419,com,2004,0.579095
8419,com,2005,0.605791
8419,com,2006,0.452077
8419,com,2007,0.545866
8419,com,2008,0.492084
8419,com,2009,0.525851
8419,com,2010,0.469916
8419,com,2011,0.494572
8419,com,2012,0.445497
8419,com,2013,0.33122
8419,com,2014,0.327276
8419,com,2015,0.458836
8419,com,2016,0.342077
8419,cpv,1995,0.542974
8419,cpv,1996,0.5232
8419,cpv,1997,0
8419,cpv,1998,0.629651
8419,cpv,1999,0.594867
8419,cpv,2000,0.468255
8419,cpv,2001,0.491924
8419,cpv,2002,0.506644
8419,cpv,2003,0.567239
8419,cpv,2004,0.582722
8419,cpv,2005,0.595562
8419,cpv,2006,0.453539
8419,cpv,2007,0.529067
8419,cpv,2008,0.489834
8419,cpv,2009,0.527219
8419,cpv,2010,0.479978
8419,cpv,2011,0.489753
8419,cpv,2012,0.448265
8419,cpv,2013,0.331234
8419,cpv,2014,0.324105
8419,cpv,2015,0.453889
8419,cpv,2016,0.337256
8419,cri,1995,0.580546
8419,cri,1996,0.559185
8419,cri,1997,0.51425
8419,cri,1998,0.658292
8419,cri,1999,0.615509
8419,cri,2000,0.515094
8419,cri,2001,0.510382
8419,cri,2002,0.512648
8419,cri,2003,0.600373
8419,cri,2004,0.58411
8419,cri,2005,0.61302
8419,cri,2006,0.47089
8419,cri,2007,0.555583
8419,cri,2008,0.506684
8419,cri,2009,0.53803
8419,cri,2010,0.499067
8419,cri,2011,0.505691
8419,cri,2012,0.447963
8419,cri,2013,0.335011
8419,cri,2014,0.322826
8419,cri,2015,0.460223
8419,cri,2016,0.342889
8419,cub,1995,0.555926
8419,cub,1996,0.532992
8419,cub,1997,0.492117
8419,cub,1998,0.643078
8419,cub,1999,0.604977
8419,cub,2000,0.490445
8419,cub,2001,0.504879
8419,cub,2002,0.519702
8419,cub,2003,0.586127
8419,cub,2004,0.569137
8419,cub,2005,0.580982
8419,cub,2006,0.464539
8419,cub,2007,0.549353
8419,cub,2008,0.503268
8419,cub,2009,0.522657
8419,cub,2010,0.487927
8419,cub,2011,0.503556
8419,cub,2012,0.440923
8419,cub,2013,0.331696
8419,cub,2014,0.326572
8419,cub,2015,0.462932
8419,cub,2016,0.354236
8419,cxr,1995,0.531152
8419,cxr,1996,0.513473
8419,cxr,1997,0.484803
8419,cxr,1998,0.639881
8419,cxr,1999,0.596141
8419,cxr,2000,0.475112
8419,cxr,2001,0.48775
8419,cxr,2002,0.494294
8419,cxr,2003,0.561437
8419,cxr,2004,0.574797
8419,cxr,2005,0.581223
8419,cxr,2006,0.438056
8419,cxr,2007,0.502323
8419,cxr,2008,0.48236
8419,cxr,2009,0.508038
8419,cxr,2010,0.46201
8419,cxr,2011,0.472719
8419,cxr,2012,0.428116
8419,cxr,2013,0.302519
8419,cxr,2014,0.295506
8419,cxr,2015,0.434334
8419,cxr,2016,0.329089
8419,cym,1995,0
8419,cym,1996,0.507834
8419,cym,1997,0.47678
8419,cym,1998,0.623065
8419,cym,1999,0.591128
8419,cym,2000,0.471129
8419,cym,2001,0.480762
8419,cym,2002,0.494137
8419,cym,2003,0.574568
8419,cym,2004,0.576248
8419,cym,2005,0.600252
8419,cym,2006,0.442268
8419,cym,2007,0.524163
8419,cym,2008,0.489058
8419,cym,2009,0.509881
8419,cym,2010,0.471385
8419,cym,2011,0.492803
8419,cym,2012,0.430509
8419,cym,2013,0.317659
8419,cym,2014,0.299632
8419,cym,2015,0.443123
8419,cym,2016,0.33382
8419,cyp,1995,0.550659
8419,cyp,1996,0.529447
8419,cyp,1997,0.492075
8419,cyp,1998,0.624049
8419,cyp,1999,0.581278
8419,cyp,2000,0.482844
8419,cyp,2001,0.491643
8419,cyp,2002,0.484051
8419,cyp,2003,0.566224
8419,cyp,2004,0.525311
8419,cyp,2005,0.55494
8419,cyp,2006,0.419373
8419,cyp,2007,0.45827
8419,cyp,2008,0.391591
8419,cyp,2009,0.421129
8419,cyp,2010,0.418756
8419,cyp,2011,0.450864
8419,cyp,2012,0.402192
8419,cyp,2013,0.318207
8419,cyp,2014,0.283509
8419,cyp,2015,0.420271
8419,cyp,2016,0.330533
8419,cze,1995,0.319977
8419,cze,1996,0.291214
8419,cze,1997,0.266993
8419,cze,1998,0.407057
8419,cze,1999,0.370119
8419,cze,2000,0
8419,cze,2001,0
8419,cze,2002,0.24691
8419,cze,2003,0
8419,cze,2004,0
8419,cze,2005,0
8419,cze,2006,0
8419,cze,2007,0
8419,cze,2008,0
8419,cze,2009,0
8419,cze,2010,0
8419,cze,2011,0
8419,cze,2012,0
8419,cze,2013,0
8419,cze,2014,0
8419,cze,2015,0
8419,cze,2016,0.104779
8419,deu,1995,0
8419,deu,1996,0
8419,deu,1997,0
8419,deu,1998,0
8419,deu,1999,0
8419,deu,2000,0
8419,deu,2001,0
8419,deu,2002,0
8419,deu,2003,0
8419,deu,2004,0
8419,deu,2005,0
8419,deu,2006,0
8419,deu,2007,0
8419,deu,2008,0
8419,deu,2009,0
8419,deu,2010,0
8419,deu,2011,0
8419,deu,2012,0
8419,deu,2013,0
8419,deu,2014,0
8419,deu,2015,0
8419,deu,2016,0
8419,dji,1995,0.525158
8419,dji,1996,0.532631
8419,dji,1997,0
8419,dji,1998,0.615625
8419,dji,1999,0.588751
8419,dji,2000,0.484282
8419,dji,2001,0.48792
8419,dji,2002,0.479448
8419,dji,2003,0.602477
8419,dji,2004,0.576677
8419,dji,2005,0.568802
8419,dji,2006,0.470671
8419,dji,2007,0.551452
8419,dji,2008,0.511842
8419,dji,2009,0.526551
8419,dji,2010,0.488833
8419,dji,2011,0.505103
8419,dji,2012,0.450328
8419,dji,2013,0.341198
8419,dji,2014,0.320785
8419,dji,2015,0.464073
8419,dji,2016,0.335908
8419,dma,1995,0
8419,dma,1996,0.485414
8419,dma,1997,0.431255
8419,dma,1998,0.594025
8419,dma,1999,0
8419,dma,2000,0.419875
8419,dma,2001,0.435558
8419,dma,2002,0.484819
8419,dma,2003,0.560808
8419,dma,2004,0.546633
8419,dma,2005,0.59007
8419,dma,2006,0.433294
8419,dma,2007,0.504433
8419,dma,2008,0
8419,dma,2009,0.500663
8419,dma,2010,0.446516
8419,dma,2011,0.492841
8419,dma,2012,0.42111
8419,dma,2013,0.322772
8419,dma,2014,0.304171
8419,dma,2015,0.441467
8419,dma,2016,0.334426
8419,dnk,1995,0
8419,dnk,1996,0
8419,dnk,1997,0
8419,dnk,1998,0
8419,dnk,1999,0
8419,dnk,2000,0
8419,dnk,2001,0
8419,dnk,2002,0
8419,dnk,2003,0
8419,dnk,2004,0
8419,dnk,2005,0
8419,dnk,2006,0
8419,dnk,2007,0
8419,dnk,2008,0
8419,dnk,2009,0
8419,dnk,2010,0
8419,dnk,2011,0
8419,dnk,2012,0
8419,dnk,2013,0
8419,dnk,2014,0
8419,dnk,2015,0
8419,dnk,2016,0
8419,dom,1995,0.579932
8419,dom,1996,0.556467
8419,dom,1997,0.523856
8419,dom,1998,0.657103
8419,dom,1999,0.621679
8419,dom,2000,0.520091
8419,dom,2001,0.539071
8419,dom,2002,0.537466
8419,dom,2003,0.61206
8419,dom,2004,0.608037
8419,dom,2005,0.628695
8419,dom,2006,0.495725
8419,dom,2007,0.563724
8419,dom,2008,0.534021
8419,dom,2009,0.562252
8419,dom,2010,0.536928
8419,dom,2011,0.539553
8419,dom,2012,0.49958
8419,dom,2013,0.400943
8419,dom,2014,0.404049
8419,dom,2015,0.504204
8419,dom,2016,0.407594
8419,dza,1995,0.559292
8419,dza,1996,0.529943
8419,dza,1997,0.494854
8419,dza,1998,0.6546
8419,dza,1999,0.607493
8419,dza,2000,0.486636
8419,dza,2001,0.496138
8419,dza,2002,0.513705
8419,dza,2003,0.588027
8419,dza,2004,0.583448
8419,dza,2005,0.606872
8419,dza,2006,0.453149
8419,dza,2007,0.544102
8419,dza,2008,0.500276
8419,dza,2009,0.528235
8419,dza,2010,0.488831
8419,dza,2011,0.500121
8419,dza,2012,0.443972
8419,dza,2013,0.32427
8419,dza,2014,0.316169
8419,dza,2015,0.457349
8419,dza,2016,0.345517
8419,ecu,1995,0.58446
8419,ecu,1996,0.563265
8419,ecu,1997,0.528754
8419,ecu,1998,0.665606
8419,ecu,1999,0.622601
8419,ecu,2000,0.526365
8419,ecu,2001,0.53671
8419,ecu,2002,0.543082
8419,ecu,2003,0.616554
8419,ecu,2004,0.611822
8419,ecu,2005,0.632123
8419,ecu,2006,0.487692
8419,ecu,2007,0.578259
8419,ecu,2008,0.527632
8419,ecu,2009,0.557424
8419,ecu,2010,0.511973
8419,ecu,2011,0.529333
8419,ecu,2012,0.475715
8419,ecu,2013,0.364615
8419,ecu,2014,0.362507
8419,ecu,2015,0.486561
8419,ecu,2016,0.384781
8419,egy,1995,0.592891
8419,egy,1996,0.573666
8419,egy,1997,0.528313
8419,egy,1998,0.67852
8419,egy,1999,0.647117
8419,egy,2000,0.55648
8419,egy,2001,0.562367
8419,egy,2002,0.554913
8419,egy,2003,0.622789
8419,egy,2004,0.617329
8419,egy,2005,0.640681
8419,egy,2006,0.496602
8419,egy,2007,0.572833
8419,egy,2008,0.541425
8419,egy,2009,0.594633
8419,egy,2010,0.56402
8419,egy,2011,0.555119
8419,egy,2012,0.511427
8419,egy,2013,0.418175
8419,egy,2014,0.41261
8419,egy,2015,0.519339
8419,egy,2016,0.414187
8419,eri,1995,0.533493
8419,eri,1996,0
8419,eri,1997,0.495312
8419,eri,1998,0
8419,eri,1999,0.575252
8419,eri,2000,0.491037
8419,eri,2001,0.469811
8419,eri,2002,0.468772
8419,eri,2003,0.551768
8419,eri,2004,0.539793
8419,eri,2005,0.597628
8419,eri,2006,0.43744
8419,eri,2007,0.542862
8419,eri,2008,0.48637
8419,eri,2009,0.496528
8419,eri,2010,0.48164
8419,eri,2011,0.502767
8419,eri,2012,0.444666
8419,eri,2013,0.331382
8419,eri,2014,0.324359
8419,eri,2015,0.451209
8419,eri,2016,0.346935
8419,esh,1995,0.544057
8419,esh,1996,0.519713
8419,esh,1997,0.478557
8419,esh,1998,0.634524
8419,esh,1999,0.597614
8419,esh,2000,0.46527
8419,esh,2001,0.492791
8419,esh,2002,0.495001
8419,esh,2003,0.56263
8419,esh,2004,0.563995
8419,esh,2005,0.587515
8419,esh,2006,0.440941
8419,esh,2007,0.518406
8419,esh,2008,0.486661
8419,esh,2009,0.51173
8419,esh,2010,0.469854
8419,esh,2011,0.468377
8419,esh,2012,0.392901
8419,esh,2013,0.298503
8419,esh,2014,0.29861
8419,esh,2015,0.432701
8419,esh,2016,0.328481
8419,esp,1995,0.401141
8419,esp,1996,0.384678
8419,esp,1997,0.346201
8419,esp,1998,0.4958
8419,esp,1999,0.466274
8419,esp,2000,0
8419,esp,2001,0.321893
8419,esp,2002,0.346581
8419,esp,2003,0.437215
8419,esp,2004,0.426347
8419,esp,2005,0.447725
8419,esp,2006,0.331484
8419,esp,2007,0.379605
8419,esp,2008,0.357234
8419,esp,2009,0.381436
8419,esp,2010,0.347625
8419,esp,2011,0.352409
8419,esp,2012,0.329727
8419,esp,2013,0
8419,esp,2014,0
8419,esp,2015,0.369345
8419,esp,2016,0.278919
8419,est,1995,0
8419,est,1996,0
8419,est,1997,0
8419,est,1998,0.593957
8419,est,1999,0.56905
8419,est,2000,0.477294
8419,est,2001,0.469987
8419,est,2002,0
8419,est,2003,0.540313
8419,est,2004,0
8419,est,2005,0.550801
8419,est,2006,0.407158
8419,est,2007,0.45873
8419,est,2008,0
8419,est,2009,0.447018
8419,est,2010,0.406989
8419,est,2011,0
8419,est,2012,0
8419,est,2013,0
8419,est,2014,0
8419,est,2015,0.377891
8419,est,2016,0.256024
8419,eth,1995,0.560766
8419,eth,1996,0.532803
8419,eth,1997,0.502812
8419,eth,1998,0.653647
8419,eth,1999,0.61811
8419,eth,2000,0.514759
8419,eth,2001,0.532488
8419,eth,2002,0.539664
8419,eth,2003,0.612751
8419,eth,2004,0.620618
8419,eth,2005,0.640209
8419,eth,2006,0.495727
8419,eth,2007,0.585773
8419,eth,2008,0.540173
8419,eth,2009,0.562227
8419,eth,2010,0.543496
8419,eth,2011,0.545539
8419,eth,2012,0.496172
8419,eth,2013,0.383608
8419,eth,2014,0.37861
8419,eth,2015,0.496224
8419,eth,2016,0.40054
8419,fin,1995,0
8419,fin,1996,0
8419,fin,1997,0.291481
8419,fin,1998,0
8419,fin,1999,0.376084
8419,fin,2000,0.269754
8419,fin,2001,0
8419,fin,2002,0
8419,fin,2003,0
8419,fin,2004,0
8419,fin,2005,0
8419,fin,2006,0
8419,fin,2007,0
8419,fin,2008,0
8419,fin,2009,0
8419,fin,2010,0
8419,fin,2011,0
8419,fin,2012,0
8419,fin,2013,0
8419,fin,2014,0
8419,fin,2015,0
8419,fin,2016,0
8419,fji,1995,0.584526
8419,fji,1996,0.54759
8419,fji,1997,0.518218
8419,fji,1998,0.66857
8419,fji,1999,0.63003
8419,fji,2000,0.54385
8419,fji,2001,0.535396
8419,fji,2002,0.5383
8419,fji,2003,0.623205
8419,fji,2004,0.628239
8419,fji,2005,0.636484
8419,fji,2006,0.504828
8419,fji,2007,0.579158
8419,fji,2008,0.546239
8419,fji,2009,0.578296
8419,fji,2010,0.530463
8419,fji,2011,0.540252
8419,fji,2012,0.492495
8419,fji,2013,0.389827
8419,fji,2014,0.385074
8419,fji,2015,0.496935
8419,fji,2016,0.380921
8419,flk,1995,0.534023
8419,flk,1996,0.51848
8419,flk,1997,0.465714
8419,flk,1998,0.629663
8419,flk,1999,0.587843
8419,flk,2000,0.470477
8419,flk,2001,0.484363
8419,flk,2002,0.499198
8419,flk,2003,0
8419,flk,2004,0.575193
8419,flk,2005,0.606535
8419,flk,2006,0.445614
8419,flk,2007,0.542891
8419,flk,2008,0.49807
8419,flk,2009,0.526053
8419,flk,2010,0.484901
8419,flk,2011,0.493635
8419,flk,2012,0.441876
8419,flk,2013,0.322442
8419,flk,2014,0.31267
8419,flk,2015,0.44345
8419,flk,2016,0.339013
8419,fra,1995,0
8419,fra,1996,0
8419,fra,1997,0
8419,fra,1998,0
8419,fra,1999,0
8419,fra,2000,0
8419,fra,2001,0
8419,fra,2002,0
8419,fra,2003,0
8419,fra,2004,0
8419,fra,2005,0
8419,fra,2006,0
8419,fra,2007,0
8419,fra,2008,0
8419,fra,2009,0
8419,fra,2010,0
8419,fra,2011,0
8419,fra,2012,0
8419,fra,2013,0
8419,fra,2014,0
8419,fra,2015,0
8419,fra,2016,0.152878
8419,fro,1995,0.555157
8419,fro,1996,0.526423
8419,fro,1997,0.490019
8419,fro,1998,0.644956
8419,fro,1999,0.604479
8419,fro,2000,0.484992
8419,fro,2001,0.502116
8419,fro,2002,0.498003
8419,fro,2003,0.584879
8419,fro,2004,0.585512
8419,fro,2005,0.614376
8419,fro,2006,0.45044
8419,fro,2007,0.544862
8419,fro,2008,0.500826
8419,fro,2009,0.531048
8419,fro,2010,0.494253
8419,fro,2011,0.500944
8419,fro,2012,0.4455
8419,fro,2013,0.326325
8419,fro,2014,0.322244
8419,fro,2015,0.453793
8419,fro,2016,0.346108
8419,fsm,1995,0.55604
8419,fsm,1996,0.533293
8419,fsm,1997,0.494167
8419,fsm,1998,0.650897
8419,fsm,1999,0.605884
8419,fsm,2000,0.494728
8419,fsm,2001,0.505068
8419,fsm,2002,0.513714
8419,fsm,2003,0.5888
8419,fsm,2004,0.585594
8419,fsm,2005,0.610623
8419,fsm,2006,0.453121
8419,fsm,2007,0.534172
8419,fsm,2008,0.499894
8419,fsm,2009,0.532219
8419,fsm,2010,0.494
8419,fsm,2011,0.502584
8419,fsm,2012,0.446533
8419,fsm,2013,0.320878
8419,fsm,2014,0.313151
8419,fsm,2015,0.450955
8419,fsm,2016,0.340049
8419,gab,1995,0.552661
8419,gab,1996,0.526674
8419,gab,1997,0.485521
8419,gab,1998,0.648632
8419,gab,1999,0.607061
8419,gab,2000,0.480824
8419,gab,2001,0.500708
8419,gab,2002,0.505206
8419,gab,2003,0.584656
8419,gab,2004,0.582771
8419,gab,2005,0.611832
8419,gab,2006,0.459664
8419,gab,2007,0.545038
8419,gab,2008,0.498947
8419,gab,2009,0.524025
8419,gab,2010,0.488171
8419,gab,2011,0.498247
8419,gab,2012,0.447354
8419,gab,2013,0.33007
8419,gab,2014,0.316108
8419,gab,2015,0.456425
8419,gab,2016,0.350523
8419,gbr,1995,0.211461
8419,gbr,1996,0.193805
8419,gbr,1997,0.135057
8419,gbr,1998,0.235351
8419,gbr,1999,0.242867
8419,gbr,2000,0.138068
8419,gbr,2001,0.167993
8419,gbr,2002,0.187493
8419,gbr,2003,0.2392
8419,gbr,2004,0.227796
8419,gbr,2005,0.24553
8419,gbr,2006,0.162443
8419,gbr,2007,0.218982
8419,gbr,2008,0.17673
8419,gbr,2009,0.206821
8419,gbr,2010,0.177973
8419,gbr,2011,0.21426
8419,gbr,2012,0.193611
8419,gbr,2013,0.098467
8419,gbr,2014,0.063525
8419,gbr,2015,0.224213
8419,gbr,2016,0.131357
8419,geo,1995,0.497309
8419,geo,1996,0.503833
8419,geo,1997,0.492251
8419,geo,1998,0.596454
8419,geo,1999,0.580831
8419,geo,2000,0.470574
8419,geo,2001,0.472506
8419,geo,2002,0.482077
8419,geo,2003,0.578082
8419,geo,2004,0.563527
8419,geo,2005,0.607417
8419,geo,2006,0.451197
8419,geo,2007,0.542557
8419,geo,2008,0.519259
8419,geo,2009,0.524062
8419,geo,2010,0.507394
8419,geo,2011,0
8419,geo,2012,0.471259
8419,geo,2013,0.365121
8419,geo,2014,0.358818
8419,geo,2015,0.485851
8419,geo,2016,0.384239
8419,gha,1995,0.564925
8419,gha,1996,0.546148
8419,gha,1997,0.521038
8419,gha,1998,0.6617
8419,gha,1999,0.618955
8419,gha,2000,0.524581
8419,gha,2001,0.538688
8419,gha,2002,0.532489
8419,gha,2003,0.624683
8419,gha,2004,0.613962
8419,gha,2005,0.634548
8419,gha,2006,0.494883
8419,gha,2007,0.582009
8419,gha,2008,0.534586
8419,gha,2009,0.566328
8419,gha,2010,0.530221
8419,gha,2011,0.529557
8419,gha,2012,0.480723
8419,gha,2013,0.3624
8419,gha,2014,0.366123
8419,gha,2015,0.480892
8419,gha,2016,0.380318
8419,gib,1995,0.533626
8419,gib,1996,0.503671
8419,gib,1997,0.462513
8419,gib,1998,0.622335
8419,gib,1999,0.586732
8419,gib,2000,0.466107
8419,gib,2001,0.478356
8419,gib,2002,0.47821
8419,gib,2003,0.553224
8419,gib,2004,0.560563
8419,gib,2005,0.597201
8419,gib,2006,0.427903
8419,gib,2007,0.520999
8419,gib,2008,0.4735
8419,gib,2009,0.503953
8419,gib,2010,0.479517
8419,gib,2011,0.479002
8419,gib,2012,0.432495
8419,gib,2013,0.313238
8419,gib,2014,0.307622
8419,gib,2015,0.447933
8419,gib,2016,0.331296
8419,gin,1995,0.557514
8419,gin,1996,0.536231
8419,gin,1997,0.501537
8419,gin,1998,0.651114
8419,gin,1999,0.611215
8419,gin,2000,0.493997
8419,gin,2001,0.513425
8419,gin,2002,0.520206
8419,gin,2003,0.597235
8419,gin,2004,0.592724
8419,gin,2005,0.618587
8419,gin,2006,0.475087
8419,gin,2007,0.555654
8419,gin,2008,0.519295
8419,gin,2009,0.540234
8419,gin,2010,0.495529
8419,gin,2011,0.506511
8419,gin,2012,0.455333
8419,gin,2013,0.334721
8419,gin,2014,0.341635
8419,gin,2015,0.466039
8419,gin,2016,0.364942
8419,glp,1995,0.530962
8419,gmb,1995,0.553475
8419,gmb,1996,0.533952
8419,gmb,1997,0.491279
8419,gmb,1998,0.642689
8419,gmb,1999,0.604287
8419,gmb,2000,0.479403
8419,gmb,2001,0.47389
8419,gmb,2002,0.484403
8419,gmb,2003,0.559296
8419,gmb,2004,0.559091
8419,gmb,2005,0.582804
8419,gmb,2006,0.450629
8419,gmb,2007,0.554808
8419,gmb,2008,0.49295
8419,gmb,2009,0.541814
8419,gmb,2010,0.507813
8419,gmb,2011,0.507252
8419,gmb,2012,0.450316
8419,gmb,2013,0.337007
8419,gmb,2014,0.328737
8419,gmb,2015,0.462525
8419,gmb,2016,0.352636
8419,gnb,1995,0.55196
8419,gnb,1996,0.527866
8419,gnb,1997,0.501163
8419,gnb,1998,0.64434
8419,gnb,1999,0.60318
8419,gnb,2000,0.48761
8419,gnb,2001,0.495052
8419,gnb,2002,0.494332
8419,gnb,2003,0.562558
8419,gnb,2004,0.588665
8419,gnb,2005,0.617642
8419,gnb,2006,0.456754
8419,gnb,2007,0.549615
8419,gnb,2008,0.505992
8419,gnb,2009,0.521466
8419,gnb,2010,0.486789
8419,gnb,2011,0.49008
8419,gnb,2012,0.447882
8419,gnb,2013,0.325067
8419,gnb,2014,0.313846
8419,gnb,2015,0.453524
8419,gnb,2016,0.346959
8419,gnq,1995,0.554382
8419,gnq,1996,0.527615
8419,gnq,1997,0.492786
8419,gnq,1998,0.644359
8419,gnq,1999,0.602054
8419,gnq,2000,0.481431
8419,gnq,2001,0.493378
8419,gnq,2002,0.509735
8419,gnq,2003,0.579951
8419,gnq,2004,0.579644
8419,gnq,2005,0.6056
8419,gnq,2006,0.45002
8419,gnq,2007,0.543018
8419,gnq,2008,0.496441
8419,gnq,2009,0.526333
8419,gnq,2010,0.48562
8419,gnq,2011,0.496557
8419,gnq,2012,0.440661
8419,gnq,2013,0.318506
8419,gnq,2014,0.309615
8419,gnq,2015,0.449683
8419,gnq,2016,0.340604
8419,grc,1995,0.579622
8419,grc,1996,0.539752
8419,grc,1997,0.512764
8419,grc,1998,0.645981
8419,grc,1999,0.6081
8419,grc,2000,0
8419,grc,2001,0.50056
8419,grc,2002,0.499067
8419,grc,2003,0.579038
8419,grc,2004,0.56118
8419,grc,2005,0.59156
8419,grc,2006,0.46656
8419,grc,2007,0.536276
8419,grc,2008,0.496796
8419,grc,2009,0.541734
8419,grc,2010,0.509919
8419,grc,2011,0.515801
8419,grc,2012,0.473692
8419,grc,2013,0.364756
8419,grc,2014,0.355088
8419,grc,2015,0.478915
8419,grc,2016,0.38361
8419,grd,1995,0.537589
8419,grd,1996,0.512823
8419,grd,1997,0.481751
8419,grd,1998,0.635409
8419,grd,1999,0.597581
8419,grd,2000,0.477033
8419,grd,2001,0.477592
8419,grd,2002,0.485691
8419,grd,2003,0.560165
8419,grd,2004,0.567578
8419,grd,2005,0.598395
8419,grd,2006,0.441504
8419,grd,2007,0.533203
8419,grd,2008,0.465469
8419,grd,2009,0.512783
8419,grd,2010,0.485997
8419,grd,2011,0.493298
8419,grd,2012,0.432868
8419,grd,2013,0.321713
8419,grd,2014,0.320405
8419,grd,2015,0.447171
8419,grd,2016,0.332446
8419,grl,1995,0.552133
8419,grl,1996,0.526719
8419,grl,1997,0.489399
8419,grl,1998,0.648769
8419,grl,1999,0.604082
8419,grl,2000,0.487175
8419,grl,2001,0.489004
8419,grl,2002,0.505088
8419,grl,2003,0.586051
8419,grl,2004,0.582913
8419,grl,2005,0.607894
8419,grl,2006,0.459575
8419,grl,2007,0.550842
8419,grl,2008,0.500535
8419,grl,2009,0.534503
8419,grl,2010,0.484797
8419,grl,2011,0.499965
8419,grl,2012,0.448924
8419,grl,2013,0.327358
8419,grl,2014,0.322096
8419,grl,2015,0.455699
8419,grl,2016,0.348072
8419,gtm,1995,0.586265
8419,gtm,1996,0.563903
8419,gtm,1997,0.531423
8419,gtm,1998,0.669771
8419,gtm,1999,0.634483
8419,gtm,2000,0.555295
8419,gtm,2001,0.565251
8419,gtm,2002,0.564044
8419,gtm,2003,0.625314
8419,gtm,2004,0.626821
8419,gtm,2005,0.654484
8419,gtm,2006,0.515482
8419,gtm,2007,0.592376
8419,gtm,2008,0.556425
8419,gtm,2009,0.584452
8419,gtm,2010,0.556159
8419,gtm,2011,0.563022
8419,gtm,2012,0.520947
8419,gtm,2013,0.429401
8419,gtm,2014,0.429522
8419,gtm,2015,0.517686
8419,gtm,2016,0.428361
8419,guf,1995,0.535351
8419,guy,1995,0.561114
8419,guy,1996,0.528235
8419,guy,1997,0.498685
8419,guy,1998,0.651476
8419,guy,1999,0.607728
8419,guy,2000,0.501031
8419,guy,2001,0.513867
8419,guy,2002,0.52217
8419,guy,2003,0.59802
8419,guy,2004,0.600402
8419,guy,2005,0.612541
8419,guy,2006,0.476254
8419,guy,2007,0.560031
8419,guy,2008,0.516878
8419,guy,2009,0.545723
8419,guy,2010,0.510648
8419,guy,2011,0.51898
8419,guy,2012,0.461101
8419,guy,2013,0.352044
8419,guy,2014,0.347156
8419,guy,2015,0.46791
8419,guy,2016,0.355539
8419,hkg,1995,0.524773
8419,hkg,1996,0.475705
8419,hkg,1997,0.431965
8419,hkg,1998,0.577824
8419,hkg,1999,0.51999
8419,hkg,2000,0.443375
8419,hkg,2001,0.461652
8419,hkg,2002,0.454549
8419,hkg,2003,0.561526
8419,hkg,2004,0.495867
8419,hkg,2005,0.534743
8419,hkg,2006,0.421166
8419,hkg,2007,0.446607
8419,hkg,2008,0.442293
8419,hkg,2009,0.474888
8419,hkg,2010,0.40691
8419,hkg,2011,0.425794
8419,hkg,2012,0.372285
8419,hkg,2013,0.302528
8419,hkg,2014,0.258193
8419,hkg,2015,0.400505
8419,hkg,2016,0.299516
8419,hnd,1995,0.591194
8419,hnd,1996,0.561479
8419,hnd,1997,0.528034
8419,hnd,1998,0.675445
8419,hnd,1999,0.638751
8419,hnd,2000,0.539098
8419,hnd,2001,0.550317
8419,hnd,2002,0.552809
8419,hnd,2003,0.62126
8419,hnd,2004,0.621682
8419,hnd,2005,0.645143
8419,hnd,2006,0.512885
8419,hnd,2007,0.591891
8419,hnd,2008,0.558558
8419,hnd,2009,0.576875
8419,hnd,2010,0.537589
8419,hnd,2011,0.552366
8419,hnd,2012,0.505937
8419,hnd,2013,0.407043
8419,hnd,2014,0.412177
8419,hnd,2015,0.516271
8419,hnd,2016,0.412292
8419,hrv,1995,0.509183
8419,hrv,1996,0.486709
8419,hrv,1997,0.457807
8419,hrv,1998,0.598295
8419,hrv,1999,0.581502
8419,hrv,2000,0.453313
8419,hrv,2001,0.473676
8419,hrv,2002,0.461917
8419,hrv,2003,0.5401
8419,hrv,2004,0.513901
8419,hrv,2005,0.530378
8419,hrv,2006,0.387096
8419,hrv,2007,0.457608
8419,hrv,2008,0.404053
8419,hrv,2009,0.446008
8419,hrv,2010,0.41123
8419,hrv,2011,0.414751
8419,hrv,2012,0.372028
8419,hrv,2013,0.267695
8419,hrv,2014,0.27255
8419,hrv,2015,0.404741
8419,hrv,2016,0.285114
8419,hti,1995,0.590375
8419,hti,1996,0.557467
8419,hti,1997,0.525931
8419,hti,1998,0.664394
8419,hti,1999,0.623932
8419,hti,2000,0.522666
8419,hti,2001,0.532193
8419,hti,2002,0.543215
8419,hti,2003,0.617026
8419,hti,2004,0.609021
8419,hti,2005,0.630368
8419,hti,2006,0.485039
8419,hti,2007,0.564309
8419,hti,2008,0.522967
8419,hti,2009,0.555803
8419,hti,2010,0.510132
8419,hti,2011,0.523532
8419,hti,2012,0.46781
8419,hti,2013,0.357527
8419,hti,2014,0.360001
8419,hti,2015,0.476409
8419,hti,2016,0.381854
8419,hun,1995,0.464372
8419,hun,1996,0.448049
8419,hun,1997,0.430904
8419,hun,1998,0.557697
8419,hun,1999,0.535249
8419,hun,2000,0
8419,hun,2001,0
8419,hun,2002,0.395151
8419,hun,2003,0.450666
8419,hun,2004,0.454196
8419,hun,2005,0.45251
8419,hun,2006,0.289523
8419,hun,2007,0.368412
8419,hun,2008,0.345299
8419,hun,2009,0.37231
8419,hun,2010,0
8419,hun,2011,0
8419,hun,2012,0
8419,hun,2013,0
8419,hun,2014,0
8419,hun,2015,0
8419,hun,2016,0
8419,idn,1995,0.627295
8419,idn,1996,0.594842
8419,idn,1997,0.5605
8419,idn,1998,0.682098
8419,idn,1999,0.63596
8419,idn,2000,0.555012
8419,idn,2001,0.562249
8419,idn,2002,0.558634
8419,idn,2003,0.618278
8419,idn,2004,0.615543
8419,idn,2005,0.63057
8419,idn,2006,0.511165
8419,idn,2007,0.563966
8419,idn,2008,0.524893
8419,idn,2009,0.562321
8419,idn,2010,0.531334
8419,idn,2011,0.537388
8419,idn,2012,0.490624
8419,idn,2013,0.396089
8419,idn,2014,0
8419,idn,2015,0.495605
8419,idn,2016,0
8419,ind,1995,0.576668
8419,ind,1996,0.53233
8419,ind,1997,0.484324
8419,ind,1998,0.603267
8419,ind,1999,0.564432
8419,ind,2000,0.500009
8419,ind,2001,0.488367
8419,ind,2002,0.498727
8419,ind,2003,0.56236
8419,ind,2004,0.558156
8419,ind,2005,0.569593
8419,ind,2006,0.457359
8419,ind,2007,0.518784
8419,ind,2008,0.496997
8419,ind,2009,0
8419,ind,2010,0
8419,ind,2011,0.500145
8419,ind,2012,0.452901
8419,ind,2013,0.362858
8419,ind,2014,0.357805
8419,ind,2015,0.446414
8419,ind,2016,0.377059
8419,iot,1995,0.546478
8419,iot,1996,0.515267
8419,iot,1997,0.481623
8419,iot,1998,0.629456
8419,iot,1999,0.600927
8419,iot,2000,0.482005
8419,iot,2001,0.491864
8419,iot,2002,0.501124
8419,iot,2003,0.552634
8419,iot,2004,0.521366
8419,iot,2005,0.578225
8419,iot,2006,0.406698
8419,iot,2007,0
8419,iot,2008,0
8419,iot,2009,0
8419,iot,2010,0.46056
8419,iot,2011,0.469788
8419,iot,2012,0.413443
8419,iot,2013,0.314629
8419,iot,2014,0.303368
8419,iot,2015,0.442336
8419,iot,2016,0.329776
8419,irl,1995,0.454068
8419,irl,1996,0.427042
8419,irl,1997,0.401679
8419,irl,1998,0.55706
8419,irl,1999,0.520437
8419,irl,2000,0.410978
8419,irl,2001,0.415761
8419,irl,2002,0.433896
8419,irl,2003,0.495431
8419,irl,2004,0.501188
8419,irl,2005,0.53066
8419,irl,2006,0.382995
8419,irl,2007,0.462026
8419,irl,2008,0.404834
8419,irl,2009,0.434779
8419,irl,2010,0.402205
8419,irl,2011,0.414601
8419,irl,2012,0.379259
8419,irl,2013,0.269401
8419,irl,2014,0.255232
8419,irl,2015,0.389546
8419,irl,2016,0.283951
8419,irn,1995,0.559781
8419,irn,1996,0.532661
8419,irn,1997,0.505147
8419,irn,1998,0.653463
8419,irn,1999,0.619948
8419,irn,2000,0.506743
8419,irn,2001,0.522394
8419,irn,2002,0.534199
8419,irn,2003,0.609173
8419,irn,2004,0.599162
8419,irn,2005,0.619613
8419,irn,2006,0.472089
8419,irn,2007,0.560703
8419,irn,2008,0.519961
8419,irn,2009,0.549813
8419,irn,2010,0.518073
8419,irn,2011,0.515536
8419,irn,2012,0.4747
8419,irn,2013,0.367076
8419,irn,2014,0.348644
8419,irn,2015,0.487105
8419,irn,2016,0.374416
8419,irq,1995,0.549537
8419,irq,1996,0.503196
8419,irq,1997,0.485394
8419,irq,1998,0.642846
8419,irq,1999,0.59944
8419,irq,2000,0.477952
8419,irq,2001,0.490135
8419,irq,2002,0.502264
8419,irq,2003,0.582961
8419,irq,2004,0.580344
8419,irq,2005,0.601763
8419,irq,2006,0.449353
8419,irq,2007,0.540628
8419,irq,2008,0.496485
8419,irq,2009,0.524007
8419,irq,2010,0.483346
8419,irq,2011,0.494107
8419,irq,2012,0.44049
8419,irq,2013,0.31945
8419,irq,2014,0.308781
8419,irq,2015,0.448333
8419,irq,2016,0.339394
8419,isl,1995,0.551603
8419,isl,1996,0.532014
8419,isl,1997,0.488953
8419,isl,1998,0.636617
8419,isl,1999,0.583761
8419,isl,2000,0.477633
8419,isl,2001,0.497257
8419,isl,2002,0.494108
8419,isl,2003,0.578668
8419,isl,2004,0.566715
8419,isl,2005,0.601609
8419,isl,2006,0.442777
8419,isl,2007,0.531374
8419,isl,2008,0.48709
8419,isl,2009,0.518774
8419,isl,2010,0.478244
8419,isl,2011,0.491859
8419,isl,2012,0.433406
8419,isl,2013,0.318547
8419,isl,2014,0.312539
8419,isl,2015,0.447987
8419,isl,2016,0.344303
8419,isr,1995,0.434224
8419,isr,1996,0
8419,isr,1997,0.367263
8419,isr,1998,0.481326
8419,isr,1999,0.454844
8419,isr,2000,0.372788
8419,isr,2001,0.393821
8419,isr,2002,0.398054
8419,isr,2003,0.478779
8419,isr,2004,0.450552
8419,isr,2005,0.46886
8419,isr,2006,0.333817
8419,isr,2007,0.443233
8419,isr,2008,0.376733
8419,isr,2009,0.409785
8419,isr,2010,0
8419,isr,2011,0.386778
8419,isr,2012,0.33446
8419,isr,2013,0.234611
8419,isr,2014,0.227375
8419,isr,2015,0.357181
8419,isr,2016,0.245648
8419,ita,1995,0
8419,ita,1996,0
8419,ita,1997,0
8419,ita,1998,0
8419,ita,1999,0
8419,ita,2000,0
8419,ita,2001,0
8419,ita,2002,0
8419,ita,2003,0
8419,ita,2004,0
8419,ita,2005,0
8419,ita,2006,0
8419,ita,2007,0
8419,ita,2008,0
8419,ita,2009,0
8419,ita,2010,0
8419,ita,2011,0
8419,ita,2012,0
8419,ita,2013,0
8419,ita,2014,0
8419,ita,2015,0
8419,ita,2016,0
8419,jam,1995,0.575455
8419,jam,1996,0.537222
8419,jam,1997,0.518765
8419,jam,1998,0.65369
8419,jam,1999,0.618442
8419,jam,2000,0.512808
8419,jam,2001,0.516144
8419,jam,2002,0.529036
8419,jam,2003,0.601468
8419,jam,2004,0.591749
8419,jam,2005,0.624766
8419,jam,2006,0.470431
8419,jam,2007,0.560705
8419,jam,2008,0.518046
8419,jam,2009,0.54436
8419,jam,2010,0.509122
8419,jam,2011,0.509868
8419,jam,2012,0.4671
8419,jam,2013,0.36338
8419,jam,2014,0.361078
8419,jam,2015,0.477622
8419,jam,2016,0.374144
8419,jor,1995,0.531566
8419,jor,1996,0.532525
8419,jor,1997,0.485844
8419,jor,1998,0.634432
8419,jor,1999,0.596454
8419,jor,2000,0.494105
8419,jor,2001,0.488485
8419,jor,2002,0.502657
8419,jor,2003,0.600474
8419,jor,2004,0.600377
8419,jor,2005,0.611525
8419,jor,2006,0.475416
8419,jor,2007,0.550077
8419,jor,2008,0.508173
8419,jor,2009,0.547337
8419,jor,2010,0.507387
8419,jor,2011,0.515447
8419,jor,2012,0.468882
8419,jor,2013,0.377433
8419,jor,2014,0.367265
8419,jor,2015,0.491459
8419,jor,2016,0.377201
8419,jpn,1995,0
8419,jpn,1996,0
8419,jpn,1997,0
8419,jpn,1998,0
8419,jpn,1999,0
8419,jpn,2000,0
8419,jpn,2001,0
8419,jpn,2002,0
8419,jpn,2003,0
8419,jpn,2004,0
8419,jpn,2005,0
8419,jpn,2006,0
8419,jpn,2007,0.140781
8419,jpn,2008,0
8419,jpn,2009,0
8419,jpn,2010,0
8419,jpn,2011,0
8419,jpn,2012,0
8419,jpn,2013,0
8419,jpn,2014,0
8419,jpn,2015,0
8419,jpn,2016,0
8419,kaz,1995,0.553973
8419,kaz,1996,0.514923
8419,kaz,1997,0.494021
8419,kaz,1998,0.63747
8419,kaz,1999,0.60184
8419,kaz,2000,0.48765
8419,kaz,2001,0.503529
8419,kaz,2002,0.509658
8419,kaz,2003,0.588645
8419,kaz,2004,0.579461
8419,kaz,2005,0.605579
8419,kaz,2006,0.458341
8419,kaz,2007,0.550816
8419,kaz,2008,0.515251
8419,kaz,2009,0.544706
8419,kaz,2010,0.503037
8419,kaz,2011,0.50797
8419,kaz,2012,0.46205
8419,kaz,2013,0.347447
8419,kaz,2014,0.331041
8419,kaz,2015,0.470464
8419,kaz,2016,0.361893
8419,ken,1995,0.591613
8419,ken,1996,0.573495
8419,ken,1997,0.533446
8419,ken,1998,0.663225
8419,ken,1999,0.637005
8419,ken,2000,0.558798
8419,ken,2001,0.564599
8419,ken,2002,0.56585
8419,ken,2003,0.636373
8419,ken,2004,0.63438
8419,ken,2005,0.668013
8419,ken,2006,0.537598
8419,ken,2007,0.604455
8419,ken,2008,0.555909
8419,ken,2009,0.595147
8419,ken,2010,0.571956
8419,ken,2011,0.56138
8419,ken,2012,0.512424
8419,ken,2013,0.42825
8419,ken,2014,0.431747
8419,ken,2015,0.512126
8419,ken,2016,0.431271
8419,kgz,1995,0.547645
8419,kgz,1996,0.512701
8419,kgz,1997,0.505232
8419,kgz,1998,0.652218
8419,kgz,1999,0.619732
8419,kgz,2000,0.483799
8419,kgz,2001,0.508401
8419,kgz,2002,0
8419,kgz,2003,0.594011
8419,kgz,2004,0.598918
8419,kgz,2005,0.630878
8419,kgz,2006,0
8419,kgz,2007,0.565835
8419,kgz,2008,0.52899
8419,kgz,2009,0.56363
8419,kgz,2010,0.53924
8419,kgz,2011,0.541772
8419,kgz,2012,0
8419,kgz,2013,0
8419,kgz,2014,0.376644
8419,kgz,2015,0.476785
8419,kgz,2016,0.371994
8419,khm,1995,0.570961
8419,khm,1996,0.548144
8419,khm,1997,0.515512
8419,khm,1998,0.660894
8419,khm,1999,0.624943
8419,khm,2000,0.521159
8419,khm,2001,0.538623
8419,khm,2002,0.53916
8419,khm,2003,0.607055
8419,khm,2004,0.612266
8419,khm,2005,0.63824
8419,khm,2006,0.491157
8419,khm,2007,0.576095
8419,khm,2008,0.530221
8419,khm,2009,0.562542
8419,khm,2010,0.523995
8419,khm,2011,0.534017
8419,khm,2012,0.488708
8419,khm,2013,0.38666
8419,khm,2014,0.393996
8419,khm,2015,0.492697
8419,khm,2016,0.409225
8419,kir,1995,0.545467
8419,kir,1996,0.519877
8419,kir,1997,0.484605
8419,kir,1998,0.645192
8419,kir,1999,0.598046
8419,kir,2000,0.482838
8419,kir,2001,0.484392
8419,kir,2002,0.49914
8419,kir,2003,0.578511
8419,kir,2004,0.580222
8419,kir,2005,0.605552
8419,kir,2006,0.43896
8419,kir,2007,0.536493
8419,kir,2008,0.497697
8419,kir,2009,0.533919
8419,kir,2010,0.479487
8419,kir,2011,0.488836
8419,kir,2012,0.444228
8419,kir,2013,0.317822
8419,kir,2014,0.309892
8419,kir,2015,0.451144
8419,kir,2016,0.338465
8419,kna,1995,0.533569
8419,kna,1996,0.507784
8419,kna,1997,0.466273
8419,kna,1998,0.621363
8419,kna,1999,0.587472
8419,kna,2000,0.472589
8419,kna,2001,0.479632
8419,kna,2002,0.488814
8419,kna,2003,0.561685
8419,kna,2004,0.566279
8419,kna,2005,0.584228
8419,kna,2006,0.436882
8419,kna,2007,0.517489
8419,kna,2008,0
8419,kna,2009,0.502996
8419,kna,2010,0.473322
8419,kna,2011,0.477626
8419,kna,2012,0.430854
8419,kna,2013,0.310647
8419,kna,2014,0.290023
8419,kna,2015,0.43808
8419,kna,2016,0.329609
8419,kor,1995,0
8419,kor,1996,0.466935
8419,kor,1997,0.420212
8419,kor,1998,0.561258
8419,kor,1999,0.542276
8419,kor,2000,0
8419,kor,2001,0
8419,kor,2002,0
8419,kor,2003,0
8419,kor,2004,0
8419,kor,2005,0
8419,kor,2006,0
8419,kor,2007,0
8419,kor,2008,0
8419,kor,2009,0
8419,kor,2010,0
8419,kor,2011,0
8419,kor,2012,0
8419,kor,2013,0
8419,kor,2014,0
8419,kor,2015,0
8419,kor,2016,0
8419,kwt,1995,0.549901
8419,kwt,1996,0.5229
8419,kwt,1997,0.488971
8419,kwt,1998,0.64292
8419,kwt,1999,0.601798
8419,kwt,2000,0.47921
8419,kwt,2001,0.490917
8419,kwt,2002,0.502809
8419,kwt,2003,0.579934
8419,kwt,2004,0.57725
8419,kwt,2005,0.603032
8419,kwt,2006,0.447774
8419,kwt,2007,0.542298
8419,kwt,2008,0.497261
8419,kwt,2009,0.524127
8419,kwt,2010,0.482078
8419,kwt,2011,0.495787
8419,kwt,2012,0.442258
8419,kwt,2013,0.319722
8419,kwt,2014,0.313387
8419,kwt,2015,0.454523
8419,kwt,2016,0.343894
8419,lao,1995,0.574677
8419,lao,1996,0.548855
8419,lao,1997,0.521423
8419,lao,1998,0.664324
8419,lao,1999,0.624618
8419,lao,2000,0.513715
8419,lao,2001,0.531727
8419,lao,2002,0.549522
8419,lao,2003,0.612781
8419,lao,2004,0.617289
8419,lao,2005,0.646666
8419,lao,2006,0.498502
8419,lao,2007,0.579706
8419,lao,2008,0.540971
8419,lao,2009,0.570825
8419,lao,2010,0.537049
8419,lao,2011,0.5424
8419,lao,2012,0.492519
8419,lao,2013,0.397003
8419,lao,2014,0.394954
8419,lao,2015,0.500073
8419,lao,2016,0.402097
8419,lbn,1995,0.572356
8419,lbn,1996,0.545096
8419,lbn,1997,0.491
8419,lbn,1998,0.63553
8419,lbn,1999,0
8419,lbn,2000,0.506191
8419,lbn,2001,0.524059
8419,lbn,2002,0.506259
8419,lbn,2003,0.589914
8419,lbn,2004,0.56791
8419,lbn,2005,0.579513
8419,lbn,2006,0.44026
8419,lbn,2007,0.492628
8419,lbn,2008,0.471496
8419,lbn,2009,0.516317
8419,lbn,2010,0.486617
8419,lbn,2011,0.50676
8419,lbn,2012,0.449297
8419,lbn,2013,0.351319
8419,lbn,2014,0.34012
8419,lbn,2015,0.471935
8419,lbn,2016,0.360218
8419,lbr,1995,0.547202
8419,lbr,1996,0.522168
8419,lbr,1997,0.490799
8419,lbr,1998,0.644451
8419,lbr,1999,0.594501
8419,lbr,2000,0.477473
8419,lbr,2001,0.493042
8419,lbr,2002,0.498381
8419,lbr,2003,0.573977
8419,lbr,2004,0.57412
8419,lbr,2005,0.599416
8419,lbr,2006,0.450012
8419,lbr,2007,0.54275
8419,lbr,2008,0.497664
8419,lbr,2009,0.518948
8419,lbr,2010,0.482143
8419,lbr,2011,0.497061
8419,lbr,2012,0.452414
8419,lbr,2013,0.324935
8419,lbr,2014,0.3143
8419,lbr,2015,0.456764
8419,lbr,2016,0.346219
8419,lby,1995,0.549849
8419,lby,1996,0.523794
8419,lby,1997,0.492982
8419,lby,1998,0.645825
8419,lby,1999,0.603593
8419,lby,2000,0.481823
8419,lby,2001,0.495994
8419,lby,2002,0.502963
8419,lby,2003,0.582155
8419,lby,2004,0.579267
8419,lby,2005,0.607459
8419,lby,2006,0.451184
8419,lby,2007,0.544497
8419,lby,2008,0.501814
8419,lby,2009,0.527345
8419,lby,2010,0.485424
8419,lby,2011,0.497201
8419,lby,2012,0.441608
8419,lby,2013,0.325812
8419,lby,2014,0.319188
8419,lby,2015,0.459921
8419,lby,2016,0.352101
8419,lca,1995,0.548051
8419,lca,1996,0.527605
8419,lca,1997,0
8419,lca,1998,0.641659
8419,lca,1999,0
8419,lca,2000,0
8419,lca,2001,0
8419,lca,2002,0
8419,lca,2003,0
8419,lca,2004,0
8419,lca,2005,0
8419,lca,2006,0
8419,lca,2007,0
8419,lca,2008,0
8419,lca,2009,0
8419,lca,2010,0.474285
8419,lca,2011,0.492086
8419,lca,2012,0.439549
8419,lca,2013,0.323225
8419,lca,2014,0.314577
8419,lca,2015,0.446601
8419,lca,2016,0.33876
8419,lka,1995,0.613936
8419,lka,1996,0.586634
8419,lka,1997,0.547676
8419,lka,1998,0.684481
8419,lka,1999,0.656988
8419,lka,2000,0.569484
8419,lka,2001,0.571048
8419,lka,2002,0.578058
8419,lka,2003,0.637821
8419,lka,2004,0.633347
8419,lka,2005,0.656379
8419,lka,2006,0.533255
8419,lka,2007,0.596669
8419,lka,2008,0.546718
8419,lka,2009,0.588186
8419,lka,2010,0.560737
8419,lka,2011,0.54572
8419,lka,2012,0.50828
8419,lka,2013,0.412384
8419,lka,2014,0.42416
8419,lka,2015,0.514137
8419,lka,2016,0.444595
8419,ltu,1995,0.555107
8419,ltu,1996,0.51847
8419,ltu,1997,0.484423
8419,ltu,1998,0.636422
8419,ltu,1999,0.61511
8419,ltu,2000,0.512491
8419,ltu,2001,0
8419,ltu,2002,0.521451
8419,ltu,2003,0.587542
8419,ltu,2004,0.565851
8419,ltu,2005,0.591422
8419,ltu,2006,0.440408
8419,ltu,2007,0.486272
8419,ltu,2008,0.470576
8419,ltu,2009,0
8419,ltu,2010,0
8419,ltu,2011,0
8419,ltu,2012,0
8419,ltu,2013,0
8419,ltu,2014,0
8419,ltu,2015,0
8419,ltu,2016,0
8419,lva,1995,0.565379
8419,lva,1996,0.528577
8419,lva,1997,0.490263
8419,lva,1998,0.623475
8419,lva,1999,0.602625
8419,lva,2000,0.481129
8419,lva,2001,0.491105
8419,lva,2002,0.4939
8419,lva,2003,0.550296
8419,lva,2004,0.569266
8419,lva,2005,0.5797
8419,lva,2006,0
8419,lva,2007,0.49184
8419,lva,2008,0.454149
8419,lva,2009,0.479336
8419,lva,2010,0.45004
8419,lva,2011,0.445671
8419,lva,2012,0.404861
8419,lva,2013,0.322022
8419,lva,2014,0.315655
8419,lva,2015,0
8419,lva,2016,0.346418
8419,mac,1995,0.581317
8419,mac,1996,0.551091
8419,mac,1997,0.513744
8419,mac,1998,0.658442
8419,mac,1999,0.619908
8419,mac,2000,0.514248
8419,mac,2001,0.523757
8419,mac,2002,0.525859
8419,mac,2003,0.595328
8419,mac,2004,0.59679
8419,mac,2005,0.609584
8419,mac,2006,0.466157
8419,mac,2007,0.536076
8419,mac,2008,0.489952
8419,mac,2009,0.507893
8419,mac,2010,0.460027
8419,mac,2011,0.475115
8419,mac,2012,0.412432
8419,mac,2013,0.331041
8419,mac,2014,0.306478
8419,mac,2015,0.442371
8419,mac,2016,0.341307
8419,mar,1995,0.622085
8419,mar,1996,0.596321
8419,mar,1997,0.554893
8419,mar,1998,0.700597
8419,mar,1999,0.663495
8419,mar,2000,0.571785
8419,mar,2001,0.575834
8419,mar,2002,0.573579
8419,mar,2003,0.641001
8419,mar,2004,0.641245
8419,mar,2005,0.656665
8419,mar,2006,0.526686
8419,mar,2007,0.601464
8419,mar,2008,0.563578
8419,mar,2009,0.587665
8419,mar,2010,0.551212
8419,mar,2011,0.564271
8419,mar,2012,0.512273
8419,mar,2013,0.423231
8419,mar,2014,0.427918
8419,mar,2015,0.529332
8419,mar,2016,0.434017
8419,mda,1995,0.548591
8419,mda,1996,0.537093
8419,mda,1997,0.49426
8419,mda,1998,0.652434
8419,mda,1999,0.624276
8419,mda,2000,0.504409
8419,mda,2001,0.514483
8419,mda,2002,0.525654
8419,mda,2003,0.581293
8419,mda,2004,0.601626
8419,mda,2005,0.617534
8419,mda,2006,0.470416
8419,mda,2007,0.53763
8419,mda,2008,0.51548
8419,mda,2009,0.545369
8419,mda,2010,0.520006
8419,mda,2011,0.526182
8419,mda,2012,0.482894
8419,mda,2013,0
8419,mda,2014,0
8419,mda,2015,0
8419,mda,2016,0
8419,mdg,1995,0.610945
8419,mdg,1996,0.584397
8419,mdg,1997,0.558428
8419,mdg,1998,0.68095
8419,mdg,1999,0.650757
8419,mdg,2000,0.559042
8419,mdg,2001,0.565445
8419,mdg,2002,0.576934
8419,mdg,2003,0.64495
8419,mdg,2004,0.644147
8419,mdg,2005,0.66187
8419,mdg,2006,0.531448
8419,mdg,2007,0.592532
8419,mdg,2008,0.564628
8419,mdg,2009,0.604529
8419,mdg,2010,0.568035
8419,mdg,2011,0.555332
8419,mdg,2012,0.513516
8419,mdg,2013,0.418175
8419,mdg,2014,0.416839
8419,mdg,2015,0.503465
8419,mdg,2016,0.433876
8419,mdv,1995,0.560727
8419,mdv,1996,0.534367
8419,mdv,1997,0.495819
8419,mdv,1998,0.65184
8419,mdv,1999,0.610915
8419,mdv,2000,0.50061
8419,mdv,2001,0.504231
8419,mdv,2002,0.519128
8419,mdv,2003,0.592868
8419,mdv,2004,0.583571
8419,mdv,2005,0.596491
8419,mdv,2006,0.446733
8419,mdv,2007,0.549474
8419,mdv,2008,0.497253
8419,mdv,2009,0.525967
8419,mdv,2010,0.488858
8419,mdv,2011,0.500399
8419,mdv,2012,0.447291
8419,mdv,2013,0.324842
8419,mdv,2014,0.32062
8419,mdv,2015,0.452882
8419,mdv,2016,0.345826
8419,mex,1995,0.517893
8419,mex,1996,0.476343
8419,mex,1997,0.456039
8419,mex,1998,0.589055
8419,mex,1999,0.551645
8419,mex,2000,0.43779
8419,mex,2001,0.429153
8419,mex,2002,0.431451
8419,mex,2003,0.502734
8419,mex,2004,0.502142
8419,mex,2005,0.498508
8419,mex,2006,0.362349
8419,mex,2007,0.455889
8419,mex,2008,0.409993
8419,mex,2009,0.430821
8419,mex,2010,0.380527
8419,mex,2011,0.407109
8419,mex,2012,0.352414
8419,mex,2013,0.246391
8419,mex,2014,0.228649
8419,mex,2015,0.369139
8419,mex,2016,0.264343
8419,mhl,1995,0.544596
8419,mhl,1996,0.508361
8419,mhl,1997,0.482532
8419,mhl,1998,0.643732
8419,mhl,1999,0.596634
8419,mhl,2000,0.47294
8419,mhl,2001,0.490794
8419,mhl,2002,0.499942
8419,mhl,2003,0.585634
8419,mhl,2004,0.574277
8419,mhl,2005,0.607072
8419,mhl,2006,0.455107
8419,mhl,2007,0.545732
8419,mhl,2008,0.49798
8419,mhl,2009,0.530222
8419,mhl,2010,0.478705
8419,mhl,2011,0.493075
8419,mhl,2012,0.44407
8419,mhl,2013,0.325318
8419,mhl,2014,0.312315
8419,mhl,2015,0.448988
8419,mhl,2016,0.337693
8419,mkd,1995,0.551583
8419,mkd,1996,0.53737
8419,mkd,1997,0.50556
8419,mkd,1998,0.660686
8419,mkd,1999,0.628656
8419,mkd,2000,0.518256
8419,mkd,2001,0.535609
8419,mkd,2002,0.537455
8419,mkd,2003,0.61296
8419,mkd,2004,0.609997
8419,mkd,2005,0.635223
8419,mkd,2006,0.509863
8419,mkd,2007,0.574502
8419,mkd,2008,0.539349
8419,mkd,2009,0.568883
8419,mkd,2010,0.533486
8419,mkd,2011,0.538545
8419,mkd,2012,0.4879
8419,mkd,2013,0.385626
8419,mkd,2014,0.372688
8419,mkd,2015,0.485357
8419,mkd,2016,0.365664
8419,mli,1995,0.567105
8419,mli,1996,0.540929
8419,mli,1997,0.507559
8419,mli,1998,0.654159
8419,mli,1999,0.619096
8419,mli,2000,0.508808
8419,mli,2001,0.514363
8419,mli,2002,0.522477
8419,mli,2003,0.602539
8419,mli,2004,0.59092
8419,mli,2005,0.624828
8419,mli,2006,0.483307
8419,mli,2007,0.568947
8419,mli,2008,0.521528
8419,mli,2009,0.558399
8419,mli,2010,0.527497
8419,mli,2011,0.533908
8419,mli,2012,0.474029
8419,mli,2013,0.356185
8419,mli,2014,0.349763
8419,mli,2015,0.468961
8419,mli,2016,0.369791
8419,mlt,1995,0.533161
8419,mlt,1996,0
8419,mlt,1997,0
8419,mlt,1998,0
8419,mlt,1999,0
8419,mlt,2000,0
8419,mlt,2001,0
8419,mlt,2002,0
8419,mlt,2003,0
8419,mlt,2004,0
8419,mlt,2005,0
8419,mlt,2006,0
8419,mlt,2007,0
8419,mlt,2008,0.473847
8419,mlt,2009,0.48707
8419,mlt,2010,0.438672
8419,mlt,2011,0.45028
8419,mlt,2012,0.405864
8419,mlt,2013,0.30605
8419,mlt,2014,0.293805
8419,mlt,2015,0.434281
8419,mlt,2016,0.322516
8419,mmr,1995,0.590483
8419,mmr,1996,0.563103
8419,mmr,1997,0.532159
8419,mmr,1998,0.67815
8419,mmr,1999,0.63815
8419,mmr,2000,0.543213
8419,mmr,2001,0.553596
8419,mmr,2002,0.555577
8419,mmr,2003,0.62621
8419,mmr,2004,0.617033
8419,mmr,2005,0.643008
8419,mmr,2006,0.507779
8419,mmr,2007,0.574405
8419,mmr,2008,0.539577
8419,mmr,2009,0.569697
8419,mmr,2010,0.534403
8419,mmr,2011,0.54051
8419,mmr,2012,0.493751
8419,mmr,2013,0.386501
8419,mmr,2014,0.377381
8419,mmr,2015,0.503021
8419,mmr,2016,0.418296
8419,mng,1995,0.573812
8419,mng,1996,0.538502
8419,mng,1997,0.500231
8419,mng,1998,0.660929
8419,mng,1999,0.616168
8419,mng,2000,0.519081
8419,mng,2001,0.523183
8419,mng,2002,0.541105
8419,mng,2003,0.622079
8419,mng,2004,0.616675
8419,mng,2005,0.64426
8419,mng,2006,0.495813
8419,mng,2007,0.572213
8419,mng,2008,0.523682
8419,mng,2009,0.553262
8419,mng,2010,0.513867
8419,mng,2011,0.51619
8419,mng,2012,0.466453
8419,mng,2013,0.353047
8419,mng,2014,0.335548
8419,mng,2015,0.47671
8419,mng,2016,0.371315
8419,mnp,1995,0.547529
8419,mnp,1996,0.517705
8419,mnp,1997,0.48812
8419,mnp,1998,0.637614
8419,mnp,1999,0.600958
8419,mnp,2000,0.479368
8419,mnp,2001,0.504267
8419,mnp,2002,0.494856
8419,mnp,2003,0.596281
8419,mnp,2004,0.582364
8419,mnp,2005,0.616396
8419,mnp,2006,0.456265
8419,mnp,2007,0.554976
8419,mnp,2008,0.507167
8419,mnp,2009,0.500258
8419,mnp,2010,0.484508
8419,mnp,2011,0.486863
8419,mnp,2012,0.41797
8419,mnp,2013,0.30729
8419,mnp,2014,0.28512
8419,mnp,2015,0.434823
8419,mnp,2016,0.324255
8419,moz,1995,0.567548
8419,moz,1996,0.546449
8419,moz,1997,0.498337
8419,moz,1998,0.639684
8419,moz,1999,0.601862
8419,moz,2000,0.508455
8419,moz,2001,0.518347
8419,moz,2002,0.527527
8419,moz,2003,0.600283
8419,moz,2004,0.601234
8419,moz,2005,0.625806
8419,moz,2006,0.480946
8419,moz,2007,0.565607
8419,moz,2008,0.533232
8419,moz,2009,0.554162
8419,moz,2010,0.531947
8419,moz,2011,0.532098
8419,moz,2012,0.48437
8419,moz,2013,0.374406
8419,moz,2014,0.369174
8419,moz,2015,0.495716
8419,moz,2016,0.39558
8419,mrt,1995,0.55469
8419,mrt,1996,0.530787
8419,mrt,1997,0.490631
8419,mrt,1998,0.644395
8419,mrt,1999,0.604045
8419,mrt,2000,0.489326
8419,mrt,2001,0.500858
8419,mrt,2002,0.518213
8419,mrt,2003,0.585021
8419,mrt,2004,0.587536
8419,mrt,2005,0.613233
8419,mrt,2006,0.464823
8419,mrt,2007,0.552504
8419,mrt,2008,0.511369
8419,mrt,2009,0.534369
8419,mrt,2010,0.49758
8419,mrt,2011,0.504071
8419,mrt,2012,0.459294
8419,mrt,2013,0.33868
8419,mrt,2014,0.330305
8419,mrt,2015,0.461776
8419,mrt,2016,0.358651
8419,msr,1995,0.541938
8419,msr,1996,0.512757
8419,msr,1997,0.47107
8419,msr,1998,0.604978
8419,msr,1999,0.554837
8419,msr,2000,0
8419,msr,2001,0.477377
8419,msr,2002,0.452358
8419,msr,2003,0.57138
8419,msr,2004,0.563971
8419,msr,2005,0.571755
8419,msr,2006,0.410548
8419,msr,2007,0.505042
8419,msr,2008,0.46618
8419,msr,2009,0.48712
8419,msr,2010,0.456296
8419,msr,2011,0.453622
8419,msr,2012,0.393633
8419,msr,2013,0.285803
8419,msr,2014,0.292497
8419,msr,2015,0.412154
8419,msr,2016,0
8419,mtq,1995,0.535387
8419,mus,1995,0.579647
8419,mus,1996,0.54704
8419,mus,1997,0.51626
8419,mus,1998,0.662592
8419,mus,1999,0.618379
8419,mus,2000,0.521652
8419,mus,2001,0.533415
8419,mus,2002,0.53628
8419,mus,2003,0.612985
8419,mus,2004,0.604478
8419,mus,2005,0.628961
8419,mus,2006,0.490109
8419,mus,2007,0.578324
8419,mus,2008,0.531537
8419,mus,2009,0.564141
8419,mus,2010,0.511431
8419,mus,2011,0.520298
8419,mus,2012,0.464656
8419,mus,2013,0.385422
8419,mus,2014,0.374127
8419,mus,2015,0.494221
8419,mus,2016,0.396782
8419,mwi,1995,0.582412
8419,mwi,1996,0.55471
8419,mwi,1997,0.516495
8419,mwi,1998,0.658452
8419,mwi,1999,0.621394
8419,mwi,2000,0.523514
8419,mwi,2001,0.531654
8419,mwi,2002,0.532926
8419,mwi,2003,0.599769
8419,mwi,2004,0.603343
8419,mwi,2005,0.624416
8419,mwi,2006,0.486744
8419,mwi,2007,0.56587
8419,mwi,2008,0.530684
8419,mwi,2009,0.554196
8419,mwi,2010,0.515228
8419,mwi,2011,0.52693
8419,mwi,2012,0.479505
8419,mwi,2013,0.363601
8419,mwi,2014,0.337058
8419,mwi,2015,0.465623
8419,mwi,2016,0.365278
8419,mys,1995,0.552916
8419,mys,1996,0.527162
8419,mys,1997,0.489089
8419,mys,1998,0.625795
8419,mys,1999,0.568662
8419,mys,2000,0.46974
8419,mys,2001,0.477769
8419,mys,2002,0.480457
8419,mys,2003,0.556429
8419,mys,2004,0.541394
8419,mys,2005,0.575367
8419,mys,2006,0.425038
8419,mys,2007,0.51562
8419,mys,2008,0.465636
8419,mys,2009,0.472305
8419,mys,2010,0.443436
8419,mys,2011,0.450485
8419,mys,2012,0.383412
8419,mys,2013,0.274908
8419,mys,2014,0.261457
8419,mys,2015,0.380722
8419,mys,2016,0.279954
8419,ncl,1995,0.555285
8419,ncl,1996,0.525147
8419,ncl,1997,0.491077
8419,ncl,1998,0.646922
8419,ncl,1999,0
8419,ncl,2000,0.481542
8419,ncl,2001,0
8419,ncl,2002,0
8419,ncl,2003,0
8419,ncl,2004,0
8419,ncl,2005,0
8419,ncl,2006,0
8419,ncl,2007,0.53681
8419,ncl,2008,0
8419,ncl,2009,0
8419,ncl,2010,0.484856
8419,ncl,2011,0.498888
8419,ncl,2012,0.445818
8419,ncl,2013,0.324108
8419,ncl,2014,0.31816
8419,ncl,2015,0.452811
8419,ncl,2016,0.345622
8419,ner,1995,0.542169
8419,ner,1996,0.517929
8419,ner,1997,0.471408
8419,ner,1998,0.631872
8419,ner,1999,0.586889
8419,ner,2000,0.476151
8419,ner,2001,0.472504
8419,ner,2002,0.483612
8419,ner,2003,0.548641
8419,ner,2004,0.571335
8419,ner,2005,0.591694
8419,ner,2006,0.443223
8419,ner,2007,0.515038
8419,ner,2008,0.469845
8419,ner,2009,0.518185
8419,ner,2010,0.48302
8419,ner,2011,0.491424
8419,ner,2012,0.445894
8419,ner,2013,0.32446
8419,ner,2014,0.318152
8419,ner,2015,0.449698
8419,ner,2016,0.345881
8419,nfk,1995,0.546068
8419,nfk,1996,0.508574
8419,nfk,1997,0.460583
8419,nfk,1998,0.622777
8419,nfk,1999,0.582687
8419,nfk,2000,0.469638
8419,nfk,2001,0.466344
8419,nfk,2002,0.486305
8419,nfk,2003,0.559435
8419,nfk,2004,0.5783
8419,nfk,2005,0.587132
8419,nfk,2006,0.430001
8419,nfk,2007,0.522718
8419,nfk,2008,0.460257
8419,nfk,2009,0
8419,nfk,2010,0.470062
8419,nfk,2011,0.467567
8419,nfk,2012,0.416397
8419,nfk,2013,0.293399
8419,nfk,2014,0.288976
8419,nfk,2015,0.424404
8419,nfk,2016,0.313198
8419,nga,1995,0.564269
8419,nga,1996,0.538852
8419,nga,1997,0.504848
8419,nga,1998,0.654564
8419,nga,1999,0.611652
8419,nga,2000,0.494215
8419,nga,2001,0.505605
8419,nga,2002,0.518211
8419,nga,2003,0.58768
8419,nga,2004,0.591101
8419,nga,2005,0.613842
8419,nga,2006,0.465593
8419,nga,2007,0.554165
8419,nga,2008,0.515505
8419,nga,2009,0.537477
8419,nga,2010,0.507573
8419,nga,2011,0.508224
8419,nga,2012,0.468112
8419,nga,2013,0.357606
8419,nga,2014,0.347027
8419,nga,2015,0.468237
8419,nga,2016,0.378108
8419,nic,1995,0.574013
8419,nic,1996,0.55862
8419,nic,1997,0.52056
8419,nic,1998,0.657709
8419,nic,1999,0.626562
8419,nic,2000,0.523943
8419,nic,2001,0.545032
8419,nic,2002,0.53618
8419,nic,2003,0.618152
8419,nic,2004,0.618618
8419,nic,2005,0.639738
8419,nic,2006,0.498135
8419,nic,2007,0.580856
8419,nic,2008,0.547313
8419,nic,2009,0.568998
8419,nic,2010,0.533439
8419,nic,2011,0.542391
8419,nic,2012,0.503087
8419,nic,2013,0.404632
8419,nic,2014,0.393979
8419,nic,2015,0.51032
8419,nic,2016,0.397749
8419,niu,1995,0.536543
8419,niu,1996,0.505684
8419,niu,1997,0.47579
8419,niu,1998,0.634013
8419,niu,1999,0
8419,niu,2000,0.451262
8419,niu,2001,0.461305
8419,niu,2002,0.493973
8419,niu,2003,0.561469
8419,niu,2004,0.557519
8419,niu,2005,0.579395
8419,niu,2006,0.407961
8419,niu,2007,0.50795
8419,niu,2008,0.454488
8419,niu,2009,0.504655
8419,niu,2010,0.479713
8419,niu,2011,0.438818
8419,niu,2012,0.387797
8419,niu,2013,0
8419,niu,2014,0.248422
8419,niu,2015,0.385433
8419,niu,2016,0.292934
8419,nld,1995,0.364354
8419,nld,1996,0.323734
8419,nld,1997,0.309897
8419,nld,1998,0.422577
8419,nld,1999,0.394822
8419,nld,2000,0.31853
8419,nld,2001,0.318411
8419,nld,2002,0.318332
8419,nld,2003,0.391068
8419,nld,2004,0.389362
8419,nld,2005,0.395898
8419,nld,2006,0.271923
8419,nld,2007,0.358957
8419,nld,2008,0.317826
8419,nld,2009,0.334691
8419,nld,2010,0.297966
8419,nld,2011,0.303176
8419,nld,2012,0.263142
8419,nld,2013,0.180774
8419,nld,2014,0.174071
8419,nld,2015,0.26289
8419,nld,2016,0.196652
8419,nor,1995,0.50494
8419,nor,1996,0.470617
8419,nor,1997,0.449888
8419,nor,1998,0.575971
8419,nor,1999,0.545662
8419,nor,2000,0.440236
8419,nor,2001,0.456777
8419,nor,2002,0.447942
8419,nor,2003,0.499252
8419,nor,2004,0.499298
8419,nor,2005,0.534755
8419,nor,2006,0.396995
8419,nor,2007,0.476413
8419,nor,2008,0
8419,nor,2009,0.462753
8419,nor,2010,0.430138
8419,nor,2011,0.461173
8419,nor,2012,0.398678
8419,nor,2013,0.286999
8419,nor,2014,0.271876
8419,nor,2015,0.390744
8419,nor,2016,0.298836
8419,npl,1995,0.59045
8419,npl,1996,0.552754
8419,npl,1997,0.518131
8419,npl,1998,0.668658
8419,npl,1999,0.627948
8419,npl,2000,0.52229
8419,npl,2001,0.528481
8419,npl,2002,0.5381
8419,npl,2003,0.611746
8419,npl,2004,0.606912
8419,npl,2005,0.639254
8419,npl,2006,0.502733
8419,npl,2007,0.573794
8419,npl,2008,0.529858
8419,npl,2009,0.580412
8419,npl,2010,0.533349
8419,npl,2011,0.538974
8419,npl,2012,0.49782
8419,npl,2013,0.391347
8419,npl,2014,0.384742
8419,npl,2015,0.486538
8419,npl,2016,0.40774
8419,nru,1995,0.542037
8419,nru,1996,0.508823
8419,nru,1997,0.466091
8419,nru,1998,0.629443
8419,nru,1999,0.590905
8419,nru,2000,0.461388
8419,nru,2001,0.457929
8419,nru,2002,0.477665
8419,nru,2003,0.56918
8419,nru,2004,0.544125
8419,nru,2005,0.539525
8419,nru,2006,0.408455
8419,nru,2007,0
8419,nru,2008,0.487896
8419,nru,2009,0.50341
8419,nru,2010,0.477381
8419,nru,2011,0.486494
8419,nru,2012,0.438235
8419,nru,2013,0.312906
8419,nru,2014,0.293045
8419,nru,2015,0.420539
8419,nru,2016,0.330593
8419,nzl,1995,0.53032
8419,nzl,1996,0.508629
8419,nzl,1997,0.466128
8419,nzl,1998,0.593694
8419,nzl,1999,0.571351
8419,nzl,2000,0.471465
8419,nzl,2001,0.473307
8419,nzl,2002,0.47887
8419,nzl,2003,0
8419,nzl,2004,0.534323
8419,nzl,2005,0.562011
8419,nzl,2006,0.441676
8419,nzl,2007,0.504928
8419,nzl,2008,0.47308
8419,nzl,2009,0.513667
8419,nzl,2010,0.481538
8419,nzl,2011,0.493315
8419,nzl,2012,0.446507
8419,nzl,2013,0.349299
8419,nzl,2014,0.329798
8419,nzl,2015,0.474397
8419,nzl,2016,0.357187
8419,omn,1995,0.556593
8419,omn,1996,0.526916
8419,omn,1997,0.498778
8419,omn,1998,0.651129
8419,omn,1999,0.6095
8419,omn,2000,0.503902
8419,omn,2001,0.500128
8419,omn,2002,0.509459
8419,omn,2003,0.587935
8419,omn,2004,0.588099
8419,omn,2005,0.611411
8419,omn,2006,0.462871
8419,omn,2007,0.550818
8419,omn,2008,0.507643
8419,omn,2009,0.54219
8419,omn,2010,0.505337
8419,omn,2011,0.512117
8419,omn,2012,0.458127
8419,omn,2013,0.342258
8419,omn,2014,0.331556
8419,omn,2015,0.477082
8419,omn,2016,0.364966
8419,pak,1995,0.60208
8419,pak,1996,0.576348
8419,pak,1997,0.540835
8419,pak,1998,0.683868
8419,pak,1999,0.649245
8419,pak,2000,0.567306
8419,pak,2001,0.563165
8419,pak,2002,0.565247
8419,pak,2003,0.653069
8419,pak,2004,0.647095
8419,pak,2005,0.661419
8419,pak,2006,0.531979
8419,pak,2007,0.605456
8419,pak,2008,0.560996
8419,pak,2009,0.593918
8419,pak,2010,0.583203
8419,pak,2011,0.580582
8419,pak,2012,0.542174
8419,pak,2013,0.452046
8419,pak,2014,0.452324
8419,pak,2015,0.546804
8419,pak,2016,0.451408
8419,pan,1995,0.579788
8419,pan,1996,0.549479
8419,pan,1997,0.506549
8419,pan,1998,0.658498
8419,pan,1999,0.605634
8419,pan,2000,0.507453
8419,pan,2001,0.521607
8419,pan,2002,0.534187
8419,pan,2003,0.604082
8419,pan,2004,0.595377
8419,pan,2005,0.632776
8419,pan,2006,0.4568
8419,pan,2007,0.527675
8419,pan,2008,0.480335
8419,pan,2009,0.503356
8419,pan,2010,0.464838
8419,pan,2011,0.46492
8419,pan,2012,0.39723
8419,pan,2013,0.319691
8419,pan,2014,0.344114
8419,pan,2015,0.466137
8419,pan,2016,0.340695
8419,pcn,1995,0.542079
8419,pcn,1996,0.516999
8419,pcn,1997,0.480732
8419,pcn,1998,0.637335
8419,pcn,1999,0.587417
8419,pcn,2000,0.472581
8419,pcn,2001,0.49618
8419,pcn,2002,0.492948
8419,pcn,2003,0
8419,pcn,2004,0.568731
8419,pcn,2005,0.592622
8419,pcn,2006,0.448879
8419,pcn,2007,0.534977
8419,pcn,2008,0.47345
8419,pcn,2009,0.496059
8419,pcn,2010,0.478594
8419,pcn,2011,0.425063
8419,pcn,2012,0.37706
8419,pcn,2013,0.300081
8419,pcn,2014,0.293549
8419,pcn,2015,0.444262
8419,pcn,2016,0.320457
8419,per,1995,0.595974
8419,per,1996,0.56885
8419,per,1997,0.530987
8419,per,1998,0.673566
8419,per,1999,0.635287
8419,per,2000,0.55052
8419,per,2001,0.549683
8419,per,2002,0.565004
8419,per,2003,0.642996
8419,per,2004,0.630588
8419,per,2005,0.649249
8419,per,2006,0.515676
8419,per,2007,0.594183
8419,per,2008,0.558779
8419,per,2009,0.586723
8419,per,2010,0.551917
8419,per,2011,0.551851
8419,per,2012,0.498588
8419,per,2013,0.412085
8419,per,2014,0.422763
8419,per,2015,0.525583
8419,per,2016,0.42686
8419,phl,1995,0.613805
8419,phl,1996,0.55987
8419,phl,1997,0.51741
8419,phl,1998,0.653919
8419,phl,1999,0.615931
8419,phl,2000,0.517647
8419,phl,2001,0.515541
8419,phl,2002,0.509257
8419,phl,2003,0.584691
8419,phl,2004,0.582386
8419,phl,2005,0.604969
8419,phl,2006,0.456991
8419,phl,2007,0.541411
8419,phl,2008,0.495431
8419,phl,2009,0.515451
8419,phl,2010,0.477883
8419,phl,2011,0.485947
8419,phl,2012,0.424489
8419,phl,2013,0.3048
8419,phl,2014,0
8419,phl,2015,0.411772
8419,phl,2016,0
8419,plw,1995,0.556489
8419,plw,1996,0.518595
8419,plw,1997,0.495463
8419,plw,1998,0.652289
8419,plw,1999,0.608058
8419,plw,2000,0.492336
8419,plw,2001,0.497635
8419,plw,2002,0.508322
8419,plw,2003,0.58128
8419,plw,2004,0.578037
8419,plw,2005,0.596438
8419,plw,2006,0.454126
8419,plw,2007,0.546253
8419,plw,2008,0.496702
8419,plw,2009,0.51576
8419,plw,2010,0.488264
8419,plw,2011,0.49144
8419,plw,2012,0.447304
8419,plw,2013,0.31929
8419,plw,2014,0.314721
8419,plw,2015,0.45089
8419,plw,2016,0.34065
8419,png,1995,0.559913
8419,png,1996,0.53384
8419,png,1997,0.500729
8419,png,1998,0.65592
8419,png,1999,0.610621
8419,png,2000,0.497532
8419,png,2001,0.509427
8419,png,2002,0.522494
8419,png,2003,0.600511
8419,png,2004,0.59931
8419,png,2005,0.625762
8419,png,2006,0.47741
8419,png,2007,0.561168
8419,png,2008,0.518841
8419,png,2009,0.547592
8419,png,2010,0.505193
8419,png,2011,0.523424
8419,png,2012,0.459509
8419,png,2013,0.351243
8419,png,2014,0.338046
8419,png,2015,0.463741
8419,png,2016,0.364221
8419,pol,1995,0.516736
8419,pol,1996,0.470662
8419,pol,1997,0.437119
8419,pol,1998,0.538277
8419,pol,1999,0.515179
8419,pol,2000,0.389655
8419,pol,2001,0
8419,pol,2002,0
8419,pol,2003,0
8419,pol,2004,0
8419,pol,2005,0
8419,pol,2006,0
8419,pol,2007,0
8419,pol,2008,0
8419,pol,2009,0
8419,pol,2010,0
8419,pol,2011,0
8419,pol,2012,0
8419,pol,2013,0
8419,pol,2014,0
8419,pol,2015,0
8419,pol,2016,0.222048
8419,prk,1995,0
8419,prk,1996,0
8419,prk,1997,0
8419,prk,1998,0.584146
8419,prk,1999,0.54889
8419,prk,2000,0.441379
8419,prk,2001,0.456092
8419,prk,2002,0
8419,prk,2003,0
8419,prk,2004,0.540271
8419,prk,2005,0
8419,prk,2006,0
8419,prk,2007,0.51158
8419,prk,2008,0
8419,prk,2009,0.468769
8419,prk,2010,0
8419,prk,2011,0.493659
8419,prk,2012,0.459233
8419,prk,2013,0.356258
8419,prk,2014,0.34529
8419,prk,2015,0.461794
8419,prk,2016,0.383923
8419,prt,1995,0
8419,prt,1996,0
8419,prt,1997,0
8419,prt,1998,0
8419,prt,1999,0
8419,prt,2000,0
8419,prt,2001,0
8419,prt,2002,0
8419,prt,2003,0
8419,prt,2004,0
8419,prt,2005,0
8419,prt,2006,0
8419,prt,2007,0
8419,prt,2008,0
8419,prt,2009,0
8419,prt,2010,0
8419,prt,2011,0
8419,prt,2012,0
8419,prt,2013,0
8419,prt,2014,0
8419,prt,2015,0
8419,prt,2016,0
8419,pry,1995,0.576483
8419,pry,1996,0.555808
8419,pry,1997,0.512018
8419,pry,1998,0.65525
8419,pry,1999,0.622692
8419,pry,2000,0.516322
8419,pry,2001,0.523876
8419,pry,2002,0.535036
8419,pry,2003,0.607952
8419,pry,2004,0.601783
8419,pry,2005,0.635163
8419,pry,2006,0.492056
8419,pry,2007,0.569756
8419,pry,2008,0.526826
8419,pry,2009,0.550344
8419,pry,2010,0.519262
8419,pry,2011,0.523111
8419,pry,2012,0.471936
8419,pry,2013,0.362553
8419,pry,2014,0.353267
8419,pry,2015,0.485606
8419,pry,2016,0.373688
8419,pyf,1995,0.554079
8419,pyf,1996,0.524386
8419,pyf,1997,0.48659
8419,pyf,1998,0.643784
8419,pyf,1999,0.608671
8419,pyf,2000,0.486914
8419,pyf,2001,0.50057
8419,pyf,2002,0.50704
8419,pyf,2003,0.588863
8419,pyf,2004,0.5857
8419,pyf,2005,0.617277
8419,pyf,2006,0.457827
8419,pyf,2007,0.550972
8419,pyf,2008,0.502957
8419,pyf,2009,0.536144
8419,pyf,2010,0.48809
8419,pyf,2011,0.490686
8419,pyf,2012,0.447246
8419,pyf,2013,0.327174
8419,pyf,2014,0.316856
8419,pyf,2015,0.453321
8419,pyf,2016,0.343126
8419,qat,1995,0.551993
8419,qat,1996,0.524042
8419,qat,1997,0.48983
8419,qat,1998,0.646928
8419,qat,1999,0.600652
8419,qat,2000,0.486288
8419,qat,2001,0.49924
8419,qat,2002,0.508469
8419,qat,2003,0.581166
8419,qat,2004,0.575101
8419,qat,2005,0.605743
8419,qat,2006,0.448795
8419,qat,2007,0.542391
8419,qat,2008,0.500578
8419,qat,2009,0.52705
8419,qat,2010,0.481618
8419,qat,2011,0.492367
8419,qat,2012,0.44128
8419,qat,2013,0.319498
8419,qat,2014,0.310423
8419,qat,2015,0.456579
8419,qat,2016,0.344064
8419,reu,1995,0.515153
8419,rou,1995,0.519672
8419,rou,1996,0.499549
8419,rou,1997,0.476612
8419,rou,1998,0.622129
8419,rou,1999,0.60439
8419,rou,2000,0.491925
8419,rou,2001,0.511931
8419,rou,2002,0.507355
8419,rou,2003,0.566293
8419,rou,2004,0.567603
8419,rou,2005,0.574871
8419,rou,2006,0.418273
8419,rou,2007,0.461199
8419,rou,2008,0.424812
8419,rou,2009,0.45329
8419,rou,2010,0.429423
8419,rou,2011,0.431967
8419,rou,2012,0.398245
8419,rou,2013,0
8419,rou,2014,0
8419,rou,2015,0.381191
8419,rou,2016,0.300408
8419,rus,1995,0.540148
8419,rus,1996,0.496907
8419,rus,1997,0.45968
8419,rus,1998,0.583426
8419,rus,1999,0.551118
8419,rus,2000,0.428599
8419,rus,2001,0.451416
8419,rus,2002,0.438236
8419,rus,2003,0.503605
8419,rus,2004,0.534048
8419,rus,2005,0.56078
8419,rus,2006,0.41649
8419,rus,2007,0.515273
8419,rus,2008,0.477798
8419,rus,2009,0.489045
8419,rus,2010,0.457869
8419,rus,2011,0.470317
8419,rus,2012,0.430479
8419,rus,2013,0.319884
8419,rus,2014,0.322708
8419,rus,2015,0.452311
8419,rus,2016,0.349171
8419,rwa,1995,0.552423
8419,rwa,1996,0.517817
8419,rwa,1997,0.490849
8419,rwa,1998,0.645803
8419,rwa,1999,0.606888
8419,rwa,2000,0.482541
8419,rwa,2001,0.497958
8419,rwa,2002,0.513718
8419,rwa,2003,0.590193
8419,rwa,2004,0.58474
8419,rwa,2005,0.616835
8419,rwa,2006,0.467043
8419,rwa,2007,0.556692
8419,rwa,2008,0.507613
8419,rwa,2009,0.513128
8419,rwa,2010,0.492986
8419,rwa,2011,0.504474
8419,rwa,2012,0.461542
8419,rwa,2013,0.339699
8419,rwa,2014,0.333384
8419,rwa,2015,0.477769
8419,rwa,2016,0.36723
8419,sau,1995,0.551004
8419,sau,1996,0.523198
8419,sau,1997,0.489585
8419,sau,1998,0.635067
8419,sau,1999,0.604695
8419,sau,2000,0.476564
8419,sau,2001,0.484019
8419,sau,2002,0.503506
8419,sau,2003,0.577742
8419,sau,2004,0.572692
8419,sau,2005,0.594452
8419,sau,2006,0.453732
8419,sau,2007,0.541147
8419,sau,2008,0.501546
8419,sau,2009,0.525192
8419,sau,2010,0.480353
8419,sau,2011,0.491145
8419,sau,2012,0.441329
8419,sau,2013,0.316564
8419,sau,2014,0.309081
8419,sau,2015,0.447475
8419,sau,2016,0.339967
8419,scg,1995,0.469063
8419,scg,1996,0.476926
8419,scg,1997,0.465248
8419,scg,1998,0.617206
8419,scg,1999,0.551269
8419,scg,2000,0.445134
8419,scg,2001,0.480991
8419,scg,2002,0.457251
8419,scg,2003,0.532943
8419,scg,2004,0.499312
8419,scg,2005,0.538544
8419,sdn,1995,0.561733
8419,sdn,1996,0.546667
8419,sdn,1997,0.500733
8419,sdn,1998,0.653653
8419,sdn,1999,0.620062
8419,sdn,2000,0.505729
8419,sdn,2001,0.509166
8419,sdn,2002,0.518946
8419,sdn,2003,0.592452
8419,sdn,2004,0.588643
8419,sdn,2005,0.610006
8419,sdn,2006,0.467284
8419,sdn,2007,0.553372
8419,sdn,2008,0.50659
8419,sdn,2009,0.538425
8419,sdn,2010,0.501072
8419,sdn,2011,0.508674
8419,sdn,2012,0.467455
8419,sdn,2013,0.35164
8419,sdn,2014,0.350307
8419,sdn,2015,0.484102
8419,sdn,2016,0.367966
8419,sen,1995,0.57318
8419,sen,1996,0.554406
8419,sen,1997,0.510186
8419,sen,1998,0.658519
8419,sen,1999,0.623569
8419,sen,2000,0.528351
8419,sen,2001,0.526323
8419,sen,2002,0.535653
8419,sen,2003,0.604319
8419,sen,2004,0.607887
8419,sen,2005,0.619111
8419,sen,2006,0.49452
8419,sen,2007,0.562623
8419,sen,2008,0.526531
8419,sen,2009,0.564173
8419,sen,2010,0.530388
8419,sen,2011,0.549995
8419,sen,2012,0.491729
8419,sen,2013,0.395137
8419,sen,2014,0.38831
8419,sen,2015,0.500963
8419,sen,2016,0.397097
8419,sgp,1995,0.510964
8419,sgp,1996,0.469976
8419,sgp,1997,0.429674
8419,sgp,1998,0.578251
8419,sgp,1999,0.493087
8419,sgp,2000,0.397165
8419,sgp,2001,0.404864
8419,sgp,2002,0.404685
8419,sgp,2003,0.450607
8419,sgp,2004,0.438609
8419,sgp,2005,0.451703
8419,sgp,2006,0.33755
8419,sgp,2007,0.425104
8419,sgp,2008,0.334495
8419,sgp,2009,0.362842
8419,sgp,2010,0.339592
8419,sgp,2011,0.370091
8419,sgp,2012,0.303322
8419,sgp,2013,0.186195
8419,sgp,2014,0.177018
8419,sgp,2015,0.29762
8419,sgp,2016,0.19311
8419,shn,1995,0.539879
8419,shn,1996,0.507569
8419,shn,1997,0.449377
8419,shn,1998,0.589968
8419,shn,1999,0.544678
8419,shn,2000,0.420903
8419,shn,2001,0.452907
8419,shn,2002,0.456133
8419,shn,2003,0.549827
8419,shn,2004,0.521359
8419,shn,2005,0.564063
8419,shn,2006,0.400804
8419,shn,2007,0.49888
8419,shn,2008,0.479547
8419,shn,2009,0.492393
8419,shn,2010,0.463418
8419,shn,2011,0.469315
8419,shn,2012,0.404606
8419,shn,2013,0
8419,shn,2014,0.278508
8419,shn,2015,0.420054
8419,shn,2016,0.313385
8419,slb,1995,0.557893
8419,slb,1996,0.533095
8419,slb,1997,0.500643
8419,slb,1998,0.646874
8419,slb,1999,0.611142
8419,slb,2000,0.4846
8419,slb,2001,0.500063
8419,slb,2002,0.508682
8419,slb,2003,0.587099
8419,slb,2004,0.5872
8419,slb,2005,0.610585
8419,slb,2006,0.461445
8419,slb,2007,0.545499
8419,slb,2008,0.510889
8419,slb,2009,0.53836
8419,slb,2010,0.494938
8419,slb,2011,0.507435
8419,slb,2012,0.451912
8419,slb,2013,0.328389
8419,slb,2014,0.327859
8419,slb,2015,0.461164
8419,slb,2016,0.350951
8419,sle,1995,0.543285
8419,sle,1996,0.514679
8419,sle,1997,0.481483
8419,sle,1998,0.624328
8419,sle,1999,0.571215
8419,sle,2000,0.452771
8419,sle,2001,0.45916
8419,sle,2002,0
8419,sle,2003,0.572948
8419,sle,2004,0.553691
8419,sle,2005,0
8419,sle,2006,0
8419,sle,2007,0
8419,sle,2008,0.479823
8419,sle,2009,0.501388
8419,sle,2010,0.472315
8419,sle,2011,0.500406
8419,sle,2012,0.450393
8419,sle,2013,0.329913
8419,sle,2014,0.319465
8419,sle,2015,0.446091
8419,sle,2016,0.351313
8419,slv,1995,0.587889
8419,slv,1996,0.551861
8419,slv,1997,0.512841
8419,slv,1998,0.658477
8419,slv,1999,0.625775
8419,slv,2000,0.536032
8419,slv,2001,0.53672
8419,slv,2002,0.545811
8419,slv,2003,0.609249
8419,slv,2004,0.600124
8419,slv,2005,0.632015
8419,slv,2006,0.488316
8419,slv,2007,0.56346
8419,slv,2008,0.526576
8419,slv,2009,0.565238
8419,slv,2010,0.512754
8419,slv,2011,0.530446
8419,slv,2012,0.486532
8419,slv,2013,0.383902
8419,slv,2014,0.378099
8419,slv,2015,0.490308
8419,slv,2016,0.378827
8419,som,1995,0.549907
8419,som,1996,0.529964
8419,som,1997,0.482988
8419,som,1998,0.639986
8419,som,1999,0.604116
8419,som,2000,0.485346
8419,som,2001,0.497326
8419,som,2002,0.510203
8419,som,2003,0.585301
8419,som,2004,0.584532
8419,som,2005,0.615094
8419,som,2006,0.46912
8419,som,2007,0.519969
8419,som,2008,0.505553
8419,som,2009,0.544347
8419,som,2010,0.493827
8419,som,2011,0.505125
8419,som,2012,0.453477
8419,som,2013,0.335967
8419,som,2014,0.327535
8419,som,2015,0.462667
8419,som,2016,0.358011
8419,spm,1995,0.533963
8419,spm,1996,0.519705
8419,spm,1997,0.472545
8419,spm,1998,0.600565
8419,spm,1999,0.596045
8419,spm,2000,0.484513
8419,spm,2001,0.491664
8419,spm,2002,0.503189
8419,spm,2003,0.567713
8419,spm,2004,0.573344
8419,spm,2005,0.609971
8419,spm,2006,0.441456
8419,spm,2007,0.540872
8419,spm,2008,0.492755
8419,spm,2009,0.520093
8419,spm,2010,0.487928
8419,spm,2011,0.518977
8419,spm,2012,0.462164
8419,spm,2013,0.33697
8419,spm,2014,0.30071
8419,spm,2015,0
8419,spm,2016,0.327089
8419,stp,1995,0.521474
8419,stp,1996,0.505225
8419,stp,1997,0.473566
8419,stp,1998,0.622545
8419,stp,1999,0.557996
8419,stp,2000,0.451202
8419,stp,2001,0.459373
8419,stp,2002,0.482895
8419,stp,2003,0.542907
8419,stp,2004,0.546098
8419,stp,2005,0.559544
8419,stp,2006,0.419433
8419,stp,2007,0.506036
8419,stp,2008,0.476343
8419,stp,2009,0.507637
8419,stp,2010,0.452875
8419,stp,2011,0
8419,stp,2012,0.424145
8419,stp,2013,0.289312
8419,stp,2014,0.281332
8419,stp,2015,0
8419,stp,2016,0.325652
8419,sur,1995,0.557137
8419,sur,1996,0.531292
8419,sur,1997,0.494505
8419,sur,1998,0.648547
8419,sur,1999,0.608478
8419,sur,2000,0.493791
8419,sur,2001,0.504582
8419,sur,2002,0.509349
8419,sur,2003,0.597457
8419,sur,2004,0.585866
8419,sur,2005,0.610773
8419,sur,2006,0.466418
8419,sur,2007,0.548627
8419,sur,2008,0.508357
8419,sur,2009,0.541173
8419,sur,2010,0.493381
8419,sur,2011,0.508205
8419,sur,2012,0.448001
8419,sur,2013,0.328525
8419,sur,2014,0.32876
8419,sur,2015,0.467888
8419,sur,2016,0.359603
8419,svk,1995,0.422689
8419,svk,1996,0.412951
8419,svk,1997,0.378127
8419,svk,1998,0.523284
8419,svk,1999,0.498845
8419,svk,2000,0.358517
8419,svk,2001,0.376708
8419,svk,2002,0.382468
8419,svk,2003,0.452151
8419,svk,2004,0.448906
8419,svk,2005,0.457783
8419,svk,2006,0.312463
8419,svk,2007,0.390148
8419,svk,2008,0.352747
8419,svk,2009,0.388768
8419,svk,2010,0.358132
8419,svk,2011,0.364433
8419,svk,2012,0.330598
8419,svk,2013,0.223939
8419,svk,2014,0.203087
8419,svk,2015,0
8419,svk,2016,0.254786
8419,svn,1995,0.37643
8419,svn,1996,0.345394
8419,svn,1997,0.320136
8419,svn,1998,0.454367
8419,svn,1999,0.418957
8419,svn,2000,0.27736
8419,svn,2001,0.291335
8419,svn,2002,0.311268
8419,svn,2003,0.348494
8419,svn,2004,0.364688
8419,svn,2005,0.367616
8419,svn,2006,0.234188
8419,svn,2007,0.315793
8419,svn,2008,0.285314
8419,svn,2009,0.318565
8419,svn,2010,0.267411
8419,svn,2011,0
8419,svn,2012,0
8419,svn,2013,0
8419,svn,2014,0
8419,svn,2015,0
8419,svn,2016,0
8419,swe,1995,0
8419,swe,1996,0
8419,swe,1997,0
8419,swe,1998,0
8419,swe,1999,0
8419,swe,2000,0
8419,swe,2001,0
8419,swe,2002,0
8419,swe,2003,0
8419,swe,2004,0
8419,swe,2005,0
8419,swe,2006,0
8419,swe,2007,0
8419,swe,2008,0
8419,swe,2009,0
8419,swe,2010,0
8419,swe,2011,0
8419,swe,2012,0
8419,swe,2013,0
8419,swe,2014,0
8419,swe,2015,0
8419,swe,2016,0
8419,syc,1995,0.533378
8419,syc,1996,0.520976
8419,syc,1997,0.487422
8419,syc,1998,0.632138
8419,syc,1999,0.595849
8419,syc,2000,0.476807
8419,syc,2001,0.488318
8419,syc,2002,0.504151
8419,syc,2003,0.582306
8419,syc,2004,0.577339
8419,syc,2005,0.598044
8419,syc,2006,0.44066
8419,syc,2007,0.53766
8419,syc,2008,0.487031
8419,syc,2009,0.521019
8419,syc,2010,0.483631
8419,syc,2011,0.488181
8419,syc,2012,0.442251
8419,syc,2013,0.316913
8419,syc,2014,0.307468
8419,syc,2015,0.424607
8419,syc,2016,0.33556
8419,syr,1995,0.569763
8419,syr,1996,0.547926
8419,syr,1997,0.511544
8419,syr,1998,0.674512
8419,syr,1999,0.638773
8419,syr,2000,0.533276
8419,syr,2001,0.543869
8419,syr,2002,0.551723
8419,syr,2003,0.620582
8419,syr,2004,0.627195
8419,syr,2005,0.651764
8419,syr,2006,0.529001
8419,syr,2007,0.588902
8419,syr,2008,0.547225
8419,syr,2009,0.596267
8419,syr,2010,0.558115
8419,syr,2011,0.555628
8419,syr,2012,0.515608
8419,syr,2013,0.384762
8419,syr,2014,0.40784
8419,syr,2015,0.513617
8419,syr,2016,0.42494
8419,tca,1995,0.548982
8419,tca,1996,0.526887
8419,tca,1997,0.482514
8419,tca,1998,0.596307
8419,tca,1999,0.575012
8419,tca,2000,0.469862
8419,tca,2001,0.482356
8419,tca,2002,0.469839
8419,tca,2003,0
8419,tca,2004,0.56979
8419,tca,2005,0.606277
8419,tca,2006,0.435846
8419,tca,2007,0.500643
8419,tca,2008,0.440717
8419,tca,2009,0.501049
8419,tca,2010,0.45171
8419,tca,2011,0.467625
8419,tca,2012,0.443538
8419,tca,2013,0.311977
8419,tca,2014,0.308889
8419,tca,2015,0.44043
8419,tca,2016,0.334052
8419,tcd,1995,0.547418
8419,tcd,1996,0.519718
8419,tcd,1997,0.483541
8419,tcd,1998,0.645706
8419,tcd,1999,0.598009
8419,tcd,2000,0.483588
8419,tcd,2001,0.495419
8419,tcd,2002,0.499162
8419,tcd,2003,0.573421
8419,tcd,2004,0.575572
8419,tcd,2005,0.60595
8419,tcd,2006,0.45236
8419,tcd,2007,0.541932
8419,tcd,2008,0.497382
8419,tcd,2009,0.525415
8419,tcd,2010,0.479919
8419,tcd,2011,0.49632
8419,tcd,2012,0.444033
8419,tcd,2013,0.324733
8419,tcd,2014,0.31191
8419,tcd,2015,0.447969
8419,tcd,2016,0.342053
8419,tgo,1995,0.583925
8419,tgo,1996,0.558978
8419,tgo,1997,0.527643
8419,tgo,1998,0.661879
8419,tgo,1999,0.621939
8419,tgo,2000,0.531248
8419,tgo,2001,0.533071
8419,tgo,2002,0.535315
8419,tgo,2003,0.607395
8419,tgo,2004,0.623337
8419,tgo,2005,0.644442
8419,tgo,2006,0.507877
8419,tgo,2007,0.573523
8419,tgo,2008,0.527883
8419,tgo,2009,0.558752
8419,tgo,2010,0.523564
8419,tgo,2011,0.537882
8419,tgo,2012,0.477721
8419,tgo,2013,0.356937
8419,tgo,2014,0.366298
8419,tgo,2015,0.469251
8419,tgo,2016,0.388736
8419,tha,1995,0.587409
8419,tha,1996,0.563363
8419,tha,1997,0.519074
8419,tha,1998,0.650556
8419,tha,1999,0.612094
8419,tha,2000,0.522065
8419,tha,2001,0.521634
8419,tha,2002,0.513887
8419,tha,2003,0.581996
8419,tha,2004,0.550194
8419,tha,2005,0.568574
8419,tha,2006,0.431895
8419,tha,2007,0
8419,tha,2008,0.444119
8419,tha,2009,0.472892
8419,tha,2010,0.416559
8419,tha,2011,0.434283
8419,tha,2012,0.36802
8419,tha,2013,0.259987
8419,tha,2014,0.240739
8419,tha,2015,0.360095
8419,tha,2016,0.28474
8419,tjk,1995,0.558836
8419,tjk,1996,0
8419,tjk,1997,0
8419,tjk,1998,0.656771
8419,tjk,1999,0.62098
8419,tjk,2000,0.514118
8419,tjk,2001,0.52261
8419,tjk,2002,0.539848
8419,tjk,2003,0.607036
8419,tjk,2004,0.59514
8419,tjk,2005,0.624731
8419,tjk,2006,0.481092
8419,tjk,2007,0.561862
8419,tjk,2008,0.524834
8419,tjk,2009,0.548735
8419,tjk,2010,0.516843
8419,tjk,2011,0.521774
8419,tjk,2012,0.479139
8419,tjk,2013,0.366533
8419,tjk,2014,0.35036
8419,tjk,2015,0.481563
8419,tjk,2016,0.375338
8419,tkl,1995,0.526749
8419,tkl,1996,0.502013
8419,tkl,1997,0.478627
8419,tkl,1998,0.624389
8419,tkl,1999,0
8419,tkl,2000,0.464067
8419,tkl,2001,0.490892
8419,tkl,2002,0.498004
8419,tkl,2003,0.563177
8419,tkl,2004,0.548184
8419,tkl,2005,0
8419,tkl,2006,0.430238
8419,tkl,2007,0.507466
8419,tkl,2008,0
8419,tkl,2009,0.493769
8419,tkl,2010,0.458737
8419,tkl,2011,0.471023
8419,tkl,2012,0.404738
8419,tkl,2013,0.311457
8419,tkl,2014,0.298969
8419,tkl,2015,0
8419,tkl,2016,0.352586
8419,tkm,1995,0.558936
8419,tkm,1996,0.535918
8419,tkm,1997,0.502617
8419,tkm,1998,0.661368
8419,tkm,1999,0.614055
8419,tkm,2000,0.506432
8419,tkm,2001,0.505723
8419,tkm,2002,0.521709
8419,tkm,2003,0.591549
8419,tkm,2004,0.591143
8419,tkm,2005,0.614239
8419,tkm,2006,0.467811
8419,tkm,2007,0.549824
8419,tkm,2008,0.505704
8419,tkm,2009,0.539304
8419,tkm,2010,0.510553
8419,tkm,2011,0.510451
8419,tkm,2012,0.457663
8419,tkm,2013,0.337994
8419,tkm,2014,0.326622
8419,tkm,2015,0.464425
8419,tkm,2016,0.357583
8419,tls,1995,0.516066
8419,tls,1996,0.495581
8419,tls,1997,0.465897
8419,tls,1998,0.628338
8419,tls,1999,0.59406
8419,tls,2000,0.477961
8419,tls,2001,0.455238
8419,tls,2002,0.495843
8419,tls,2003,0.535398
8419,tls,2004,0.576702
8419,tls,2005,0.602219
8419,tls,2006,0.446885
8419,tls,2007,0.533358
8419,tls,2008,0.483895
8419,tls,2009,0.516465
8419,tls,2010,0.466319
8419,tls,2011,0.490025
8419,tls,2012,0.437337
8419,tls,2013,0.318867
8419,tls,2014,0.315583
8419,tls,2015,0.449728
8419,tls,2016,0.347551
8419,ton,1995,0.558491
8419,ton,1996,0.530145
8419,ton,1997,0.495237
8419,ton,1998,0.652389
8419,ton,1999,0.606785
8419,ton,2000,0.49334
8419,ton,2001,0.498683
8419,ton,2002,0.519267
8419,ton,2003,0.589053
8419,ton,2004,0.582398
8419,ton,2005,0.607149
8419,ton,2006,0.460559
8419,ton,2007,0.551404
8419,ton,2008,0.504708
8419,ton,2009,0.532863
8419,ton,2010,0.497004
8419,ton,2011,0.499273
8419,ton,2012,0.443767
8419,ton,2013,0.31927
8419,ton,2014,0.322858
8419,ton,2015,0.443562
8419,ton,2016,0.346983
8419,tto,1995,0.55289
8419,tto,1996,0.530418
8419,tto,1997,0
8419,tto,1998,0.641138
8419,tto,1999,0.598842
8419,tto,2000,0.495
8419,tto,2001,0.498815
8419,tto,2002,0.511014
8419,tto,2003,0.586906
8419,tto,2004,0.585945
8419,tto,2005,0.607601
8419,tto,2006,0.461382
8419,tto,2007,0.549627
8419,tto,2008,0.508272
8419,tto,2009,0.537889
8419,tto,2010,0.494938
8419,tto,2011,0.50605
8419,tto,2012,0.454039
8419,tto,2013,0.33016
8419,tto,2014,0.32565
8419,tto,2015,0.463581
8419,tto,2016,0.351445
8419,tun,1995,0.603002
8419,tun,1996,0.571331
8419,tun,1997,0.527507
8419,tun,1998,0.66974
8419,tun,1999,0.64009
8419,tun,2000,0.547551
8419,tun,2001,0.550684
8419,tun,2002,0.558485
8419,tun,2003,0.6251
8419,tun,2004,0.61693
8419,tun,2005,0.634157
8419,tun,2006,0.505742
8419,tun,2007,0.567545
8419,tun,2008,0.527392
8419,tun,2009,0.558019
8419,tun,2010,0.5078
8419,tun,2011,0.512114
8419,tun,2012,0.46527
8419,tun,2013,0.37227
8419,tun,2014,0.356779
8419,tun,2015,0.476752
8419,tun,2016,0.378306
8419,tur,1995,0.582913
8419,tur,1996,0.556223
8419,tur,1997,0.527144
8419,tur,1998,0.66303
8419,tur,1999,0.630233
8419,tur,2000,0.545784
8419,tur,2001,0.532819
8419,tur,2002,0.542141
8419,tur,2003,0.614149
8419,tur,2004,0.589611
8419,tur,2005,0.597257
8419,tur,2006,0.456094
8419,tur,2007,0.517821
8419,tur,2008,0.474258
8419,tur,2009,0.516653
8419,tur,2010,0.48521
8419,tur,2011,0.460344
8419,tur,2012,0.427804
8419,tur,2013,0.334786
8419,tur,2014,0.327027
8419,tur,2015,0.435978
8419,tur,2016,0.351967
8419,tuv,1995,0.541928
8419,tuv,1996,0.509207
8419,tuv,1997,0.472911
8419,tuv,1998,0.636959
8419,tuv,1999,0.592208
8419,tuv,2000,0.460725
8419,tuv,2001,0.504644
8419,tuv,2002,0.516105
8419,tuv,2003,0.56422
8419,tuv,2004,0.556622
8419,tuv,2005,0.576996
8419,tuv,2006,0.429341
8419,tuv,2007,0.50975
8419,tuv,2008,0.47914
8419,tuv,2009,0.525191
8419,tuv,2010,0.481593
8419,tuv,2011,0.491095
8419,tuv,2012,0.440811
8419,tuv,2013,0.32026
8419,tuv,2014,0.299014
8419,tuv,2015,0.437032
8419,tuv,2016,0.328586
8419,tza,1995,0.592794
8419,tza,1996,0.571012
8419,tza,1997,0.548042
8419,tza,1998,0.672391
8419,tza,1999,0.638654
8419,tza,2000,0.554081
8419,tza,2001,0.55786
8419,tza,2002,0.576622
8419,tza,2003,0.638237
8419,tza,2004,0.642011
8419,tza,2005,0.668067
8419,tza,2006,0.54769
8419,tza,2007,0.603669
8419,tza,2008,0.568936
8419,tza,2009,0.603732
8419,tza,2010,0.566607
8419,tza,2011,0.563117
8419,tza,2012,0.512335
8419,tza,2013,0.415741
8419,tza,2014,0.428373
8419,tza,2015,0.520816
8419,tza,2016,0.435926
8419,uga,1995,0.560276
8419,uga,1996,0.531773
8419,uga,1997,0.51019
8419,uga,1998,0.656692
8419,uga,1999,0.614485
8419,uga,2000,0.517134
8419,uga,2001,0.527683
8419,uga,2002,0.537473
8419,uga,2003,0.619078
8419,uga,2004,0.623443
8419,uga,2005,0.6385
8419,uga,2006,0.504459
8419,uga,2007,0.587917
8419,uga,2008,0.545074
8419,uga,2009,0.561017
8419,uga,2010,0.5485
8419,uga,2011,0.553344
8419,uga,2012,0.504938
8419,uga,2013,0.409426
8419,uga,2014,0.393527
8419,uga,2015,0.520716
8419,uga,2016,0.402422
8419,ukr,1995,0.54156
8419,ukr,1996,0.474136
8419,ukr,1997,0.439863
8419,ukr,1998,0.586904
8419,ukr,1999,0.564379
8419,ukr,2000,0
8419,ukr,2001,0
8419,ukr,2002,0.431961
8419,ukr,2003,0.495678
8419,ukr,2004,0.51322
8419,ukr,2005,0.556076
8419,ukr,2006,0.416136
8419,ukr,2007,0.484554
8419,ukr,2008,0.468785
8419,ukr,2009,0.479454
8419,ukr,2010,0.435282
8419,ukr,2011,0.454648
8419,ukr,2012,0
8419,ukr,2013,0
8419,ukr,2014,0.318069
8419,ukr,2015,0.449807
8419,ukr,2016,0.346375
8419,ury,1995,0.546822
8419,ury,1996,0.54043
8419,ury,1997,0.50032
8419,ury,1998,0.639547
8419,ury,1999,0.595764
8419,ury,2000,0.497837
8419,ury,2001,0.501077
8419,ury,2002,0.509689
8419,ury,2003,0.599822
8419,ury,2004,0.587797
8419,ury,2005,0.59651
8419,ury,2006,0.470243
8419,ury,2007,0.540765
8419,ury,2008,0.498678
8419,ury,2009,0.529433
8419,ury,2010,0.495525
8419,ury,2011,0.505049
8419,ury,2012,0.458593
8419,ury,2013,0.364651
8419,ury,2014,0.344005
8419,ury,2015,0.470093
8419,ury,2016,0.359399
8419,usa,1995,0
8419,usa,1996,0
8419,usa,1997,0
8419,usa,1998,0
8419,usa,1999,0
8419,usa,2000,0
8419,usa,2001,0
8419,usa,2002,0
8419,usa,2003,0
8419,usa,2004,0
8419,usa,2005,0
8419,usa,2006,0
8419,usa,2007,0
8419,usa,2008,0
8419,usa,2009,0
8419,usa,2010,0
8419,usa,2011,0
8419,usa,2012,0
8419,usa,2013,0
8419,usa,2014,0
8419,usa,2015,0
8419,usa,2016,0
8419,uzb,1995,0.564318
8419,uzb,1996,0.536212
8419,uzb,1997,0.508391
8419,uzb,1998,0.653096
8419,uzb,1999,0.617582
8419,uzb,2000,0.51762
8419,uzb,2001,0.518605
8419,uzb,2002,0.534998
8419,uzb,2003,0.599205
8419,uzb,2004,0.603327
8419,uzb,2005,0.621517
8419,uzb,2006,0.476687
8419,uzb,2007,0.565269
8419,uzb,2008,0.522225
8419,uzb,2009,0.563143
8419,uzb,2010,0.540235
8419,uzb,2011,0.538192
8419,uzb,2012,0.498495
8419,uzb,2013,0.39021
8419,uzb,2014,0.36958
8419,uzb,2015,0.496238
8419,uzb,2016,0.391697
8419,vct,1995,0.559686
8419,vct,1996,0.520171
8419,vct,1997,0.486033
8419,vct,1998,0.62837
8419,vct,1999,0.602807
8419,vct,2000,0.477463
8419,vct,2001,0.498636
8419,vct,2002,0.50423
8419,vct,2003,0
8419,vct,2004,0.583097
8419,vct,2005,0.610463
8419,vct,2006,0.460245
8419,vct,2007,0.539882
8419,vct,2008,0.502576
8419,vct,2009,0.518307
8419,vct,2010,0.487419
8419,vct,2011,0.489713
8419,vct,2012,0
8419,vct,2013,0.338264
8419,vct,2014,0.330997
8419,vct,2015,0.430112
8419,vct,2016,0.343031
8419,ven,1995,0.553639
8419,ven,1996,0.528812
8419,ven,1997,0.497286
8419,ven,1998,0.641084
8419,ven,1999,0.608958
8419,ven,2000,0.486434
8419,ven,2001,0.50112
8419,ven,2002,0.505763
8419,ven,2003,0.579943
8419,ven,2004,0.582995
8419,ven,2005,0.604056
8419,ven,2006,0.458108
8419,ven,2007,0.54757
8419,ven,2008,0.507177
8419,ven,2009,0.528763
8419,ven,2010,0.488222
8419,ven,2011,0.501583
8419,ven,2012,0.450076
8419,ven,2013,0.327235
8419,ven,2014,0.32223
8419,ven,2015,0.460383
8419,ven,2016,0.352449
8419,vgb,1995,0.524812
8419,vgb,1996,0.516753
8419,vgb,1997,0.472298
8419,vgb,1998,0.606665
8419,vgb,1999,0.588879
8419,vgb,2000,0
8419,vgb,2001,0.466907
8419,vgb,2002,0.474702
8419,vgb,2003,0
8419,vgb,2004,0.562222
8419,vgb,2005,0.600281
8419,vgb,2006,0.41059
8419,vgb,2007,0.507986
8419,vgb,2008,0.470751
8419,vgb,2009,0.485459
8419,vgb,2010,0.461348
8419,vgb,2011,0.46966
8419,vgb,2012,0.427598
8419,vgb,2013,0.305436
8419,vgb,2014,0.3012
8419,vgb,2015,0
8419,vgb,2016,0.330839
8419,vnm,1995,0.627446
8419,vnm,1996,0.583167
8419,vnm,1997,0.554461
8419,vnm,1998,0.693658
8419,vnm,1999,0.660532
8419,vnm,2000,0.579995
8419,vnm,2001,0.59207
8419,vnm,2002,0.595616
8419,vnm,2003,0.665101
8419,vnm,2004,0.658102
8419,vnm,2005,0.666899
8419,vnm,2006,0
8419,vnm,2007,0.602168
8419,vnm,2008,0.562047
8419,vnm,2009,0.593477
8419,vnm,2010,0.553903
8419,vnm,2011,0.558045
8419,vnm,2012,0.499661
8419,vnm,2013,0.414622
8419,vnm,2014,0.426698
8419,vnm,2015,0.503204
8419,vnm,2016,0.429344
8419,vut,1995,0.562769
8419,vut,1996,0.536358
8419,vut,1997,0.501659
8419,vut,1998,0.650975
8419,vut,1999,0.611591
8419,vut,2000,0.492646
8419,vut,2001,0.50501
8419,vut,2002,0.522379
8419,vut,2003,0.593321
8419,vut,2004,0.592359
8419,vut,2005,0.614295
8419,vut,2006,0.472538
8419,vut,2007,0.554262
8419,vut,2008,0.509809
8419,vut,2009,0.535785
8419,vut,2010,0.494766
8419,vut,2011,0.508946
8419,vut,2012,0.454526
8419,vut,2013,0.338983
8419,vut,2014,0.337219
8419,vut,2015,0.468554
8419,vut,2016,0.355593
8419,wlf,1995,0.531345
8419,wlf,1996,0.507396
8419,wlf,1997,0.481074
8419,wlf,1998,0.633805
8419,wlf,1999,0.581475
8419,wlf,2000,0.466603
8419,wlf,2001,0.477175
8419,wlf,2002,0.492254
8419,wlf,2003,0.574368
8419,wlf,2004,0.523087
8419,wlf,2005,0.582944
8419,wlf,2006,0.421274
8419,wlf,2007,0.508394
8419,wlf,2008,0.486208
8419,wlf,2009,0.49854
8419,wlf,2010,0.463212
8419,wlf,2011,0.472858
8419,wlf,2012,0
8419,wlf,2013,0.302482
8419,wlf,2014,0.29649
8419,wlf,2015,0.435106
8419,wlf,2016,0.318431
8419,wsm,1995,0.554215
8419,wsm,1996,0.527265
8419,wsm,1997,0.489785
8419,wsm,1998,0.648276
8419,wsm,1999,0.601216
8419,wsm,2000,0.492439
8419,wsm,2001,0.498269
8419,wsm,2002,0.489684
8419,wsm,2003,0.582377
8419,wsm,2004,0.561983
8419,wsm,2005,0.58438
8419,wsm,2006,0.433382
8419,wsm,2007,0.529031
8419,wsm,2008,0.467197
8419,wsm,2009,0
8419,wsm,2010,0.41015
8419,wsm,2011,0.424499
8419,wsm,2012,0.387812
8419,wsm,2013,0
8419,wsm,2014,0.285317
8419,wsm,2015,0.417218
8419,wsm,2016,0.320846
8419,yem,1995,0.554144
8419,yem,1996,0.531177
8419,yem,1997,0.493157
8419,yem,1998,0.651798
8419,yem,1999,0.607381
8419,yem,2000,0.495964
8419,yem,2001,0.501959
8419,yem,2002,0.515408
8419,yem,2003,0.595944
8419,yem,2004,0.588316
8419,yem,2005,0.622257
8419,yem,2006,0.470262
8419,yem,2007,0.55674
8419,yem,2008,0.510352
8419,yem,2009,0.542396
8419,yem,2010,0.508079
8419,yem,2011,0.520796
8419,yem,2012,0.464181
8419,yem,2013,0.344942
8419,yem,2014,0.343573
8419,yem,2015,0.483269
8419,yem,2016,0.375368
8419,zaf,1995,0.539099
8419,zaf,1996,0.520372
8419,zaf,1997,0.471499
8419,zaf,1998,0.599671
8419,zaf,1999,0.573828
8419,zaf,2000,0.486058
8419,zaf,2001,0.527911
8419,zaf,2002,0.500427
8419,zaf,2003,0.556403
8419,zaf,2004,0.546506
8419,zaf,2005,0.566196
8419,zaf,2006,0.444573
8419,zaf,2007,0.520759
8419,zaf,2008,0.506233
8419,zaf,2009,0.509911
8419,zaf,2010,0.493795
8419,zaf,2011,0.513198
8419,zaf,2012,0.465078
8419,zaf,2013,0.352752
8419,zaf,2014,0.353136
8419,zaf,2015,0.487154
8419,zaf,2016,0.382119
8419,zmb,1995,0.560384
8419,zmb,1996,0.53801
8419,zmb,1997,0.512739
8419,zmb,1998,0.667877
8419,zmb,1999,0.62367
8419,zmb,2000,0.523682
8419,zmb,2001,0.539281
8419,zmb,2002,0.554288
8419,zmb,2003,0.623541
8419,zmb,2004,0.610956
8419,zmb,2005,0.621199
8419,zmb,2006,0.465331
8419,zmb,2007,0.555051
8419,zmb,2008,0.518433
8419,zmb,2009,0.539851
8419,zmb,2010,0.503172
8419,zmb,2011,0.519539
8419,zmb,2012,0.465898
8419,zmb,2013,0.361215
8419,zmb,2014,0.347659
8419,zmb,2015,0.480814
8419,zmb,2016,0.363937
8419,zwe,1995,0.586521
8419,zwe,1996,0.565652
8419,zwe,1997,0.514121
8419,zwe,1998,0.668264
8419,zwe,1999,0.627052
8419,zwe,2000,0.548917
8419,zwe,2001,0.552419
8419,zwe,2002,0.55106
8419,zwe,2003,0.621594
8419,zwe,2004,0.625148
8419,zwe,2005,0.637098
8419,zwe,2006,0.484069
8419,zwe,2007,0.572731
8419,zwe,2008,0.51738
8419,zwe,2009,0.567341
8419,zwe,2010,0.53795
8419,zwe,2011,0.538451
8419,zwe,2012,0.487506
8419,zwe,2013,0.378985
8419,zwe,2014,0.376816
8419,zwe,2015,0.498197
8419,zwe,2016,0.392829
8419,twn,1995,0.410406
8419,twn,1996,0.358422
8419,twn,1997,0
8419,twn,1998,0.461209
8419,twn,1999,0.396221
8419,twn,2000,0
8419,twn,2001,0
8419,twn,2002,0.287185
8419,twn,2003,0.343696
8419,twn,2004,0.37108
8419,twn,2005,0.386344
8419,twn,2006,0.254373
8419,twn,2007,0.323584
8419,twn,2008,0.283088
8419,twn,2009,0.328419
8419,twn,2010,0.279347
8419,twn,2011,0.268141
8419,twn,2012,0.219397
8419,twn,2013,0.137651
8419,twn,2014,0.108645
8419,twn,2015,0.235945
8419,twn,2016,0.151976
8419,ans,1995,0.517326
8419,ans,1996,0.490334
8419,ans,1997,0.465892
8419,ans,1998,0.588605
8419,ans,1999,0.554646
8419,ans,2000,0.461091
8419,ans,2001,0.472095
8419,ans,2002,0.487669
8419,ans,2003,0.569123
8419,ans,2004,0.574053
8419,ans,2005,0.596832
8419,ans,2006,0.452315
8419,ans,2007,0.526674
8419,ans,2008,0.49534
8419,ans,2009,0.503083
8419,ans,2010,0.471594
8419,ans,2011,0.490251
8419,ans,2012,0.428813
8419,ans,2013,0.314065
8419,ans,2014,0.303376
8419,ans,2015,0
8419,ans,2016,0.290296
8419,lux,1999,0.473014
8419,lux,2000,0.36682
8419,lux,2001,0.360728
8419,lux,2002,0.366778
8419,lux,2003,0.456198
8419,lux,2004,0.462526
8419,lux,2005,0.471726
8419,lux,2006,0.340965
8419,lux,2007,0.430263
8419,lux,2008,0.368516
8419,lux,2009,0.396436
8419,lux,2010,0
8419,lux,2011,0.370172
8419,lux,2012,0.322667
8419,lux,2013,0.2203
8419,lux,2014,0.206152
8419,lux,2015,0.340123
8419,lux,2016,0.226654
8419,asm,2000,0.434549
8419,asm,2001,0.428682
8419,asm,2002,0
8419,asm,2003,0
8419,asm,2004,0.520397
8419,asm,2005,0
8419,asm,2006,0.434349
8419,asm,2007,0.510449
8419,asm,2008,0.474198
8419,asm,2009,0.476664
8419,asm,2010,0.437583
8419,asm,2011,0.470161
8419,asm,2012,0
8419,asm,2013,0.30769
8419,asm,2014,0.288828
8419,asm,2015,0.425243
8419,asm,2016,0.33348
8419,ata,2000,0.460084
8419,ata,2001,0.486278
8419,ata,2002,0.480496
8419,ata,2003,0.56653
8419,ata,2004,0.570414
8419,ata,2005,0.592603
8419,ata,2006,0.420813
8419,ata,2007,0.519824
8419,ata,2008,0.475786
8419,ata,2009,0.495358
8419,ata,2010,0.468251
8419,ata,2011,0.480133
8419,ata,2012,0.415754
8419,ata,2013,0.310987
8419,ata,2014,0.273718
8419,ata,2015,0.416075
8419,ata,2016,0.323892
8419,bvt,2000,0.468693
8419,bvt,2001,0.481894
8419,bvt,2002,0.497139
8419,bvt,2003,0.567182
8419,bvt,2004,0.56985
8419,bvt,2005,0.589732
8419,bvt,2006,0.443177
8419,bvt,2007,0.521062
8419,bvt,2008,0.485573
8419,bvt,2009,0.504671
8419,bvt,2010,0.482627
8419,bvt,2011,0.484004
8419,bvt,2012,0.430853
8419,bvt,2013,0.3125
8419,bvt,2014,0.314661
8419,bvt,2015,0.444232
8419,bvt,2016,0.326996
8419,bwa,2000,0.491658
8419,bwa,2001,0.507067
8419,bwa,2002,0.504905
8419,bwa,2003,0.581527
8419,bwa,2004,0.588071
8419,bwa,2005,0.616919
8419,bwa,2006,0.469997
8419,bwa,2007,0.557718
8419,bwa,2008,0.505056
8419,bwa,2009,0.522876
8419,bwa,2010,0.513591
8419,bwa,2011,0.504257
8419,bwa,2012,0.455513
8419,bwa,2013,0.335396
8419,bwa,2014,0.330625
8419,bwa,2015,0.460479
8419,bwa,2016,0.349981
8419,gum,2000,0.4863
8419,gum,2001,0.49572
8419,gum,2002,0.509656
8419,gum,2003,0.592814
8419,gum,2004,0.576518
8419,gum,2005,0.607484
8419,gum,2006,0.446162
8419,gum,2007,0.522202
8419,gum,2008,0.489076
8419,gum,2009,0.515874
8419,gum,2010,0.447844
8419,gum,2011,0.471894
8419,gum,2012,0.436782
8419,gum,2013,0.31337
8419,gum,2014,0.304252
8419,gum,2015,0.426144
8419,gum,2016,0.32683
8419,hmd,2000,0.468467
8419,hmd,2001,0.482204
8419,hmd,2002,0.500471
8419,hmd,2003,0.577634
8419,hmd,2004,0.577101
8419,hmd,2005,0.600545
8419,hmd,2006,0.441463
8419,hmd,2007,0.527475
8419,hmd,2008,0.487595
8419,hmd,2009,0.501816
8419,hmd,2010,0.456729
8419,hmd,2011,0.476478
8419,hmd,2012,0.430948
8419,hmd,2013,0.314432
8419,hmd,2014,0.30283
8419,hmd,2015,0.443386
8419,hmd,2016,0.330648
8419,lso,2000,0.483926
8419,lso,2001,0.502385
8419,lso,2002,0.51052
8419,lso,2003,0.587311
8419,lso,2004,0.585874
8419,lso,2005,0.613577
8419,lso,2006,0.459177
8419,lso,2007,0.547731
8419,lso,2008,0.505896
8419,lso,2009,0.538884
8419,lso,2010,0.515121
8419,lso,2011,0.517864
8419,lso,2012,0.468017
8419,lso,2013,0.359799
8419,lso,2014,0.346616
8419,lso,2015,0.480711
8419,lso,2016,0.378609
8419,myt,2000,0.464475
8419,myt,2001,0.442911
8419,myt,2002,0.494079
8419,myt,2003,0.555592
8419,myt,2004,0
8419,myt,2005,0
8419,myt,2006,0.410147
8419,myt,2007,0.52187
8419,myt,2008,0.479824
8419,myt,2009,0.48219
8419,myt,2010,0.440659
8419,myt,2011,0.482901
8419,myt,2012,0.4342
8419,myt,2013,0.310843
8419,nam,2000,0.517754
8419,nam,2001,0.529008
8419,nam,2002,0.532006
8419,nam,2003,0.611432
8419,nam,2004,0.615523
8419,nam,2005,0.634917
8419,nam,2006,0.487968
8419,nam,2007,0.569081
8419,nam,2008,0.522924
8419,nam,2009,0.566177
8419,nam,2010,0.5139
8419,nam,2011,0.528815
8419,nam,2012,0.474122
8419,nam,2013,0.361961
8419,nam,2014,0.363179
8419,nam,2015,0.482311
8419,nam,2016,0.373387
8419,pse,2000,0
8419,pse,2001,0
8419,pse,2002,0.475496
8419,pse,2003,0.516566
8419,pse,2004,0.57907
8419,pse,2005,0.602095
8419,pse,2006,0.446642
8419,pse,2007,0.533705
8419,pse,2008,0.49629
8419,pse,2009,0.520375
8419,pse,2010,0.490709
8419,pse,2011,0.499098
8419,pse,2012,0.456228
8419,pse,2013,0.36589
8419,pse,2014,0.360299
8419,pse,2015,0.474776
8419,pse,2016,0.377698
8419,sgs,2000,0.468704
8419,sgs,2001,0.481906
8419,sgs,2002,0.486098
8419,sgs,2003,0.561434
8419,sgs,2004,0.568781
8419,sgs,2005,0.602589
8419,sgs,2006,0.434671
8419,sgs,2007,0.540034
8419,sgs,2008,0.486341
8419,sgs,2009,0.518408
8419,sgs,2010,0.47241
8419,sgs,2011,0.469447
8419,sgs,2012,0.427893
8419,sgs,2013,0.304271
8419,sgs,2014,0.295415
8419,sgs,2015,0.434217
8419,sgs,2016,0.328101
8419,smr,2000,0.417782
8419,smr,2001,0.442119
8419,smr,2002,0.445054
8419,smr,2003,0.531065
8419,smr,2004,0.508351
8419,smr,2005,0
8419,smr,2006,0.383933
8419,smr,2007,0.47583
8419,smr,2008,0.41027
8419,smr,2009,0.462817
8419,smr,2010,0.437321
8419,smr,2011,0.408597
8419,smr,2012,0.386763
8419,smr,2013,0.268297
8419,smr,2014,0.275251
8419,smr,2015,0.404416
8419,smr,2016,0.304978
8419,swz,2000,0.45449
8419,swz,2001,0
8419,swz,2002,0
8419,swz,2003,0
8419,swz,2004,0
8419,swz,2005,0.551652
8419,swz,2006,0.372282
8419,swz,2007,0
8419,swz,2008,0
8419,swz,2009,0.461528
8419,swz,2010,0.467656
8419,swz,2011,0.47844
8419,swz,2012,0.440415
8419,swz,2013,0.325552
8419,swz,2014,0.326951
8419,swz,2015,0.439451
8419,swz,2016,0.345023
8419,umi,2000,0.49444
8419,umi,2001,0.496544
8419,umi,2002,0.48251
8419,umi,2003,0.56908
8419,umi,2004,0.558199
8419,umi,2005,0.572762
8419,umi,2006,0.460599
8419,umi,2007,0.502906
8419,umi,2008,0.435097
8419,umi,2009,0.50414
8419,umi,2010,0.471161
8419,umi,2011,0.47216
8419,umi,2012,0
8419,umi,2013,0.282863
8419,umi,2014,0.225778
8419,umi,2015,0.412958
8419,umi,2016,0.271941
8419,vat,2000,0
8419,vat,2001,0.485376
8419,vat,2002,0
8419,vat,2003,0.566715
8419,vat,2004,0.558341
8419,vat,2005,0.576302
8419,vat,2006,0.441448
8419,vat,2007,0.514978
8419,vat,2008,0.482556
8419,vat,2009,0.512949
8419,vat,2010,0.449547
8419,vat,2011,0.494161
8419,vat,2012,0.423795
8419,vat,2013,0.293026
8419,vat,2014,0.284926
8419,vat,2015,0.43151
8419,vat,2016,0
8419,srb,2006,0.418874
8419,srb,2007,0.490356
8419,srb,2008,0.449516
8419,srb,2009,0.492319
8419,srb,2010,0.457313
8419,srb,2011,0.478391
8419,srb,2012,0.432548
8419,srb,2013,0.325147
8419,srb,2014,0.326139
8419,srb,2015,0.457324
8419,srb,2016,0.349107
8419,mne,2006,0.46099
8419,mne,2007,0.532855
8419,mne,2008,0.489153
8419,mne,2009,0.518336
8419,mne,2010,0.477393
8419,mne,2011,0.500691
8419,mne,2012,0.456593
8419,mne,2013,0.352096
8419,mne,2014,0.344517
8419,mne,2015,0.453447
8419,mne,2016,0.353218
8419,bes,2011,0.477473
8419,bes,2012,0.430853
8419,bes,2013,0.295124
8419,bes,2014,0.304349
8419,bes,2015,0.438748
8419,bes,2016,0.332177
8419,cuw,2011,0.495384
8419,cuw,2012,0.440353
8419,cuw,2013,0.318694
8419,cuw,2014,0.314919
8419,cuw,2015,0.441206
8419,cuw,2016,0.342252
8419,sxm,2011,0.49497
8419,sxm,2012,0.438266
8419,sxm,2013,0.322983
8419,sxm,2014,0.305267
8419,sxm,2015,0.446438
8419,sxm,2016,0.338697
8419,ssd,2012,0.44503
8419,ssd,2013,0.319456
8419,ssd,2014,0.309169
8419,ssd,2015,0.450499
8419,ssd,2016,0.34245
8419,blm,2013,0.302532
8419,blm,2014,0.296841
8419,blm,2015,0.443664
8419,blm,2016,0.313156
