product_code_hs,location,year,cog
9605,abw,1995,-0.087359
9605,abw,1996,-0.075592
9605,abw,1997,-0.020707
9605,abw,1998,-0.101066
9605,abw,1999,-0.208783
9605,abw,2000,-0.161559
9605,abw,2001,-0.045334
9605,abw,2002,-0.099496
9605,abw,2003,-0.154523
9605,abw,2004,-0.243348
9605,abw,2005,-0.083445
9605,abw,2006,-0.138739
9605,abw,2007,-0.116637
9605,abw,2008,-0.176166
9605,abw,2009,-0.184067
9605,abw,2010,-0.188328
9605,abw,2011,-0.117827
9605,abw,2012,-0.09373
9605,abw,2013,-0.06107
9605,abw,2014,-0.059278
9605,abw,2015,-0.049106
9605,abw,2016,-0.013774
9605,afg,1995,-0.05817
9605,afg,1996,-0.055201
9605,afg,1997,-0.00195
9605,afg,1998,-0.084052
9605,afg,1999,-0.189994
9605,afg,2000,-0.136766
9605,afg,2001,-0.026899
9605,afg,2002,-0.072309
9605,afg,2003,-0.129649
9605,afg,2004,-0.208383
9605,afg,2005,-0.057423
9605,afg,2006,-0.099601
9605,afg,2007,-0.079409
9605,afg,2008,-0.145683
9605,afg,2009,-0.147065
9605,afg,2010,-0.148068
9605,afg,2011,-0.081864
9605,afg,2012,-0.061686
9605,afg,2013,-0.029339
9605,afg,2014,-0.017206
9605,afg,2015,-0.032777
9605,afg,2016,0.017415
9605,ago,1995,-0.086813
9605,ago,1996,-0.07503
9605,ago,1997,-0.021759
9605,ago,1998,-0.096763
9605,ago,1999,-0.20866
9605,ago,2000,-0.162723
9605,ago,2001,-0.045614
9605,ago,2002,-0.09716
9605,ago,2003,-0.155006
9605,ago,2004,-0.244314
9605,ago,2005,-0.081887
9605,ago,2006,-0.138195
9605,ago,2007,-0.11782
9605,ago,2008,-0.179511
9605,ago,2009,-0.182146
9605,ago,2010,-0.188052
9605,ago,2011,-0.116225
9605,ago,2012,-0.094532
9605,ago,2013,-0.059373
9605,ago,2014,-0.062139
9605,ago,2015,-0.048879
9605,ago,2016,-0.015529
9605,aia,1995,-0.089292
9605,aia,1996,-0.075667
9605,aia,1997,-0.022323
9605,aia,1998,-0.09821
9605,aia,1999,-0.202275
9605,aia,2000,-0.147637
9605,aia,2001,-0.056673
9605,aia,2002,-0.102464
9605,aia,2003,-0.152535
9605,aia,2004,-0.233595
9605,aia,2005,-0.085126
9605,aia,2006,-0.142132
9605,aia,2007,-0.126345
9605,aia,2008,-0.184451
9605,aia,2009,-0.188369
9605,aia,2010,-0.186826
9605,aia,2011,-0.122994
9605,aia,2012,-0.099115
9605,aia,2013,-0.064531
9605,aia,2014,-0.061603
9605,aia,2015,-0.042315
9605,aia,2016,-0.019112
9605,alb,1995,-0.033699
9605,alb,1996,0.005455
9605,alb,1997,0.025763
9605,alb,1998,-0.044495
9605,alb,1999,-0.155471
9605,alb,2000,-0.1246
9605,alb,2001,-0.007977
9605,alb,2002,-0.05735
9605,alb,2003,-0.114516
9605,alb,2004,-0.176948
9605,alb,2005,-0.027205
9605,alb,2006,-0.062456
9605,alb,2007,-0.046586
9605,alb,2008,-0.10663
9605,alb,2009,-0.102243
9605,alb,2010,-0.12193
9605,alb,2011,-0.052135
9605,alb,2012,-0.033606
9605,alb,2013,-0.02161
9605,alb,2014,-0.008509
9605,alb,2015,-0.005227
9605,alb,2016,0.043237
9605,and,1995,-0.081833
9605,and,1996,-0.06262
9605,and,1997,0
9605,and,1998,-0.090047
9605,and,1999,-0.194479
9605,and,2000,-0.159733
9605,and,2001,-0.051827
9605,and,2002,-0.096362
9605,and,2003,-0.150754
9605,and,2004,-0.225816
9605,and,2005,-0.079903
9605,and,2006,-0.138482
9605,and,2007,-0.131307
9605,and,2008,-0.161491
9605,and,2009,-0.18235
9605,and,2010,-0.174689
9605,and,2011,-0.107263
9605,and,2012,-0.097825
9605,and,2013,-0.065946
9605,and,2014,-0.046093
9605,and,2015,-0.046746
9605,and,2016,-0.027675
9605,ant,1995,-0.084057
9605,ant,1996,-0.073674
9605,ant,1997,-0.021707
9605,ant,1998,-0.093805
9605,ant,1999,-0.201283
9605,ant,2000,-0.161347
9605,ant,2001,-0.039211
9605,ant,2002,-0.090261
9605,ant,2003,-0.147756
9605,ant,2004,-0.233726
9605,ant,2005,-0.076545
9605,ant,2006,-0.136984
9605,ant,2007,-0.108523
9605,ant,2008,-0.165423
9605,ant,2009,-0.176734
9605,ant,2010,-0.175747
9605,are,1995,-0.063311
9605,are,1996,-0.047351
9605,are,1997,0.001519
9605,are,1998,-0.063845
9605,are,1999,-0.169547
9605,are,2000,-0.126811
9605,are,2001,-0.00556
9605,are,2002,-0.066105
9605,are,2003,-0.14008
9605,are,2004,-0.213064
9605,are,2005,0
9605,are,2006,-0.12489
9605,are,2007,-0.09562
9605,are,2008,-0.159409
9605,are,2009,-0.158401
9605,are,2010,-0.167965
9605,are,2011,-0.102384
9605,are,2012,-0.081849
9605,are,2013,-0.051504
9605,are,2014,-0.047633
9605,are,2015,-0.038593
9605,are,2016,-0.003764
9605,arg,1995,-0.052981
9605,arg,1996,-0.02995
9605,arg,1997,-0.000334
9605,arg,1998,-0.069658
9605,arg,1999,-0.183234
9605,arg,2000,-0.14245
9605,arg,2001,-0.018917
9605,arg,2002,-0.077444
9605,arg,2003,-0.128251
9605,arg,2004,-0.203311
9605,arg,2005,-0.048223
9605,arg,2006,-0.096451
9605,arg,2007,-0.082539
9605,arg,2008,-0.14075
9605,arg,2009,-0.136473
9605,arg,2010,-0.149425
9605,arg,2011,-0.080054
9605,arg,2012,-0.051196
9605,arg,2013,-0.025573
9605,arg,2014,-0.016822
9605,arg,2015,-0.023454
9605,arg,2016,0.022212
9605,arm,1995,-0.083097
9605,arm,1996,-0.065011
9605,arm,1997,-0.026616
9605,arm,1998,-0.093098
9605,arm,1999,-0.1983
9605,arm,2000,-0.152485
9605,arm,2001,-0.043379
9605,arm,2002,-0.082112
9605,arm,2003,-0.141638
9605,arm,2004,-0.222176
9605,arm,2005,-0.074772
9605,arm,2006,-0.120005
9605,arm,2007,-0.098096
9605,arm,2008,-0.15618
9605,arm,2009,-0.154951
9605,arm,2010,-0.175001
9605,arm,2011,-0.112896
9605,arm,2012,-0.081386
9605,arm,2013,-0.04693
9605,arm,2014,-0.040188
9605,arm,2015,-0.033825
9605,arm,2016,-0.002033
9605,atf,1995,-0.088839
9605,atf,1996,-0.075398
9605,atf,1997,-0.023326
9605,atf,1998,-0.099702
9605,atf,1999,-0.212897
9605,atf,2000,-0.1638
9605,atf,2001,-0.047659
9605,atf,2002,-0.097184
9605,atf,2003,-0.151741
9605,atf,2004,-0.239722
9605,atf,2005,-0.076771
9605,atf,2006,-0.130319
9605,atf,2007,-0.109277
9605,atf,2008,-0.162987
9605,atf,2009,-0.1691
9605,atf,2010,-0.182488
9605,atf,2011,-0.116902
9605,atf,2012,-0.095305
9605,atf,2013,-0.060207
9605,atf,2014,-0.06325
9605,atf,2015,-0.049265
9605,atf,2016,-0.014659
9605,atg,1995,-0.070833
9605,atg,1996,-0.069887
9605,atg,1997,-0.016961
9605,atg,1998,-0.08991
9605,atg,1999,-0.186968
9605,atg,2000,-0.154459
9605,atg,2001,-0.037671
9605,atg,2002,-0.101319
9605,atg,2003,-0.151578
9605,atg,2004,-0.238393
9605,atg,2005,-0.075608
9605,atg,2006,-0.131317
9605,atg,2007,-0.106245
9605,atg,2008,-0.168926
9605,atg,2009,-0.173369
9605,atg,2010,-0.181501
9605,atg,2011,-0.109903
9605,atg,2012,-0.091939
9605,atg,2013,-0.055457
9605,atg,2014,-0.0573
9605,atg,2015,-0.047143
9605,atg,2016,-0.007359
9605,aus,1995,-0.065111
9605,aus,1996,-0.03701
9605,aus,1997,-0.008343
9605,aus,1998,-0.068955
9605,aus,1999,-0.170505
9605,aus,2000,-0.137539
9605,aus,2001,-0.012966
9605,aus,2002,-0.073167
9605,aus,2003,-0.117042
9605,aus,2004,-0.186339
9605,aus,2005,-0.05249
9605,aus,2006,-0.098095
9605,aus,2007,-0.078821
9605,aus,2008,-0.116583
9605,aus,2009,-0.137806
9605,aus,2010,-0.144302
9605,aus,2011,-0.094631
9605,aus,2012,-0.06052
9605,aus,2013,-0.031443
9605,aus,2014,-0.017796
9605,aus,2015,-0.02468
9605,aus,2016,0.013837
9605,aut,1995,-0.154934
9605,aut,1996,-0.16358
9605,aut,1997,-0.112103
9605,aut,1998,-0.160157
9605,aut,1999,-0.219581
9605,aut,2000,-0.174189
9605,aut,2001,-0.121236
9605,aut,2002,-0.146217
9605,aut,2003,-0.174529
9605,aut,2004,-0.255156
9605,aut,2005,-0.142589
9605,aut,2006,-0.188467
9605,aut,2007,-0.170851
9605,aut,2008,-0.207351
9605,aut,2009,-0.220449
9605,aut,2010,-0.212434
9605,aut,2011,-0.158606
9605,aut,2012,-0.129174
9605,aut,2013,-0.101054
9605,aut,2014,-0.121459
9605,aut,2015,-0.076732
9605,aut,2016,-0.064339
9605,aze,1995,-0.067737
9605,aze,1996,-0.058603
9605,aze,1997,-0.011958
9605,aze,1998,-0.085339
9605,aze,1999,-0.194229
9605,aze,2000,-0.144042
9605,aze,2001,-0.03122
9605,aze,2002,-0.088144
9605,aze,2003,-0.144876
9605,aze,2004,-0.220104
9605,aze,2005,-0.065378
9605,aze,2006,-0.124843
9605,aze,2007,-0.109517
9605,aze,2008,-0.17385
9605,aze,2009,-0.175495
9605,aze,2010,-0.182434
9605,aze,2011,-0.108037
9605,aze,2012,-0.085002
9605,aze,2013,-0.054349
9605,aze,2014,-0.052868
9605,aze,2015,-0.045005
9605,aze,2016,-0.008162
9605,bdi,1995,-0.072544
9605,bdi,1996,-0.062786
9605,bdi,1997,-0.012347
9605,bdi,1998,-0.092104
9605,bdi,1999,-0.197952
9605,bdi,2000,-0.15453
9605,bdi,2001,-0.034328
9605,bdi,2002,-0.086471
9605,bdi,2003,-0.143498
9605,bdi,2004,0
9605,bdi,2005,-0.069982
9605,bdi,2006,0
9605,bdi,2007,0
9605,bdi,2008,-0.143946
9605,bdi,2009,-0.145455
9605,bdi,2010,0
9605,bdi,2011,-0.095541
9605,bdi,2012,0
9605,bdi,2013,0
9605,bdi,2014,0
9605,bdi,2015,0
9605,bdi,2016,0
9605,bel,1995,-0.13017
9605,bel,1996,-0.137388
9605,bel,1997,-0.070141
9605,bel,1998,-0.126354
9605,bel,1999,-0.191584
9605,bel,2000,-0.153376
9605,bel,2001,-0.082268
9605,bel,2002,-0.122279
9605,bel,2003,-0.148234
9605,bel,2004,-0.225778
9605,bel,2005,-0.101863
9605,bel,2006,-0.149081
9605,bel,2007,-0.154172
9605,bel,2008,-0.187341
9605,bel,2009,-0.200682
9605,bel,2010,-0.169404
9605,bel,2011,-0.111681
9605,bel,2012,-0.105687
9605,bel,2013,-0.076794
9605,bel,2014,-0.092716
9605,bel,2015,-0.044873
9605,bel,2016,-0.025884
9605,ben,1995,-0.064868
9605,ben,1996,-0.046404
9605,ben,1997,-0.007696
9605,ben,1998,-0.08573
9605,ben,1999,-0.183117
9605,ben,2000,-0.146218
9605,ben,2001,-0.034693
9605,ben,2002,-0.08032
9605,ben,2003,-0.140122
9605,ben,2004,-0.219158
9605,ben,2005,-0.063843
9605,ben,2006,-0.103241
9605,ben,2007,-0.092037
9605,ben,2008,-0.151398
9605,ben,2009,-0.145488
9605,ben,2010,-0.155779
9605,ben,2011,-0.082672
9605,ben,2012,-0.065839
9605,ben,2013,-0.038165
9605,ben,2014,0
9605,ben,2015,-0.040514
9605,ben,2016,0.016358
9605,bfa,1995,-0.069685
9605,bfa,1996,-0.056379
9605,bfa,1997,-0.008629
9605,bfa,1998,-0.081994
9605,bfa,1999,0
9605,bfa,2000,-0.130973
9605,bfa,2001,-0.00456
9605,bfa,2002,-0.057671
9605,bfa,2003,-0.13454
9605,bfa,2004,-0.202843
9605,bfa,2005,-0.054687
9605,bfa,2006,-0.09682
9605,bfa,2007,-0.071506
9605,bfa,2008,-0.147233
9605,bfa,2009,-0.127794
9605,bfa,2010,-0.142455
9605,bfa,2011,0
9605,bfa,2012,-0.065229
9605,bfa,2013,-0.035299
9605,bfa,2014,-0.019096
9605,bfa,2015,-0.037841
9605,bfa,2016,0.002884
9605,bgd,1995,-0.020552
9605,bgd,1996,-0.000292
9605,bgd,1997,0.029708
9605,bgd,1998,-0.045192
9605,bgd,1999,-0.15646
9605,bgd,2000,-0.117513
9605,bgd,2001,0.007686
9605,bgd,2002,-0.042566
9605,bgd,2003,-0.112971
9605,bgd,2004,-0.151886
9605,bgd,2005,-0.011367
9605,bgd,2006,-0.052732
9605,bgd,2007,-0.022007
9605,bgd,2008,-0.097285
9605,bgd,2009,-0.078377
9605,bgd,2010,-0.090164
9605,bgd,2011,-0.026096
9605,bgd,2012,-0.016416
9605,bgd,2013,-0.007142
9605,bgd,2014,0.006297
9605,bgd,2015,-0.000611
9605,bgd,2016,0.041089
9605,bgr,1995,-0.041921
9605,bgr,1996,0
9605,bgr,1997,0.016706
9605,bgr,1998,-0.050743
9605,bgr,1999,-0.156477
9605,bgr,2000,-0.123345
9605,bgr,2001,0
9605,bgr,2002,-0.053368
9605,bgr,2003,0
9605,bgr,2004,-0.173397
9605,bgr,2005,-0.027794
9605,bgr,2006,-0.082856
9605,bgr,2007,-0.065235
9605,bgr,2008,-0.119935
9605,bgr,2009,-0.116018
9605,bgr,2010,-0.135786
9605,bgr,2011,-0.064434
9605,bgr,2012,-0.054899
9605,bgr,2013,-0.032965
9605,bgr,2014,-0.025383
9605,bgr,2015,-0.020141
9605,bgr,2016,0.024497
9605,bhr,1995,0
9605,bhr,1996,0
9605,bhr,1997,0
9605,bhr,1998,0
9605,bhr,1999,0
9605,bhr,2000,0
9605,bhr,2001,0
9605,bhr,2002,0
9605,bhr,2003,-0.147214
9605,bhr,2004,0
9605,bhr,2005,0
9605,bhr,2006,-0.125669
9605,bhr,2007,-0.107691
9605,bhr,2008,-0.169048
9605,bhr,2009,-0.165407
9605,bhr,2010,-0.173172
9605,bhr,2011,-0.098221
9605,bhr,2012,-0.078796
9605,bhr,2013,-0.054892
9605,bhr,2014,-0.054652
9605,bhr,2015,-0.038447
9605,bhr,2016,-0.002049
9605,bhs,1995,0
9605,bhs,1996,-0.069473
9605,bhs,1997,-0.021295
9605,bhs,1998,-0.091034
9605,bhs,1999,-0.19993
9605,bhs,2000,-0.1494
9605,bhs,2001,-0.050644
9605,bhs,2002,-0.100706
9605,bhs,2003,-0.151946
9605,bhs,2004,-0.236303
9605,bhs,2005,-0.080379
9605,bhs,2006,-0.13296
9605,bhs,2007,-0.113796
9605,bhs,2008,-0.172567
9605,bhs,2009,-0.17443
9605,bhs,2010,-0.180702
9605,bhs,2011,-0.112682
9605,bhs,2012,-0.096178
9605,bhs,2013,-0.059883
9605,bhs,2014,-0.061105
9605,bhs,2015,-0.046622
9605,bhs,2016,-0.014569
9605,bih,1995,-0.049683
9605,bih,1996,-0.04036
9605,bih,1997,0.001022
9605,bih,1998,-0.064664
9605,bih,1999,-0.177751
9605,bih,2000,-0.134146
9605,bih,2001,-0.010994
9605,bih,2002,-0.062024
9605,bih,2003,-0.11908
9605,bih,2004,-0.190602
9605,bih,2005,-0.040254
9605,bih,2006,-0.092168
9605,bih,2007,-0.075297
9605,bih,2008,-0.140233
9605,bih,2009,-0.13531
9605,bih,2010,-0.139523
9605,bih,2011,-0.081714
9605,bih,2012,-0.054361
9605,bih,2013,-0.031696
9605,bih,2014,-0.021671
9605,bih,2015,-0.015311
9605,bih,2016,0.009481
9605,blr,1995,0
9605,blr,1996,-0.051138
9605,blr,1997,-0.01774
9605,blr,1998,-0.090705
9605,blr,1999,-0.193283
9605,blr,2000,-0.153598
9605,blr,2001,-0.047785
9605,blr,2002,-0.095289
9605,blr,2003,-0.14175
9605,blr,2004,-0.227409
9605,blr,2005,-0.075199
9605,blr,2006,-0.131214
9605,blr,2007,-0.112586
9605,blr,2008,-0.170599
9605,blr,2009,-0.171783
9605,blr,2010,-0.178209
9605,blr,2011,-0.106539
9605,blr,2012,-0.092138
9605,blr,2013,-0.056573
9605,blr,2014,-0.052982
9605,blr,2015,-0.03731
9605,blr,2016,-0.003512
9605,blz,1995,-0.073851
9605,blz,1996,-0.056937
9605,blz,1997,-0.008991
9605,blz,1998,-0.087193
9605,blz,1999,-0.193508
9605,blz,2000,-0.148399
9605,blz,2001,-0.038089
9605,blz,2002,-0.082532
9605,blz,2003,-0.138687
9605,blz,2004,-0.221797
9605,blz,2005,-0.062068
9605,blz,2006,-0.117073
9605,blz,2007,-0.105547
9605,blz,2008,-0.160522
9605,blz,2009,-0.146209
9605,blz,2010,-0.16218
9605,blz,2011,-0.089019
9605,blz,2012,-0.07082
9605,blz,2013,-0.038241
9605,blz,2014,-0.034374
9605,blz,2015,-0.039213
9605,blz,2016,0.004388
9605,bmu,1995,-0.08941
9605,bmu,1996,-0.08194
9605,bmu,1997,-0.028976
9605,bmu,1998,-0.102724
9605,bmu,1999,-0.209371
9605,bmu,2000,-0.163205
9605,bmu,2001,-0.051076
9605,bmu,2002,-0.102531
9605,bmu,2003,-0.15661
9605,bmu,2004,-0.244964
9605,bmu,2005,-0.08086
9605,bmu,2006,-0.140305
9605,bmu,2007,-0.119834
9605,bmu,2008,-0.178864
9605,bmu,2009,-0.188967
9605,bmu,2010,-0.190277
9605,bmu,2011,-0.119018
9605,bmu,2012,-0.098968
9605,bmu,2013,-0.061055
9605,bmu,2014,-0.061449
9605,bmu,2015,-0.049159
9605,bmu,2016,-0.020951
9605,bol,1995,-0.049405
9605,bol,1996,-0.031417
9605,bol,1997,0.01432
9605,bol,1998,-0.06606
9605,bol,1999,-0.170796
9605,bol,2000,-0.126158
9605,bol,2001,-0.01081
9605,bol,2002,-0.050544
9605,bol,2003,-0.119707
9605,bol,2004,-0.193939
9605,bol,2005,-0.042873
9605,bol,2006,-0.08571
9605,bol,2007,-0.073388
9605,bol,2008,-0.118183
9605,bol,2009,-0.124564
9605,bol,2010,-0.141364
9605,bol,2011,-0.086446
9605,bol,2012,-0.059121
9605,bol,2013,-0.021852
9605,bol,2014,-0.022762
9605,bol,2015,-0.033419
9605,bol,2016,0.017209
9605,bra,1995,-0.046404
9605,bra,1996,-0.033973
9605,bra,1997,0.012005
9605,bra,1998,-0.071194
9605,bra,1999,-0.160931
9605,bra,2000,-0.124119
9605,bra,2001,-0.007653
9605,bra,2002,-0.054625
9605,bra,2003,-0.119321
9605,bra,2004,-0.17306
9605,bra,2005,-0.043333
9605,bra,2006,-0.091988
9605,bra,2007,-0.067317
9605,bra,2008,-0.125356
9605,bra,2009,-0.109609
9605,bra,2010,-0.126896
9605,bra,2011,-0.082448
9605,bra,2012,-0.051318
9605,bra,2013,-0.024039
9605,bra,2014,-0.0074
9605,bra,2015,-0.030125
9605,bra,2016,0.017733
9605,brb,1995,-0.086677
9605,brb,1996,-0.06859
9605,brb,1997,0
9605,brb,1998,0
9605,brb,1999,-0.199444
9605,brb,2000,-0.162787
9605,brb,2001,-0.045547
9605,brb,2002,0
9605,brb,2003,-0.148712
9605,brb,2004,-0.23005
9605,brb,2005,-0.085448
9605,brb,2006,-0.138751
9605,brb,2007,-0.123094
9605,brb,2008,-0.163357
9605,brb,2009,-0.186978
9605,brb,2010,-0.183429
9605,brb,2011,-0.112442
9605,brb,2012,-0.09265
9605,brb,2013,-0.053829
9605,brb,2014,-0.050103
9605,brb,2015,-0.039293
9605,brb,2016,-0.009025
9605,brn,1995,-0.081839
9605,brn,1996,-0.066703
9605,brn,1997,-0.016692
9605,brn,1998,-0.092591
9605,brn,1999,-0.202013
9605,brn,2000,-0.15646
9605,brn,2001,-0.037878
9605,brn,2002,-0.08752
9605,brn,2003,-0.140958
9605,brn,2004,-0.224872
9605,brn,2005,-0.069774
9605,brn,2006,-0.131917
9605,brn,2007,-0.114887
9605,brn,2008,-0.177134
9605,brn,2009,-0.177205
9605,brn,2010,-0.191149
9605,brn,2011,-0.118304
9605,brn,2012,-0.096302
9605,brn,2013,-0.060369
9605,brn,2014,-0.062302
9605,brn,2015,-0.049862
9605,brn,2016,-0.018188
9605,btn,1995,-0.078651
9605,btn,1996,-0.064196
9605,btn,1997,-0.014843
9605,btn,1998,-0.090219
9605,btn,1999,-0.204738
9605,btn,2000,-0.154865
9605,btn,2001,-0.033117
9605,btn,2002,-0.089338
9605,btn,2003,-0.145841
9605,btn,2004,-0.224211
9605,btn,2005,-0.084519
9605,btn,2006,-0.132086
9605,btn,2007,-0.117499
9605,btn,2008,-0.169297
9605,btn,2009,-0.17653
9605,btn,2010,-0.18382
9605,btn,2011,-0.105942
9605,btn,2012,-0.087782
9605,btn,2013,-0.059801
9605,btn,2014,-0.055355
9605,btn,2015,-0.04478
9605,btn,2016,-0.015364
9605,caf,1995,-0.077647
9605,caf,1996,-0.057187
9605,caf,1997,-0.009824
9605,caf,1998,-0.092336
9605,caf,1999,-0.200919
9605,caf,2000,-0.158709
9605,caf,2001,-0.032737
9605,caf,2002,-0.093438
9605,caf,2003,-0.146289
9605,caf,2004,-0.22861
9605,caf,2005,-0.078168
9605,caf,2006,-0.121294
9605,caf,2007,-0.112979
9605,caf,2008,-0.165592
9605,caf,2009,-0.16289
9605,caf,2010,-0.178603
9605,caf,2011,0
9605,caf,2012,-0.087171
9605,caf,2013,-0.050221
9605,caf,2014,-0.041952
9605,caf,2015,-0.046744
9605,caf,2016,-0.004285
9605,can,1995,-0.08491
9605,can,1996,-0.085061
9605,can,1997,-0.036151
9605,can,1998,-0.100395
9605,can,1999,-0.19654
9605,can,2000,-0.156854
9605,can,2001,-0.043012
9605,can,2002,-0.100024
9605,can,2003,-0.139175
9605,can,2004,-0.222584
9605,can,2005,-0.078822
9605,can,2006,-0.124748
9605,can,2007,-0.105818
9605,can,2008,-0.148071
9605,can,2009,-0.156928
9605,can,2010,-0.158727
9605,can,2011,-0.099967
9605,can,2012,-0.077741
9605,can,2013,-0.046305
9605,can,2014,-0.048018
9605,can,2015,-0.039282
9605,can,2016,-0.008463
9605,cck,1995,-0.050008
9605,cck,1996,-0.063751
9605,cck,1997,-0.022838
9605,cck,1998,-0.09039
9605,cck,1999,-0.196355
9605,cck,2000,0
9605,cck,2001,-0.047912
9605,cck,2002,-0.090871
9605,cck,2003,-0.148405
9605,cck,2004,-0.235016
9605,cck,2005,-0.076267
9605,cck,2006,-0.127849
9605,cck,2007,-0.107262
9605,cck,2008,-0.173935
9605,cck,2009,-0.179395
9605,cck,2010,-0.181314
9605,cck,2011,-0.115733
9605,cck,2012,-0.085224
9605,cck,2013,-0.061683
9605,cck,2014,-0.060939
9605,cck,2015,-0.052249
9605,cck,2016,-0.016251
9605,che,1995,-0.1684
9605,che,1996,-0.186151
9605,che,1997,-0.116587
9605,che,1998,-0.161145
9605,che,1999,-0.223928
9605,che,2000,-0.174757
9605,che,2001,-0.143237
9605,che,2002,-0.170607
9605,che,2003,-0.176153
9605,che,2004,-0.264795
9605,che,2005,-0.147733
9605,che,2006,-0.199209
9605,che,2007,-0.195568
9605,che,2008,-0.231795
9605,che,2009,-0.254768
9605,che,2010,-0.236134
9605,che,2011,-0.18238
9605,che,2012,-0.153602
9605,che,2013,-0.107425
9605,che,2014,-0.139708
9605,che,2015,-0.09595
9605,che,2016,-0.074636
9605,chl,1995,-0.044115
9605,chl,1996,-0.0147
9605,chl,1997,0.010896
9605,chl,1998,-0.067673
9605,chl,1999,-0.179814
9605,chl,2000,-0.14248
9605,chl,2001,-0.017858
9605,chl,2002,-0.072641
9605,chl,2003,-0.124808
9605,chl,2004,-0.205587
9605,chl,2005,-0.055007
9605,chl,2006,-0.104283
9605,chl,2007,-0.083383
9605,chl,2008,-0.134777
9605,chl,2009,-0.1371
9605,chl,2010,-0.155283
9605,chl,2011,-0.087229
9605,chl,2012,-0.063953
9605,chl,2013,-0.033035
9605,chl,2014,-0.018933
9605,chl,2015,-0.024724
9605,chl,2016,0.009371
9605,chn,1995,0
9605,chn,1996,0
9605,chn,1997,0
9605,chn,1998,0
9605,chn,1999,0
9605,chn,2000,0
9605,chn,2001,0
9605,chn,2002,0
9605,chn,2003,0
9605,chn,2004,0
9605,chn,2005,0
9605,chn,2006,0
9605,chn,2007,0
9605,chn,2008,0
9605,chn,2009,0
9605,chn,2010,0
9605,chn,2011,0
9605,chn,2012,0
9605,chn,2013,0
9605,chn,2014,0
9605,chn,2015,0
9605,chn,2016,0
9605,civ,1995,-0.037234
9605,civ,1996,-0.007944
9605,civ,1997,0.02269
9605,civ,1998,-0.061954
9605,civ,1999,-0.166977
9605,civ,2000,-0.127418
9605,civ,2001,-0.0013
9605,civ,2002,-0.057392
9605,civ,2003,-0.133101
9605,civ,2004,-0.202255
9605,civ,2005,-0.043934
9605,civ,2006,-0.086357
9605,civ,2007,-0.076891
9605,civ,2008,-0.127021
9605,civ,2009,-0.108959
9605,civ,2010,-0.128353
9605,civ,2011,-0.078567
9605,civ,2012,-0.033392
9605,civ,2013,-0.027249
9605,civ,2014,-0.013147
9605,civ,2015,-0.033107
9605,civ,2016,0.014565
9605,cmr,1995,-0.060587
9605,cmr,1996,-0.039339
9605,cmr,1997,0.002679
9605,cmr,1998,-0.073542
9605,cmr,1999,-0.179761
9605,cmr,2000,-0.141372
9605,cmr,2001,-0.020853
9605,cmr,2002,-0.072863
9605,cmr,2003,-0.136702
9605,cmr,2004,-0.216204
9605,cmr,2005,-0.055657
9605,cmr,2006,-0.105651
9605,cmr,2007,-0.096219
9605,cmr,2008,-0.154151
9605,cmr,2009,-0.122416
9605,cmr,2010,-0.148356
9605,cmr,2011,-0.093292
9605,cmr,2012,-0.061442
9605,cmr,2013,-0.03777
9605,cmr,2014,-0.034367
9605,cmr,2015,-0.041351
9605,cmr,2016,0.013895
9605,cod,1995,-0.069345
9605,cod,1996,-0.05257
9605,cod,1997,-0.006179
9605,cod,1998,-0.086334
9605,cod,1999,-0.199776
9605,cod,2000,-0.156301
9605,cod,2001,-0.034966
9605,cod,2002,-0.08607
9605,cod,2003,-0.130772
9605,cod,2004,-0.224386
9605,cod,2005,-0.060723
9605,cod,2006,-0.114721
9605,cod,2007,-0.097958
9605,cod,2008,-0.146136
9605,cod,2009,-0.153808
9605,cod,2010,-0.172058
9605,cod,2011,0
9605,cod,2012,-0.078548
9605,cod,2013,-0.046825
9605,cod,2014,-0.046347
9605,cod,2015,-0.045417
9605,cod,2016,-0.002228
9605,cog,1995,-0.083624
9605,cog,1996,-0.06934
9605,cog,1997,-0.017683
9605,cog,1998,-0.08658
9605,cog,1999,-0.203102
9605,cog,2000,-0.159811
9605,cog,2001,-0.03843
9605,cog,2002,-0.089871
9605,cog,2003,0
9605,cog,2004,-0.233942
9605,cog,2005,-0.072652
9605,cog,2006,-0.128643
9605,cog,2007,-0.106512
9605,cog,2008,-0.152876
9605,cog,2009,-0.163199
9605,cog,2010,-0.177283
9605,cog,2011,-0.112436
9605,cog,2012,-0.077781
9605,cog,2013,-0.047263
9605,cog,2014,-0.054118
9605,cog,2015,-0.045499
9605,cog,2016,-0.003498
9605,cok,1995,-0.062846
9605,cok,1996,-0.055906
9605,cok,1997,-0.004783
9605,cok,1998,-0.076377
9605,cok,1999,-0.19215
9605,cok,2000,-0.145023
9605,cok,2001,-0.031191
9605,cok,2002,-0.075625
9605,cok,2003,-0.129281
9605,cok,2004,-0.224286
9605,cok,2005,-0.06788
9605,cok,2006,-0.117623
9605,cok,2007,-0.097871
9605,cok,2008,-0.173731
9605,cok,2009,-0.16178
9605,cok,2010,-0.165186
9605,cok,2011,-0.103278
9605,cok,2012,-0.083226
9605,cok,2013,-0.062044
9605,cok,2014,-0.058224
9605,cok,2015,-0.047171
9605,cok,2016,-0.014414
9605,col,1995,-0.046916
9605,col,1996,-0.032158
9605,col,1997,0.002512
9605,col,1998,-0.071437
9605,col,1999,-0.172384
9605,col,2000,-0.140007
9605,col,2001,-0.017381
9605,col,2002,-0.06299
9605,col,2003,-0.121637
9605,col,2004,-0.176824
9605,col,2005,-0.02807
9605,col,2006,-0.077885
9605,col,2007,-0.059589
9605,col,2008,-0.125666
9605,col,2009,-0.132313
9605,col,2010,-0.151944
9605,col,2011,-0.07933
9605,col,2012,-0.060317
9605,col,2013,-0.037663
9605,col,2014,-0.043803
9605,col,2015,-0.035543
9605,col,2016,0.00793
9605,com,1995,-0.079872
9605,com,1996,-0.060543
9605,com,1997,-0.008517
9605,com,1998,-0.090399
9605,com,1999,-0.206657
9605,com,2000,-0.153205
9605,com,2001,-0.038608
9605,com,2002,-0.088131
9605,com,2003,-0.147262
9605,com,2004,-0.234701
9605,com,2005,-0.073108
9605,com,2006,-0.125974
9605,com,2007,-0.1074
9605,com,2008,-0.175391
9605,com,2009,-0.162155
9605,com,2010,-0.181279
9605,com,2011,-0.110675
9605,com,2012,-0.080612
9605,com,2013,-0.040561
9605,com,2014,-0.051132
9605,com,2015,-0.041362
9605,com,2016,0
9605,cpv,1995,-0.072975
9605,cpv,1996,-0.064839
9605,cpv,1997,-0.022963
9605,cpv,1998,-0.098727
9605,cpv,1999,-0.20381
9605,cpv,2000,-0.157843
9605,cpv,2001,-0.031968
9605,cpv,2002,-0.083584
9605,cpv,2003,-0.142996
9605,cpv,2004,-0.222182
9605,cpv,2005,-0.064574
9605,cpv,2006,-0.115478
9605,cpv,2007,0
9605,cpv,2008,-0.167675
9605,cpv,2009,-0.156974
9605,cpv,2010,-0.177754
9605,cpv,2011,-0.096571
9605,cpv,2012,-0.069074
9605,cpv,2013,-0.050556
9605,cpv,2014,-0.052114
9605,cpv,2015,-0.04243
9605,cpv,2016,-0.012696
9605,cri,1995,-0.033049
9605,cri,1996,-0.00298
9605,cri,1997,0.033651
9605,cri,1998,-0.052962
9605,cri,1999,-0.168368
9605,cri,2000,-0.137832
9605,cri,2001,-0.019195
9605,cri,2002,-0.068763
9605,cri,2003,-0.127101
9605,cri,2004,-0.196599
9605,cri,2005,-0.047317
9605,cri,2006,-0.09432
9605,cri,2007,-0.086265
9605,cri,2008,-0.141289
9605,cri,2009,-0.145083
9605,cri,2010,-0.156509
9605,cri,2011,-0.087593
9605,cri,2012,-0.066749
9605,cri,2013,-0.042677
9605,cri,2014,-0.048204
9605,cri,2015,-0.035856
9605,cri,2016,0.012151
9605,cub,1995,-0.07297
9605,cub,1996,-0.058005
9605,cub,1997,-0.013415
9605,cub,1998,-0.090629
9605,cub,1999,-0.198842
9605,cub,2000,-0.15201
9605,cub,2001,-0.028994
9605,cub,2002,-0.082324
9605,cub,2003,-0.136898
9605,cub,2004,-0.220237
9605,cub,2005,-0.075758
9605,cub,2006,-0.120703
9605,cub,2007,-0.10389
9605,cub,2008,-0.164623
9605,cub,2009,-0.168743
9605,cub,2010,-0.172803
9605,cub,2011,-0.109032
9605,cub,2012,-0.077838
9605,cub,2013,-0.056966
9605,cub,2014,-0.04949
9605,cub,2015,-0.042283
9605,cub,2016,-0.003626
9605,cxr,1995,-0.089085
9605,cxr,1996,-0.075714
9605,cxr,1997,-0.019726
9605,cxr,1998,-0.098347
9605,cxr,1999,-0.20092
9605,cxr,2000,-0.157083
9605,cxr,2001,-0.04563
9605,cxr,2002,-0.093202
9605,cxr,2003,-0.154729
9605,cxr,2004,-0.228659
9605,cxr,2005,-0.087436
9605,cxr,2006,-0.12757
9605,cxr,2007,-0.125078
9605,cxr,2008,-0.179411
9605,cxr,2009,-0.17849
9605,cxr,2010,-0.184233
9605,cxr,2011,-0.121619
9605,cxr,2012,-0.094512
9605,cxr,2013,-0.062676
9605,cxr,2014,-0.059205
9605,cxr,2015,-0.045319
9605,cxr,2016,-0.013004
9605,cym,1995,-0.087326
9605,cym,1996,-0.067597
9605,cym,1997,-0.017405
9605,cym,1998,-0.100229
9605,cym,1999,-0.209551
9605,cym,2000,-0.164018
9605,cym,2001,-0.042182
9605,cym,2002,-0.097918
9605,cym,2003,-0.155681
9605,cym,2004,-0.243257
9605,cym,2005,-0.084823
9605,cym,2006,-0.142245
9605,cym,2007,-0.114152
9605,cym,2008,-0.181102
9605,cym,2009,-0.181597
9605,cym,2010,-0.189839
9605,cym,2011,-0.119017
9605,cym,2012,-0.097743
9605,cym,2013,-0.061828
9605,cym,2014,-0.065428
9605,cym,2015,-0.049585
9605,cym,2016,-0.014195
9605,cyp,1995,-0.057551
9605,cyp,1996,-0.037115
9605,cyp,1997,0.002828
9605,cyp,1998,-0.069307
9605,cyp,1999,-0.173803
9605,cyp,2000,-0.131281
9605,cyp,2001,-0.027766
9605,cyp,2002,-0.063859
9605,cyp,2003,-0.130234
9605,cyp,2004,-0.203575
9605,cyp,2005,-0.062306
9605,cyp,2006,-0.134722
9605,cyp,2007,-0.117396
9605,cyp,2008,-0.162371
9605,cyp,2009,-0.166772
9605,cyp,2010,-0.16379
9605,cyp,2011,-0.101277
9605,cyp,2012,-0.084999
9605,cyp,2013,-0.04461
9605,cyp,2014,-0.043609
9605,cyp,2015,-0.037473
9605,cyp,2016,-0.002272
9605,cze,1995,-0.095143
9605,cze,1996,-0.10146
9605,cze,1997,-0.052249
9605,cze,1998,-0.104637
9605,cze,1999,-0.184612
9605,cze,2000,-0.153233
9605,cze,2001,-0.089514
9605,cze,2002,-0.128084
9605,cze,2003,-0.162702
9605,cze,2004,-0.241809
9605,cze,2005,-0.120147
9605,cze,2006,-0.164014
9605,cze,2007,-0.155232
9605,cze,2008,-0.214177
9605,cze,2009,-0.226914
9605,cze,2010,-0.218121
9605,cze,2011,-0.159434
9605,cze,2012,-0.145773
9605,cze,2013,-0.09931
9605,cze,2014,-0.115278
9605,cze,2015,-0.077569
9605,cze,2016,-0.066989
9605,deu,1995,-0.2335
9605,deu,1996,-0.263595
9605,deu,1997,-0.191737
9605,deu,1998,-0.206541
9605,deu,1999,-0.245672
9605,deu,2000,-0.202714
9605,deu,2001,0
9605,deu,2002,-0.21556
9605,deu,2003,-0.198715
9605,deu,2004,-0.293616
9605,deu,2005,-0.208012
9605,deu,2006,-0.24902
9605,deu,2007,-0.238895
9605,deu,2008,-0.262363
9605,deu,2009,-0.29703
9605,deu,2010,-0.246351
9605,deu,2011,-0.206371
9605,deu,2012,-0.19419
9605,deu,2013,-0.137887
9605,deu,2014,-0.185181
9605,deu,2015,-0.098145
9605,deu,2016,-0.105466
9605,dji,1995,-0.066498
9605,dji,1996,-0.054078
9605,dji,1997,-0.011021
9605,dji,1998,-0.083165
9605,dji,1999,0
9605,dji,2000,-0.150935
9605,dji,2001,-0.016667
9605,dji,2002,-0.091885
9605,dji,2003,-0.133894
9605,dji,2004,-0.211644
9605,dji,2005,-0.050801
9605,dji,2006,-0.108465
9605,dji,2007,-0.103129
9605,dji,2008,-0.159194
9605,dji,2009,-0.166787
9605,dji,2010,0
9605,dji,2011,-0.101
9605,dji,2012,-0.076599
9605,dji,2013,-0.04083
9605,dji,2014,-0.043917
9605,dji,2015,0
9605,dji,2016,-0.008039
9605,dma,1995,0
9605,dma,1996,-0.047652
9605,dma,1997,-0.016879
9605,dma,1998,-0.091816
9605,dma,1999,-0.18494
9605,dma,2000,-0.147768
9605,dma,2001,-0.047791
9605,dma,2002,-0.089109
9605,dma,2003,-0.140074
9605,dma,2004,-0.22002
9605,dma,2005,-0.056298
9605,dma,2006,0
9605,dma,2007,-0.098789
9605,dma,2008,-0.156115
9605,dma,2009,-0.155496
9605,dma,2010,-0.155638
9605,dma,2011,-0.092114
9605,dma,2012,0
9605,dma,2013,0
9605,dma,2014,-0.047598
9605,dma,2015,-0.040496
9605,dma,2016,-0.002648
9605,dnk,1995,-0.101268
9605,dnk,1996,-0.10757
9605,dnk,1997,-0.054091
9605,dnk,1998,-0.113476
9605,dnk,1999,-0.184505
9605,dnk,2000,-0.148349
9605,dnk,2001,-0.056418
9605,dnk,2002,-0.108324
9605,dnk,2003,-0.145537
9605,dnk,2004,-0.214876
9605,dnk,2005,-0.084981
9605,dnk,2006,-0.136992
9605,dnk,2007,-0.117998
9605,dnk,2008,-0.16059
9605,dnk,2009,-0.19345
9605,dnk,2010,-0.167855
9605,dnk,2011,-0.110119
9605,dnk,2012,-0.093451
9605,dnk,2013,-0.058965
9605,dnk,2014,-0.064585
9605,dnk,2015,-0.040226
9605,dnk,2016,-0.019512
9605,dom,1995,-0.038373
9605,dom,1996,-0.006538
9605,dom,1997,0.02821
9605,dom,1998,-0.050481
9605,dom,1999,-0.159911
9605,dom,2000,-0.129489
9605,dom,2001,0.000925
9605,dom,2002,-0.044628
9605,dom,2003,-0.108097
9605,dom,2004,-0.170413
9605,dom,2005,-0.015432
9605,dom,2006,-0.058704
9605,dom,2007,-0.048905
9605,dom,2008,-0.10097
9605,dom,2009,-0.084451
9605,dom,2010,-0.101425
9605,dom,2011,-0.037423
9605,dom,2012,-0.01124
9605,dom,2013,-0.012238
9605,dom,2014,0.002618
9605,dom,2015,-0.012786
9605,dom,2016,0.040796
9605,dza,1995,-0.083723
9605,dza,1996,-0.061512
9605,dza,1997,-0.018215
9605,dza,1998,-0.095449
9605,dza,1999,-0.2068
9605,dza,2000,-0.162787
9605,dza,2001,-0.041999
9605,dza,2002,-0.086347
9605,dza,2003,-0.13933
9605,dza,2004,-0.235593
9605,dza,2005,-0.074677
9605,dza,2006,-0.130398
9605,dza,2007,-0.112307
9605,dza,2008,-0.174951
9605,dza,2009,-0.175817
9605,dza,2010,-0.183591
9605,dza,2011,-0.110482
9605,dza,2012,-0.09177
9605,dza,2013,-0.054833
9605,dza,2014,-0.052704
9605,dza,2015,-0.041047
9605,dza,2016,-0.010595
9605,ecu,1995,-0.042506
9605,ecu,1996,-0.018923
9605,ecu,1997,0.018191
9605,ecu,1998,-0.057222
9605,ecu,1999,-0.16579
9605,ecu,2000,-0.126147
9605,ecu,2001,0.005203
9605,ecu,2002,-0.048268
9605,ecu,2003,-0.125103
9605,ecu,2004,-0.190568
9605,ecu,2005,-0.036521
9605,ecu,2006,-0.083274
9605,ecu,2007,-0.068086
9605,ecu,2008,-0.138004
9605,ecu,2009,-0.116811
9605,ecu,2010,-0.140967
9605,ecu,2011,-0.071444
9605,ecu,2012,-0.042374
9605,ecu,2013,-0.02163
9605,ecu,2014,-0.020825
9605,ecu,2015,-0.029098
9605,ecu,2016,0.022409
9605,egy,1995,-0.02769
9605,egy,1996,0.008033
9605,egy,1997,0.036551
9605,egy,1998,-0.044643
9605,egy,1999,-0.154352
9605,egy,2000,-0.111561
9605,egy,2001,0.018746
9605,egy,2002,-0.033593
9605,egy,2003,-0.107189
9605,egy,2004,-0.157517
9605,egy,2005,-0.011057
9605,egy,2006,-0.064641
9605,egy,2007,-0.041935
9605,egy,2008,-0.095438
9605,egy,2009,-0.062147
9605,egy,2010,-0.082415
9605,egy,2011,-0.02216
9605,egy,2012,0.000734
9605,egy,2013,0.014588
9605,egy,2014,0.037475
9605,egy,2015,0.010695
9605,egy,2016,0.055753
9605,eri,1995,-0.079076
9605,eri,1996,-0.065397
9605,eri,1997,-0.013302
9605,eri,1998,-0.085702
9605,eri,1999,-0.193702
9605,eri,2000,-0.151905
9605,eri,2001,-0.046334
9605,eri,2002,-0.095072
9605,eri,2003,-0.142755
9605,eri,2004,-0.209879
9605,eri,2005,-0.05441
9605,eri,2006,0
9605,eri,2007,-0.103036
9605,eri,2008,-0.15183
9605,eri,2009,-0.138445
9605,eri,2010,-0.147828
9605,eri,2011,-0.100472
9605,eri,2012,-0.080522
9605,eri,2013,0
9605,eri,2014,-0.045514
9605,eri,2015,-0.044391
9605,eri,2016,-0.011567
9605,esh,1995,-0.088937
9605,esh,1996,-0.076446
9605,esh,1997,-0.025328
9605,esh,1998,-0.099637
9605,esh,1999,-0.210357
9605,esh,2000,-0.16136
9605,esh,2001,-0.041646
9605,esh,2002,-0.103874
9605,esh,2003,-0.155192
9605,esh,2004,-0.244969
9605,esh,2005,-0.089432
9605,esh,2006,-0.14048
9605,esh,2007,-0.120767
9605,esh,2008,-0.179747
9605,esh,2009,-0.184495
9605,esh,2010,-0.189168
9605,esh,2011,-0.12395
9605,esh,2012,-0.101607
9605,esh,2013,-0.062124
9605,esh,2014,-0.065239
9605,esh,2015,-0.048677
9605,esh,2016,-0.015979
9605,esp,1995,-0.084576
9605,esp,1996,-0.062825
9605,esp,1997,-0.033244
9605,esp,1998,-0.084007
9605,esp,1999,-0.171023
9605,esp,2000,-0.136438
9605,esp,2001,-0.044598
9605,esp,2002,-0.076358
9605,esp,2003,-0.112692
9605,esp,2004,-0.181784
9605,esp,2005,-0.059629
9605,esp,2006,-0.096929
9605,esp,2007,-0.089186
9605,esp,2008,-0.128123
9605,esp,2009,-0.122467
9605,esp,2010,-0.119441
9605,esp,2011,-0.05266
9605,esp,2012,-0.059385
9605,esp,2013,0
9605,esp,2014,0
9605,esp,2015,-0.008445
9605,esp,2016,0.019868
9605,est,1995,0
9605,est,1996,0
9605,est,1997,0
9605,est,1998,0
9605,est,1999,-0.165322
9605,est,2000,-0.137196
9605,est,2001,-0.013782
9605,est,2002,-0.06116
9605,est,2003,-0.123138
9605,est,2004,-0.200799
9605,est,2005,-0.058958
9605,est,2006,-0.103641
9605,est,2007,-0.094929
9605,est,2008,-0.14302
9605,est,2009,0
9605,est,2010,-0.148353
9605,est,2011,-0.096197
9605,est,2012,-0.061967
9605,est,2013,-0.039145
9605,est,2014,-0.055606
9605,est,2015,-0.042113
9605,est,2016,-0.022211
9605,eth,1995,-0.07124
9605,eth,1996,-0.058984
9605,eth,1997,-0.005777
9605,eth,1998,-0.081396
9605,eth,1999,-0.187347
9605,eth,2000,-0.144662
9605,eth,2001,-0.016512
9605,eth,2002,-0.07061
9605,eth,2003,-0.131141
9605,eth,2004,-0.182223
9605,eth,2005,-0.040735
9605,eth,2006,-0.090145
9605,eth,2007,-0.059917
9605,eth,2008,0
9605,eth,2009,0
9605,eth,2010,0
9605,eth,2011,0
9605,eth,2012,0
9605,eth,2013,0
9605,eth,2014,0
9605,eth,2015,0
9605,eth,2016,0
9605,fin,1995,-0.122545
9605,fin,1996,-0.136382
9605,fin,1997,-0.069103
9605,fin,1998,-0.138409
9605,fin,1999,-0.21684
9605,fin,2000,-0.172164
9605,fin,2001,-0.093834
9605,fin,2002,-0.132123
9605,fin,2003,-0.162925
9605,fin,2004,-0.251815
9605,fin,2005,-0.122272
9605,fin,2006,-0.169027
9605,fin,2007,-0.155546
9605,fin,2008,-0.202182
9605,fin,2009,-0.225031
9605,fin,2010,-0.204141
9605,fin,2011,-0.138811
9605,fin,2012,-0.123336
9605,fin,2013,-0.086769
9605,fin,2014,-0.099765
9605,fin,2015,-0.062501
9605,fin,2016,-0.040892
9605,fji,1995,-0.043876
9605,fji,1996,-0.023863
9605,fji,1997,0.020003
9605,fji,1998,-0.05922
9605,fji,1999,-0.168846
9605,fji,2000,-0.121374
9605,fji,2001,-0.001501
9605,fji,2002,0
9605,fji,2003,-0.105449
9605,fji,2004,-0.162521
9605,fji,2005,-0.026264
9605,fji,2006,-0.065673
9605,fji,2007,-0.058002
9605,fji,2008,-0.117275
9605,fji,2009,-0.101193
9605,fji,2010,-0.126268
9605,fji,2011,-0.053641
9605,fji,2012,-0.032442
9605,fji,2013,-0.02605
9605,fji,2014,-0.014102
9605,fji,2015,-0.017493
9605,fji,2016,0.022943
9605,flk,1995,-0.086868
9605,flk,1996,-0.077168
9605,flk,1997,-0.02937
9605,flk,1998,-0.09669
9605,flk,1999,-0.206359
9605,flk,2000,-0.162417
9605,flk,2001,-0.04658
9605,flk,2002,-0.099409
9605,flk,2003,-0.155089
9605,flk,2004,-0.242971
9605,flk,2005,-0.081164
9605,flk,2006,-0.134228
9605,flk,2007,-0.113505
9605,flk,2008,-0.174223
9605,flk,2009,-0.178149
9605,flk,2010,-0.184679
9605,flk,2011,-0.116074
9605,flk,2012,-0.087604
9605,flk,2013,-0.058249
9605,flk,2014,-0.057585
9605,flk,2015,-0.046934
9605,flk,2016,-0.016224
9605,fra,1995,-0.159742
9605,fra,1996,-0.165445
9605,fra,1997,-0.112601
9605,fra,1998,-0.140636
9605,fra,1999,-0.20607
9605,fra,2000,-0.160558
9605,fra,2001,-0.107107
9605,fra,2002,-0.137754
9605,fra,2003,-0.150664
9605,fra,2004,-0.237798
9605,fra,2005,-0.130534
9605,fra,2006,-0.172802
9605,fra,2007,-0.165439
9605,fra,2008,-0.193312
9605,fra,2009,-0.216023
9605,fra,2010,-0.187961
9605,fra,2011,-0.148956
9605,fra,2012,-0.13238
9605,fra,2013,-0.089445
9605,fra,2014,-0.110308
9605,fra,2015,-0.056247
9605,fra,2016,-0.043699
9605,fro,1995,-0.078156
9605,fro,1996,-0.068451
9605,fro,1997,-0.016803
9605,fro,1998,-0.090317
9605,fro,1999,-0.200041
9605,fro,2000,-0.158358
9605,fro,2001,-0.039542
9605,fro,2002,-0.090956
9605,fro,2003,-0.148226
9605,fro,2004,-0.233671
9605,fro,2005,-0.072002
9605,fro,2006,-0.12352
9605,fro,2007,-0.107894
9605,fro,2008,-0.170021
9605,fro,2009,-0.168607
9605,fro,2010,-0.17694
9605,fro,2011,-0.109074
9605,fro,2012,-0.089911
9605,fro,2013,-0.053312
9605,fro,2014,-0.05357
9605,fro,2015,-0.044469
9605,fro,2016,-0.011962
9605,fsm,1995,-0.075408
9605,fsm,1996,-0.0527
9605,fsm,1997,-0.009792
9605,fsm,1998,-0.08778
9605,fsm,1999,-0.197594
9605,fsm,2000,-0.152634
9605,fsm,2001,-0.030409
9605,fsm,2002,-0.081331
9605,fsm,2003,-0.140728
9605,fsm,2004,-0.22025
9605,fsm,2005,-0.072492
9605,fsm,2006,-0.125534
9605,fsm,2007,-0.112626
9605,fsm,2008,-0.166356
9605,fsm,2009,-0.15982
9605,fsm,2010,-0.174857
9605,fsm,2011,-0.111539
9605,fsm,2012,-0.089375
9605,fsm,2013,-0.057101
9605,fsm,2014,-0.057676
9605,fsm,2015,-0.043338
9605,fsm,2016,-0.015309
9605,gab,1995,-0.085693
9605,gab,1996,-0.065048
9605,gab,1997,-0.020431
9605,gab,1998,-0.0943
9605,gab,1999,-0.200884
9605,gab,2000,-0.163007
9605,gab,2001,-0.041556
9605,gab,2002,-0.095605
9605,gab,2003,-0.151457
9605,gab,2004,-0.24086
9605,gab,2005,-0.073617
9605,gab,2006,-0.128298
9605,gab,2007,-0.110781
9605,gab,2008,-0.172189
9605,gab,2009,-0.168279
9605,gab,2010,-0.180611
9605,gab,2011,-0.112335
9605,gab,2012,-0.089481
9605,gab,2013,-0.055878
9605,gab,2014,-0.055946
9605,gab,2015,-0.047645
9605,gab,2016,-0.01217
9605,gbr,1995,0
9605,gbr,1996,0
9605,gbr,1997,0
9605,gbr,1998,-0.157214
9605,gbr,1999,-0.221416
9605,gbr,2000,-0.177293
9605,gbr,2001,-0.120357
9605,gbr,2002,0
9605,gbr,2003,-0.166791
9605,gbr,2004,-0.252974
9605,gbr,2005,0
9605,gbr,2006,0
9605,gbr,2007,0
9605,gbr,2008,-0.210637
9605,gbr,2009,0
9605,gbr,2010,-0.201231
9605,gbr,2011,-0.149273
9605,gbr,2012,0
9605,gbr,2013,-0.090273
9605,gbr,2014,0
9605,gbr,2015,-0.062177
9605,gbr,2016,0
9605,geo,1995,0
9605,geo,1996,-0.047428
9605,geo,1997,0.003041
9605,geo,1998,-0.080186
9605,geo,1999,-0.195379
9605,geo,2000,-0.154215
9605,geo,2001,-0.040597
9605,geo,2002,-0.094556
9605,geo,2003,-0.142121
9605,geo,2004,-0.229639
9605,geo,2005,-0.067534
9605,geo,2006,-0.117964
9605,geo,2007,-0.096349
9605,geo,2008,-0.1373
9605,geo,2009,-0.151125
9605,geo,2010,-0.161098
9605,geo,2011,-0.095299
9605,geo,2012,-0.066488
9605,geo,2013,-0.042408
9605,geo,2014,-0.034235
9605,geo,2015,-0.030614
9605,geo,2016,0.012454
9605,gha,1995,-0.059968
9605,gha,1996,-0.023508
9605,gha,1997,0.019213
9605,gha,1998,-0.056295
9605,gha,1999,-0.170603
9605,gha,2000,-0.131518
9605,gha,2001,-0.005284
9605,gha,2002,-0.064162
9605,gha,2003,-0.121935
9605,gha,2004,-0.195337
9605,gha,2005,-0.033889
9605,gha,2006,-0.088099
9605,gha,2007,-0.060206
9605,gha,2008,-0.122095
9605,gha,2009,0
9605,gha,2010,-0.123435
9605,gha,2011,-0.073926
9605,gha,2012,-0.048672
9605,gha,2013,-0.026768
9605,gha,2014,-0.019675
9605,gha,2015,-0.034291
9605,gha,2016,0.010139
9605,gib,1995,-0.081182
9605,gib,1996,-0.070013
9605,gib,1997,-0.01642
9605,gib,1998,-0.093476
9605,gib,1999,-0.199173
9605,gib,2000,-0.157206
9605,gib,2001,-0.046703
9605,gib,2002,-0.096417
9605,gib,2003,-0.158197
9605,gib,2004,-0.230051
9605,gib,2005,-0.07719
9605,gib,2006,-0.140334
9605,gib,2007,-0.120733
9605,gib,2008,-0.181401
9605,gib,2009,-0.18528
9605,gib,2010,-0.185369
9605,gib,2011,-0.117473
9605,gib,2012,-0.099595
9605,gib,2013,-0.062455
9605,gib,2014,-0.064688
9605,gib,2015,-0.050457
9605,gib,2016,-0.020396
9605,gin,1995,-0.069686
9605,gin,1996,-0.057628
9605,gin,1997,-0.007875
9605,gin,1998,0
9605,gin,1999,-0.193499
9605,gin,2000,-0.149901
9605,gin,2001,-0.025169
9605,gin,2002,-0.079361
9605,gin,2003,-0.138855
9605,gin,2004,-0.220746
9605,gin,2005,-0.06344
9605,gin,2006,-0.106934
9605,gin,2007,-0.105654
9605,gin,2008,-0.158759
9605,gin,2009,-0.137088
9605,gin,2010,-0.160909
9605,gin,2011,-0.105216
9605,gin,2012,-0.070713
9605,gin,2013,-0.047281
9605,gin,2014,-0.039669
9605,gin,2015,-0.044443
9605,gin,2016,0.003753
9605,glp,1995,-0.080347
9605,gmb,1995,-0.075569
9605,gmb,1996,-0.063703
9605,gmb,1997,-0.014094
9605,gmb,1998,0
9605,gmb,1999,-0.187753
9605,gmb,2000,-0.141837
9605,gmb,2001,-0.0319
9605,gmb,2002,-0.066157
9605,gmb,2003,-0.134771
9605,gmb,2004,-0.208381
9605,gmb,2005,-0.047505
9605,gmb,2006,-0.093125
9605,gmb,2007,-0.08409
9605,gmb,2008,-0.148361
9605,gmb,2009,-0.13175
9605,gmb,2010,0
9605,gmb,2011,-0.102328
9605,gmb,2012,-0.074006
9605,gmb,2013,-0.045207
9605,gmb,2014,-0.031223
9605,gmb,2015,0
9605,gmb,2016,-0.001119
9605,gnb,1995,-0.081589
9605,gnb,1996,-0.064648
9605,gnb,1997,-0.007444
9605,gnb,1998,-0.079758
9605,gnb,1999,-0.202659
9605,gnb,2000,-0.158404
9605,gnb,2001,-0.042731
9605,gnb,2002,-0.095815
9605,gnb,2003,-0.146942
9605,gnb,2004,-0.223125
9605,gnb,2005,-0.058171
9605,gnb,2006,-0.122307
9605,gnb,2007,-0.109614
9605,gnb,2008,-0.168216
9605,gnb,2009,-0.166473
9605,gnb,2010,-0.177046
9605,gnb,2011,-0.111407
9605,gnb,2012,0
9605,gnb,2013,-0.055391
9605,gnb,2014,-0.057741
9605,gnb,2015,-0.04673
9605,gnb,2016,-0.012695
9605,gnq,1995,-0.081522
9605,gnq,1996,-0.066912
9605,gnq,1997,-0.017433
9605,gnq,1998,-0.091921
9605,gnq,1999,-0.20784
9605,gnq,2000,-0.160131
9605,gnq,2001,-0.043138
9605,gnq,2002,-0.093667
9605,gnq,2003,-0.155576
9605,gnq,2004,-0.246842
9605,gnq,2005,-0.079262
9605,gnq,2006,-0.138254
9605,gnq,2007,-0.118601
9605,gnq,2008,-0.180876
9605,gnq,2009,-0.182971
9605,gnq,2010,-0.187331
9605,gnq,2011,-0.116373
9605,gnq,2012,-0.096273
9605,gnq,2013,-0.060127
9605,gnq,2014,-0.061782
9605,gnq,2015,-0.050218
9605,gnq,2016,-0.017039
9605,grc,1995,-0.028259
9605,grc,1996,-0.011984
9605,grc,1997,0.018675
9605,grc,1998,-0.050091
9605,grc,1999,-0.159502
9605,grc,2000,-0.123474
9605,grc,2001,-0.017576
9605,grc,2002,-0.050343
9605,grc,2003,-0.110683
9605,grc,2004,-0.165345
9605,grc,2005,-0.024393
9605,grc,2006,-0.071314
9605,grc,2007,-0.052314
9605,grc,2008,-0.108349
9605,grc,2009,-0.087474
9605,grc,2010,-0.105418
9605,grc,2011,-0.048546
9605,grc,2012,-0.036426
9605,grc,2013,-0.026181
9605,grc,2014,-0.01309
9605,grc,2015,-0.015469
9605,grc,2016,0.027871
9605,grd,1995,-0.078654
9605,grd,1996,-0.055291
9605,grd,1997,0.000427
9605,grd,1998,-0.076666
9605,grd,1999,-0.191783
9605,grd,2000,-0.148069
9605,grd,2001,-0.02856
9605,grd,2002,-0.080333
9605,grd,2003,-0.139054
9605,grd,2004,-0.230118
9605,grd,2005,-0.074603
9605,grd,2006,-0.118577
9605,grd,2007,-0.110789
9605,grd,2008,-0.17046
9605,grd,2009,-0.149483
9605,grd,2010,-0.175988
9605,grd,2011,-0.098964
9605,grd,2012,-0.079803
9605,grd,2013,-0.047645
9605,grd,2014,-0.050636
9605,grd,2015,-0.037947
9605,grd,2016,-0.007117
9605,grl,1995,-0.078904
9605,grl,1996,-0.067445
9605,grl,1997,-0.016554
9605,grl,1998,-0.088947
9605,grl,1999,-0.202058
9605,grl,2000,-0.158999
9605,grl,2001,-0.043042
9605,grl,2002,-0.094104
9605,grl,2003,-0.148779
9605,grl,2004,-0.230369
9605,grl,2005,-0.076354
9605,grl,2006,-0.122635
9605,grl,2007,-0.102907
9605,grl,2008,-0.166686
9605,grl,2009,-0.158711
9605,grl,2010,-0.178272
9605,grl,2011,-0.108817
9605,grl,2012,-0.088141
9605,grl,2013,-0.051258
9605,grl,2014,-0.049582
9605,grl,2015,-0.042697
9605,grl,2016,-0.010665
9605,gtm,1995,-0.019678
9605,gtm,1996,0.010277
9605,gtm,1997,0.03974
9605,gtm,1998,-0.04889
9605,gtm,1999,-0.142729
9605,gtm,2000,-0.112904
9605,gtm,2001,0.015411
9605,gtm,2002,-0.030649
9605,gtm,2003,-0.100622
9605,gtm,2004,-0.148172
9605,gtm,2005,-0.000212
9605,gtm,2006,-0.044132
9605,gtm,2007,-0.032282
9605,gtm,2008,-0.087808
9605,gtm,2009,-0.083198
9605,gtm,2010,-0.094674
9605,gtm,2011,0
9605,gtm,2012,0
9605,gtm,2013,0.006831
9605,gtm,2014,0.014549
9605,gtm,2015,-0.004186
9605,gtm,2016,0.050974
9605,guf,1995,-0.082273
9605,guy,1995,-0.066511
9605,guy,1996,-0.051905
9605,guy,1997,-0.006227
9605,guy,1998,-0.077012
9605,guy,1999,-0.189836
9605,guy,2000,-0.147553
9605,guy,2001,-0.019147
9605,guy,2002,-0.069041
9605,guy,2003,-0.129749
9605,guy,2004,-0.208482
9605,guy,2005,-0.054523
9605,guy,2006,-0.104171
9605,guy,2007,-0.092251
9605,guy,2008,-0.144565
9605,guy,2009,-0.143175
9605,guy,2010,-0.156105
9605,guy,2011,-0.091253
9605,guy,2012,-0.068893
9605,guy,2013,-0.047074
9605,guy,2014,-0.042604
9605,guy,2015,-0.042009
9605,guy,2016,-0.000897
9605,hkg,1995,0
9605,hkg,1996,0
9605,hkg,1997,0
9605,hkg,1998,0
9605,hkg,1999,0
9605,hkg,2000,0
9605,hkg,2001,0
9605,hkg,2002,0
9605,hkg,2003,0
9605,hkg,2004,0
9605,hkg,2005,0
9605,hkg,2006,0
9605,hkg,2007,0
9605,hkg,2008,0
9605,hkg,2009,0
9605,hkg,2010,0
9605,hkg,2011,0
9605,hkg,2012,0
9605,hkg,2013,0
9605,hkg,2014,0
9605,hkg,2015,0
9605,hkg,2016,0
9605,hnd,1995,-0.029954
9605,hnd,1996,-0.005701
9605,hnd,1997,0.034385
9605,hnd,1998,-0.045464
9605,hnd,1999,-0.152489
9605,hnd,2000,-0.128103
9605,hnd,2001,0.0016
9605,hnd,2002,-0.047239
9605,hnd,2003,-0.107914
9605,hnd,2004,-0.164369
9605,hnd,2005,-0.021147
9605,hnd,2006,-0.068202
9605,hnd,2007,-0.04997
9605,hnd,2008,-0.113848
9605,hnd,2009,-0.100291
9605,hnd,2010,-0.110829
9605,hnd,2011,-0.035372
9605,hnd,2012,-0.009972
9605,hnd,2013,-0.013682
9605,hnd,2014,0.002761
9605,hnd,2015,-0.00744
9605,hnd,2016,0.039304
9605,hrv,1995,-0.054282
9605,hrv,1996,-0.042736
9605,hrv,1997,-0.000312
9605,hrv,1998,-0.077268
9605,hrv,1999,-0.173612
9605,hrv,2000,-0.133302
9605,hrv,2001,-0.02047
9605,hrv,2002,-0.063841
9605,hrv,2003,-0.113732
9605,hrv,2004,-0.193228
9605,hrv,2005,-0.046441
9605,hrv,2006,-0.106695
9605,hrv,2007,-0.087026
9605,hrv,2008,-0.153873
9605,hrv,2009,-0.150822
9605,hrv,2010,-0.153415
9605,hrv,2011,-0.093734
9605,hrv,2012,-0.075553
9605,hrv,2013,-0.050559
9605,hrv,2014,-0.042863
9605,hrv,2015,-0.026554
9605,hrv,2016,-0.001636
9605,hti,1995,-0.025422
9605,hti,1996,-0.003484
9605,hti,1997,0.03477
9605,hti,1998,-0.055038
9605,hti,1999,-0.161876
9605,hti,2000,-0.119219
9605,hti,2001,0.004716
9605,hti,2002,-0.046142
9605,hti,2003,-0.11559
9605,hti,2004,-0.188795
9605,hti,2005,-0.036675
9605,hti,2006,-0.08306
9605,hti,2007,-0.075547
9605,hti,2008,-0.139923
9605,hti,2009,-0.123909
9605,hti,2010,-0.147749
9605,hti,2011,0
9605,hti,2012,0
9605,hti,2013,0
9605,hti,2014,-0.022183
9605,hti,2015,-0.021319
9605,hti,2016,0.018718
9605,hun,1995,0
9605,hun,1996,0
9605,hun,1997,0
9605,hun,1998,0
9605,hun,1999,-0.178601
9605,hun,2000,-0.145339
9605,hun,2001,-0.047427
9605,hun,2002,-0.105874
9605,hun,2003,-0.142432
9605,hun,2004,-0.232016
9605,hun,2005,-0.104335
9605,hun,2006,-0.161335
9605,hun,2007,-0.144764
9605,hun,2008,-0.189464
9605,hun,2009,-0.202766
9605,hun,2010,-0.196416
9605,hun,2011,-0.138808
9605,hun,2012,-0.110772
9605,hun,2013,-0.075499
9605,hun,2014,-0.079071
9605,hun,2015,-0.055511
9605,hun,2016,-0.032504
9605,idn,1995,0.051697
9605,idn,1996,0.095505
9605,idn,1997,0.104576
9605,idn,1998,0.014712
9605,idn,1999,-0.085365
9605,idn,2000,-0.073028
9605,idn,2001,0.056513
9605,idn,2002,0.021043
9605,idn,2003,-0.055495
9605,idn,2004,-0.090423
9605,idn,2005,0.025041
9605,idn,2006,0.001076
9605,idn,2007,0.001035
9605,idn,2008,-0.056771
9605,idn,2009,-0.022364
9605,idn,2010,-0.060447
9605,idn,2011,-0.010899
9605,idn,2012,0.012562
9605,idn,2013,0.01437
9605,idn,2014,0.025526
9605,idn,2015,0.009817
9605,idn,2016,0.06255
9605,ind,1995,0.009568
9605,ind,1996,0.027457
9605,ind,1997,0.035414
9605,ind,1998,-0.031086
9605,ind,1999,-0.094273
9605,ind,2000,-0.057927
9605,ind,2001,0.051343
9605,ind,2002,0.003618
9605,ind,2003,-0.07022
9605,ind,2004,-0.090555
9605,ind,2005,0.014017
9605,ind,2006,-0.017074
9605,ind,2007,0.004512
9605,ind,2008,-0.051508
9605,ind,2009,-0.063342
9605,ind,2010,-0.044535
9605,ind,2011,-0.004256
9605,ind,2012,0.003119
9605,ind,2013,0.00412
9605,ind,2014,0.024928
9605,ind,2015,0.010195
9605,ind,2016,0.054242
9605,iot,1995,-0.083856
9605,iot,1996,-0.071016
9605,iot,1997,-0.022727
9605,iot,1998,-0.100766
9605,iot,1999,-0.199911
9605,iot,2000,-0.15763
9605,iot,2001,-0.044437
9605,iot,2002,-0.090162
9605,iot,2003,-0.147641
9605,iot,2004,-0.231173
9605,iot,2005,-0.07746
9605,iot,2006,-0.129752
9605,iot,2007,-0.122044
9605,iot,2008,-0.169076
9605,iot,2009,-0.170628
9605,iot,2010,-0.174088
9605,iot,2011,-0.102173
9605,iot,2012,-0.096035
9605,iot,2013,-0.062425
9605,iot,2014,-0.062927
9605,iot,2015,-0.051808
9605,iot,2016,-0.017286
9605,irl,1995,-0.10704
9605,irl,1996,-0.105825
9605,irl,1997,-0.055595
9605,irl,1998,0
9605,irl,1999,-0.212353
9605,irl,2000,-0.166607
9605,irl,2001,-0.070905
9605,irl,2002,-0.1182
9605,irl,2003,-0.158755
9605,irl,2004,-0.242179
9605,irl,2005,-0.09909
9605,irl,2006,-0.156305
9605,irl,2007,-0.138512
9605,irl,2008,-0.198483
9605,irl,2009,-0.206802
9605,irl,2010,-0.197808
9605,irl,2011,-0.130616
9605,irl,2012,-0.110619
9605,irl,2013,-0.066953
9605,irl,2014,-0.070902
9605,irl,2015,-0.052902
9605,irl,2016,-0.032764
9605,irn,1995,-0.070215
9605,irn,1996,-0.055036
9605,irn,1997,-0.007573
9605,irn,1998,-0.082852
9605,irn,1999,-0.188518
9605,irn,2000,-0.149255
9605,irn,2001,-0.023607
9605,irn,2002,-0.072376
9605,irn,2003,-0.132909
9605,irn,2004,-0.209592
9605,irn,2005,-0.061486
9605,irn,2006,-0.115162
9605,irn,2007,-0.093586
9605,irn,2008,-0.15571
9605,irn,2009,-0.158045
9605,irn,2010,-0.167916
9605,irn,2011,-0.099158
9605,irn,2012,-0.071385
9605,irn,2013,-0.039712
9605,irn,2014,-0.026527
9605,irn,2015,-0.029551
9605,irn,2016,0.004275
9605,irq,1995,-0.086975
9605,irq,1996,-0.073647
9605,irq,1997,-0.024321
9605,irq,1998,-0.101565
9605,irq,1999,-0.210543
9605,irq,2000,-0.164916
9605,irq,2001,-0.046148
9605,irq,2002,-0.099059
9605,irq,2003,-0.154107
9605,irq,2004,-0.239967
9605,irq,2005,-0.08167
9605,irq,2006,-0.137556
9605,irq,2007,-0.11782
9605,irq,2008,-0.179764
9605,irq,2009,-0.183185
9605,irq,2010,-0.188334
9605,irq,2011,-0.115925
9605,irq,2012,-0.093913
9605,irq,2013,-0.058392
9605,irq,2014,-0.058244
9605,irq,2015,-0.047986
9605,irq,2016,-0.013494
9605,isl,1995,-0.070263
9605,isl,1996,-0.059924
9605,isl,1997,-0.011492
9605,isl,1998,-0.087318
9605,isl,1999,-0.195977
9605,isl,2000,-0.156876
9605,isl,2001,-0.038227
9605,isl,2002,-0.084599
9605,isl,2003,-0.14562
9605,isl,2004,-0.226
9605,isl,2005,-0.070034
9605,isl,2006,-0.117672
9605,isl,2007,-0.101904
9605,isl,2008,-0.158977
9605,isl,2009,-0.158747
9605,isl,2010,-0.171605
9605,isl,2011,-0.106968
9605,isl,2012,-0.087955
9605,isl,2013,-0.052567
9605,isl,2014,-0.049032
9605,isl,2015,-0.04075
9605,isl,2016,-0.00918
9605,isr,1995,-0.100828
9605,isr,1996,-0.087167
9605,isr,1997,-0.046583
9605,isr,1998,-0.09932
9605,isr,1999,-0.195652
9605,isr,2000,-0.155442
9605,isr,2001,-0.058927
9605,isr,2002,-0.114364
9605,isr,2003,-0.142065
9605,isr,2004,-0.215018
9605,isr,2005,-0.096601
9605,isr,2006,-0.143142
9605,isr,2007,-0.112215
9605,isr,2008,-0.167612
9605,isr,2009,-0.179288
9605,isr,2010,-0.168084
9605,isr,2011,-0.112803
9605,isr,2012,-0.100813
9605,isr,2013,-0.061694
9605,isr,2014,-0.069566
9605,isr,2015,-0.051944
9605,isr,2016,-0.033063
9605,ita,1995,-0.109507
9605,ita,1996,-0.096905
9605,ita,1997,-0.060622
9605,ita,1998,-0.107131
9605,ita,1999,-0.168976
9605,ita,2000,-0.13274
9605,ita,2001,-0.084704
9605,ita,2002,-0.084707
9605,ita,2003,-0.127037
9605,ita,2004,-0.18208
9605,ita,2005,-0.073634
9605,ita,2006,-0.114284
9605,ita,2007,-0.110717
9605,ita,2008,-0.148509
9605,ita,2009,-0.167659
9605,ita,2010,-0.147537
9605,ita,2011,-0.076532
9605,ita,2012,-0.083503
9605,ita,2013,-0.060967
9605,ita,2014,-0.079855
9605,ita,2015,-0.030429
9605,ita,2016,-0.012183
9605,jam,1995,-0.038409
9605,jam,1996,-0.02327
9605,jam,1997,0.019007
9605,jam,1998,-0.057274
9605,jam,1999,-0.17229
9605,jam,2000,-0.134857
9605,jam,2001,-0.015802
9605,jam,2002,-0.066169
9605,jam,2003,-0.127597
9605,jam,2004,-0.20858
9605,jam,2005,-0.053508
9605,jam,2006,-0.104074
9605,jam,2007,-0.091213
9605,jam,2008,-0.152685
9605,jam,2009,-0.134411
9605,jam,2010,-0.143132
9605,jam,2011,-0.088888
9605,jam,2012,0
9605,jam,2013,-0.037773
9605,jam,2014,-0.031645
9605,jam,2015,-0.033747
9605,jam,2016,0.01263
9605,jor,1995,-0.071189
9605,jor,1996,-0.046909
9605,jor,1997,-0.008653
9605,jor,1998,-0.083292
9605,jor,1999,-0.177704
9605,jor,2000,-0.128898
9605,jor,2001,-0.012802
9605,jor,2002,-0.06583
9605,jor,2003,-0.113936
9605,jor,2004,-0.181596
9605,jor,2005,-0.033091
9605,jor,2006,-0.093066
9605,jor,2007,-0.061408
9605,jor,2008,-0.130905
9605,jor,2009,-0.125637
9605,jor,2010,-0.135301
9605,jor,2011,-0.062401
9605,jor,2012,-0.038235
9605,jor,2013,-0.024707
9605,jor,2014,-0.009026
9605,jor,2015,-0.014761
9605,jor,2016,0.018397
9605,jpn,1995,-0.170816
9605,jpn,1996,-0.197762
9605,jpn,1997,-0.142148
9605,jpn,1998,-0.15482
9605,jpn,1999,-0.243533
9605,jpn,2000,-0.204089
9605,jpn,2001,-0.158945
9605,jpn,2002,-0.198432
9605,jpn,2003,-0.193494
9605,jpn,2004,-0.296041
9605,jpn,2005,-0.201112
9605,jpn,2006,-0.240055
9605,jpn,2007,-0.228222
9605,jpn,2008,-0.263954
9605,jpn,2009,-0.286728
9605,jpn,2010,-0.258723
9605,jpn,2011,-0.216459
9605,jpn,2012,-0.211543
9605,jpn,2013,-0.140063
9605,jpn,2014,-0.177919
9605,jpn,2015,-0.109874
9605,jpn,2016,-0.120234
9605,kaz,1995,-0.063351
9605,kaz,1996,-0.048922
9605,kaz,1997,-0.003382
9605,kaz,1998,-0.083066
9605,kaz,1999,-0.192928
9605,kaz,2000,-0.155033
9605,kaz,2001,-0.028341
9605,kaz,2002,-0.084185
9605,kaz,2003,-0.138343
9605,kaz,2004,-0.220952
9605,kaz,2005,-0.072901
9605,kaz,2006,-0.127201
9605,kaz,2007,-0.100166
9605,kaz,2008,-0.15641
9605,kaz,2009,-0.152231
9605,kaz,2010,-0.175018
9605,kaz,2011,-0.108982
9605,kaz,2012,-0.078728
9605,kaz,2013,-0.048601
9605,kaz,2014,-0.047885
9605,kaz,2015,-0.040826
9605,kaz,2016,-0.001538
9605,ken,1995,-0.026076
9605,ken,1996,-0.000814
9605,ken,1997,0.04305
9605,ken,1998,-0.044645
9605,ken,1999,-0.135047
9605,ken,2000,-0.104321
9605,ken,2001,0.019016
9605,ken,2002,-0.024217
9605,ken,2003,-0.095856
9605,ken,2004,0
9605,ken,2005,0.013991
9605,ken,2006,0
9605,ken,2007,0
9605,ken,2008,0
9605,ken,2009,-0.046992
9605,ken,2010,0
9605,ken,2011,-0.017371
9605,ken,2012,0.001778
9605,ken,2013,0.019175
9605,ken,2014,0.042515
9605,ken,2015,0.001226
9605,ken,2016,0.057613
9605,kgz,1995,-0.044732
9605,kgz,1996,-0.024683
9605,kgz,1997,0.012813
9605,kgz,1998,-0.063126
9605,kgz,1999,-0.164634
9605,kgz,2000,-0.129969
9605,kgz,2001,-0.010816
9605,kgz,2002,-0.057808
9605,kgz,2003,-0.119343
9605,kgz,2004,-0.184593
9605,kgz,2005,-0.043376
9605,kgz,2006,-0.085235
9605,kgz,2007,-0.072538
9605,kgz,2008,-0.126764
9605,kgz,2009,-0.114921
9605,kgz,2010,-0.127149
9605,kgz,2011,-0.045858
9605,kgz,2012,-0.035105
9605,kgz,2013,-0.022315
9605,kgz,2014,-0.00486
9605,kgz,2015,-0.020551
9605,kgz,2016,0.023009
9605,khm,1995,-0.049327
9605,khm,1996,-0.017267
9605,khm,1997,0.016854
9605,khm,1998,-0.063924
9605,khm,1999,-0.166755
9605,khm,2000,-0.131156
9605,khm,2001,0.008398
9605,khm,2002,-0.046676
9605,khm,2003,-0.119777
9605,khm,2004,-0.186673
9605,khm,2005,-0.026919
9605,khm,2006,-0.082995
9605,khm,2007,-0.062357
9605,khm,2008,-0.132369
9605,khm,2009,-0.114651
9605,khm,2010,0
9605,khm,2011,-0.060691
9605,khm,2012,-0.040299
9605,khm,2013,-0.023711
9605,khm,2014,-0.009305
9605,khm,2015,-0.01175
9605,khm,2016,0.045082
9605,kir,1995,-0.079839
9605,kir,1996,-0.066042
9605,kir,1997,-0.019773
9605,kir,1998,-0.095727
9605,kir,1999,-0.206178
9605,kir,2000,-0.161503
9605,kir,2001,-0.046053
9605,kir,2002,-0.093189
9605,kir,2003,-0.152177
9605,kir,2004,-0.223109
9605,kir,2005,-0.068171
9605,kir,2006,-0.130478
9605,kir,2007,-0.110972
9605,kir,2008,-0.169718
9605,kir,2009,-0.166363
9605,kir,2010,-0.184098
9605,kir,2011,-0.114735
9605,kir,2012,-0.089377
9605,kir,2013,-0.056699
9605,kir,2014,-0.060973
9605,kir,2015,-0.047515
9605,kir,2016,-0.016896
9605,kna,1995,-0.082709
9605,kna,1996,-0.076173
9605,kna,1997,-0.0257
9605,kna,1998,-0.100301
9605,kna,1999,-0.199176
9605,kna,2000,-0.158313
9605,kna,2001,-0.043543
9605,kna,2002,-0.09793
9605,kna,2003,-0.147531
9605,kna,2004,-0.228246
9605,kna,2005,-0.082526
9605,kna,2006,-0.135184
9605,kna,2007,-0.11979
9605,kna,2008,-0.181753
9605,kna,2009,-0.177948
9605,kna,2010,-0.18194
9605,kna,2011,-0.122503
9605,kna,2012,-0.094161
9605,kna,2013,-0.060766
9605,kna,2014,-0.070462
9605,kna,2015,-0.049836
9605,kna,2016,-0.0127
9605,kor,1995,-0.03651
9605,kor,1996,-0.032483
9605,kor,1997,0
9605,kor,1998,-0.084781
9605,kor,1999,-0.17336
9605,kor,2000,-0.141764
9605,kor,2001,-0.051906
9605,kor,2002,-0.093248
9605,kor,2003,-0.142471
9605,kor,2004,-0.227547
9605,kor,2005,-0.101244
9605,kor,2006,-0.1614
9605,kor,2007,-0.141967
9605,kor,2008,-0.20016
9605,kor,2009,-0.203594
9605,kor,2010,-0.208574
9605,kor,2011,-0.139646
9605,kor,2012,-0.131278
9605,kor,2013,-0.096252
9605,kor,2014,-0.107005
9605,kor,2015,-0.069472
9605,kor,2016,-0.067183
9605,kwt,1995,-0.085608
9605,kwt,1996,-0.072756
9605,kwt,1997,-0.020654
9605,kwt,1998,-0.098027
9605,kwt,1999,-0.208973
9605,kwt,2000,-0.163825
9605,kwt,2001,-0.046459
9605,kwt,2002,-0.098412
9605,kwt,2003,-0.153276
9605,kwt,2004,-0.245255
9605,kwt,2005,-0.08109
9605,kwt,2006,-0.136951
9605,kwt,2007,-0.111233
9605,kwt,2008,-0.179716
9605,kwt,2009,-0.181614
9605,kwt,2010,-0.188644
9605,kwt,2011,-0.117205
9605,kwt,2012,-0.095252
9605,kwt,2013,-0.059744
9605,kwt,2014,-0.059956
9605,kwt,2015,-0.048353
9605,kwt,2016,-0.015799
9605,lao,1995,-0.048925
9605,lao,1996,-0.026893
9605,lao,1997,0.032688
9605,lao,1998,-0.060697
9605,lao,1999,-0.170354
9605,lao,2000,-0.135555
9605,lao,2001,-0.003615
9605,lao,2002,-0.047919
9605,lao,2003,-0.118627
9605,lao,2004,-0.178091
9605,lao,2005,-0.028231
9605,lao,2006,-0.087512
9605,lao,2007,-0.063047
9605,lao,2008,-0.114087
9605,lao,2009,-0.106464
9605,lao,2010,-0.114638
9605,lao,2011,-0.048807
9605,lao,2012,-0.038698
9605,lao,2013,-0.014554
9605,lao,2014,0.00638
9605,lao,2015,-0.021672
9605,lao,2016,0.035029
9605,lbn,1995,-0.047633
9605,lbn,1996,-0.027983
9605,lbn,1997,0.010768
9605,lbn,1998,-0.050924
9605,lbn,1999,-0.156875
9605,lbn,2000,0
9605,lbn,2001,-0.007278
9605,lbn,2002,-0.043764
9605,lbn,2003,-0.104956
9605,lbn,2004,-0.166127
9605,lbn,2005,0
9605,lbn,2006,-0.071685
9605,lbn,2007,-0.065462
9605,lbn,2008,-0.122161
9605,lbn,2009,-0.119783
9605,lbn,2010,-0.142962
9605,lbn,2011,-0.06168
9605,lbn,2012,-0.038944
9605,lbn,2013,-0.024741
9605,lbn,2014,0.008624
9605,lbn,2015,-0.011988
9605,lbn,2016,0.021156
9605,lbr,1995,-0.086089
9605,lbr,1996,0
9605,lbr,1997,-0.017733
9605,lbr,1998,-0.096259
9605,lbr,1999,-0.207386
9605,lbr,2000,-0.157223
9605,lbr,2001,-0.042025
9605,lbr,2002,-0.094774
9605,lbr,2003,-0.15606
9605,lbr,2004,-0.245467
9605,lbr,2005,-0.076397
9605,lbr,2006,-0.132983
9605,lbr,2007,-0.11095
9605,lbr,2008,-0.171697
9605,lbr,2009,-0.168138
9605,lbr,2010,-0.181904
9605,lbr,2011,-0.112537
9605,lbr,2012,-0.08294
9605,lbr,2013,-0.049391
9605,lbr,2014,-0.055184
9605,lbr,2015,-0.048295
9605,lbr,2016,-0.014274
9605,lby,1995,-0.084946
9605,lby,1996,-0.071542
9605,lby,1997,-0.020146
9605,lby,1998,-0.099012
9605,lby,1999,-0.208267
9605,lby,2000,-0.16323
9605,lby,2001,-0.042241
9605,lby,2002,-0.099109
9605,lby,2003,-0.153809
9605,lby,2004,-0.244486
9605,lby,2005,-0.079494
9605,lby,2006,-0.136278
9605,lby,2007,-0.116175
9605,lby,2008,-0.17765
9605,lby,2009,-0.181792
9605,lby,2010,-0.1875
9605,lby,2011,-0.114292
9605,lby,2012,-0.091866
9605,lby,2013,-0.058944
9605,lby,2014,-0.056152
9605,lby,2015,-0.046449
9605,lby,2016,-0.012741
9605,lca,1995,-0.063544
9605,lca,1996,0
9605,lca,1997,0
9605,lca,1998,0
9605,lca,1999,0
9605,lca,2000,0
9605,lca,2001,0
9605,lca,2002,0
9605,lca,2003,0
9605,lca,2004,-0.224312
9605,lca,2005,-0.081251
9605,lca,2006,-0.138969
9605,lca,2007,-0.113341
9605,lca,2008,-0.172683
9605,lca,2009,-0.177958
9605,lca,2010,-0.185607
9605,lca,2011,-0.113887
9605,lca,2012,-0.090111
9605,lca,2013,-0.056213
9605,lca,2014,-0.060069
9605,lca,2015,-0.049663
9605,lca,2016,-0.014033
9605,lka,1995,0.034478
9605,lka,1996,0.065501
9605,lka,1997,0.096272
9605,lka,1998,-0.003699
9605,lka,1999,-0.08406
9605,lka,2000,-0.060921
9605,lka,2001,0.07251
9605,lka,2002,0.0237
9605,lka,2003,-0.076204
9605,lka,2004,-0.113321
9605,lka,2005,0.025724
9605,lka,2006,-0.009411
9605,lka,2007,0.009266
9605,lka,2008,-0.062714
9605,lka,2009,-0.03625
9605,lka,2010,-0.043542
9605,lka,2011,0.001745
9605,lka,2012,0.02824
9605,lka,2013,0.013849
9605,lka,2014,0.026448
9605,lka,2015,0.012189
9605,lka,2016,0.066355
9605,ltu,1995,-0.040492
9605,ltu,1996,-0.021057
9605,ltu,1997,0.006866
9605,ltu,1998,-0.067883
9605,ltu,1999,-0.163387
9605,ltu,2000,-0.130762
9605,ltu,2001,-0.007269
9605,ltu,2002,-0.059138
9605,ltu,2003,-0.123598
9605,ltu,2004,-0.194962
9605,ltu,2005,-0.040873
9605,ltu,2006,-0.088298
9605,ltu,2007,-0.087785
9605,ltu,2008,-0.146063
9605,ltu,2009,-0.142815
9605,ltu,2010,-0.148364
9605,ltu,2011,-0.096651
9605,ltu,2012,-0.070584
9605,ltu,2013,-0.043311
9605,ltu,2014,-0.045088
9605,ltu,2015,-0.030558
9605,ltu,2016,0.006526
9605,lva,1995,-0.045442
9605,lva,1996,-0.034896
9605,lva,1997,-0.000391
9605,lva,1998,-0.070148
9605,lva,1999,-0.17571
9605,lva,2000,-0.141176
9605,lva,2001,-0.023004
9605,lva,2002,-0.069014
9605,lva,2003,-0.128888
9605,lva,2004,-0.196018
9605,lva,2005,-0.046343
9605,lva,2006,-0.095465
9605,lva,2007,-0.078392
9605,lva,2008,0
9605,lva,2009,-0.144543
9605,lva,2010,-0.141848
9605,lva,2011,-0.084615
9605,lva,2012,-0.069999
9605,lva,2013,-0.042276
9605,lva,2014,-0.044336
9605,lva,2015,-0.030811
9605,lva,2016,0.017168
9605,mac,1995,-0.025152
9605,mac,1996,-0.005614
9605,mac,1997,0.030917
9605,mac,1998,-0.053844
9605,mac,1999,-0.158447
9605,mac,2000,-0.125181
9605,mac,2001,-0.009567
9605,mac,2002,-0.05322
9605,mac,2003,-0.115577
9605,mac,2004,-0.184884
9605,mac,2005,-0.044282
9605,mac,2006,-0.098265
9605,mac,2007,-0.087988
9605,mac,2008,-0.148272
9605,mac,2009,0
9605,mac,2010,-0.147731
9605,mac,2011,-0.086362
9605,mac,2012,-0.075053
9605,mac,2013,0
9605,mac,2014,-0.050387
9605,mac,2015,-0.026926
9605,mac,2016,-0.00159
9605,mar,1995,-0.016223
9605,mar,1996,0.030939
9605,mar,1997,0.040074
9605,mar,1998,-0.033226
9605,mar,1999,-0.149089
9605,mar,2000,-0.11571
9605,mar,2001,0.018753
9605,mar,2002,0
9605,mar,2003,0
9605,mar,2004,0
9605,mar,2005,0
9605,mar,2006,0
9605,mar,2007,0
9605,mar,2008,0
9605,mar,2009,0
9605,mar,2010,-0.105781
9605,mar,2011,-0.017579
9605,mar,2012,-0.019549
9605,mar,2013,-0.005485
9605,mar,2014,0.022482
9605,mar,2015,0
9605,mar,2016,0
9605,mda,1995,-0.053175
9605,mda,1996,-0.033253
9605,mda,1997,0.001587
9605,mda,1998,-0.064859
9605,mda,1999,-0.169358
9605,mda,2000,-0.134437
9605,mda,2001,-0.011107
9605,mda,2002,-0.059874
9605,mda,2003,-0.122929
9605,mda,2004,-0.195434
9605,mda,2005,-0.039794
9605,mda,2006,-0.0904
9605,mda,2007,-0.068572
9605,mda,2008,-0.125879
9605,mda,2009,-0.121953
9605,mda,2010,-0.140098
9605,mda,2011,-0.037837
9605,mda,2012,-0.030251
9605,mda,2013,-0.020373
9605,mda,2014,-0.007932
9605,mda,2015,-0.010844
9605,mda,2016,0.038581
9605,mdg,1995,-0.003367
9605,mdg,1996,0.0341
9605,mdg,1997,0.073279
9605,mdg,1998,-0.018689
9605,mdg,1999,-0.137698
9605,mdg,2000,0
9605,mdg,2001,0
9605,mdg,2002,-0.000755
9605,mdg,2003,-0.088819
9605,mdg,2004,-0.129165
9605,mdg,2005,0.010199
9605,mdg,2006,0
9605,mdg,2007,-0.009698
9605,mdg,2008,-0.069117
9605,mdg,2009,0
9605,mdg,2010,0
9605,mdg,2011,-0.014912
9605,mdg,2012,0.004113
9605,mdg,2013,0.013392
9605,mdg,2014,0.034082
9605,mdg,2015,0.005082
9605,mdg,2016,0.06639
9605,mdv,1995,-0.07025
9605,mdv,1996,-0.048006
9605,mdv,1997,-0.007574
9605,mdv,1998,-0.083956
9605,mdv,1999,-0.184579
9605,mdv,2000,-0.149214
9605,mdv,2001,-0.029916
9605,mdv,2002,-0.07478
9605,mdv,2003,-0.140146
9605,mdv,2004,-0.227074
9605,mdv,2005,-0.074809
9605,mdv,2006,-0.127292
9605,mdv,2007,0
9605,mdv,2008,-0.168639
9605,mdv,2009,-0.170307
9605,mdv,2010,-0.180258
9605,mdv,2011,-0.107897
9605,mdv,2012,-0.08685
9605,mdv,2013,-0.055127
9605,mdv,2014,-0.058077
9605,mdv,2015,-0.045848
9605,mdv,2016,-0.011061
9605,mex,1995,-0.049891
9605,mex,1996,-0.045981
9605,mex,1997,-0.003425
9605,mex,1998,-0.070368
9605,mex,1999,-0.177156
9605,mex,2000,-0.138971
9605,mex,2001,-0.03777
9605,mex,2002,-0.094162
9605,mex,2003,-0.130847
9605,mex,2004,-0.206195
9605,mex,2005,-0.087846
9605,mex,2006,-0.139276
9605,mex,2007,-0.115271
9605,mex,2008,-0.16939
9605,mex,2009,-0.175906
9605,mex,2010,-0.180855
9605,mex,2011,-0.106245
9605,mex,2012,-0.096872
9605,mex,2013,-0.055158
9605,mex,2014,-0.061226
9605,mex,2015,-0.043354
9605,mex,2016,-0.016683
9605,mhl,1995,-0.080815
9605,mhl,1996,-0.06458
9605,mhl,1997,-0.020739
9605,mhl,1998,-0.096857
9605,mhl,1999,-0.207929
9605,mhl,2000,-0.165162
9605,mhl,2001,-0.044282
9605,mhl,2002,-0.099458
9605,mhl,2003,-0.149191
9605,mhl,2004,-0.241757
9605,mhl,2005,-0.079207
9605,mhl,2006,-0.129169
9605,mhl,2007,-0.108485
9605,mhl,2008,-0.175377
9605,mhl,2009,-0.171916
9605,mhl,2010,-0.18364
9605,mhl,2011,-0.11288
9605,mhl,2012,-0.091026
9605,mhl,2013,-0.056719
9605,mhl,2014,-0.060486
9605,mhl,2015,-0.048322
9605,mhl,2016,-0.014593
9605,mkd,1995,-0.041275
9605,mkd,1996,-0.00649
9605,mkd,1997,0.024018
9605,mkd,1998,-0.052678
9605,mkd,1999,-0.159092
9605,mkd,2000,-0.128436
9605,mkd,2001,0.001322
9605,mkd,2002,-0.052018
9605,mkd,2003,-0.103574
9605,mkd,2004,-0.175871
9605,mkd,2005,-0.026471
9605,mkd,2006,-0.075229
9605,mkd,2007,-0.061176
9605,mkd,2008,-0.127122
9605,mkd,2009,-0.104743
9605,mkd,2010,-0.126855
9605,mkd,2011,-0.062202
9605,mkd,2012,-0.046363
9605,mkd,2013,-0.025563
9605,mkd,2014,-0.018449
9605,mkd,2015,-0.019939
9605,mkd,2016,0.013117
9605,mli,1995,-0.056522
9605,mli,1996,-0.047228
9605,mli,1997,0.001026
9605,mli,1998,-0.082052
9605,mli,1999,-0.187654
9605,mli,2000,-0.14011
9605,mli,2001,-0.024589
9605,mli,2002,-0.080581
9605,mli,2003,-0.137282
9605,mli,2004,-0.214744
9605,mli,2005,-0.045257
9605,mli,2006,-0.097211
9605,mli,2007,-0.064994
9605,mli,2008,-0.135574
9605,mli,2009,-0.122016
9605,mli,2010,0
9605,mli,2011,0
9605,mli,2012,0
9605,mli,2013,-0.033737
9605,mli,2014,0
9605,mli,2015,-0.037716
9605,mli,2016,0
9605,mlt,1995,0
9605,mlt,1996,0
9605,mlt,1997,-0.025591
9605,mlt,1998,-0.092427
9605,mlt,1999,-0.186463
9605,mlt,2000,-0.156597
9605,mlt,2001,-0.042628
9605,mlt,2002,-0.095527
9605,mlt,2003,-0.147716
9605,mlt,2004,-0.233645
9605,mlt,2005,-0.079357
9605,mlt,2006,-0.140401
9605,mlt,2007,-0.115387
9605,mlt,2008,-0.176221
9605,mlt,2009,-0.181965
9605,mlt,2010,-0.188482
9605,mlt,2011,-0.12
9605,mlt,2012,-0.096683
9605,mlt,2013,-0.056931
9605,mlt,2014,-0.058622
9605,mlt,2015,-0.045062
9605,mlt,2016,-0.01574
9605,mmr,1995,-0.026094
9605,mmr,1996,0.014195
9605,mmr,1997,0.048491
9605,mmr,1998,-0.03574
9605,mmr,1999,-0.139573
9605,mmr,2000,-0.115471
9605,mmr,2001,0.017388
9605,mmr,2002,-0.030949
9605,mmr,2003,-0.10642
9605,mmr,2004,-0.160905
9605,mmr,2005,-0.028996
9605,mmr,2006,-0.06453
9605,mmr,2007,-0.06045
9605,mmr,2008,-0.107635
9605,mmr,2009,-0.093915
9605,mmr,2010,-0.113422
9605,mmr,2011,-0.058765
9605,mmr,2012,-0.028557
9605,mmr,2013,-0.012959
9605,mmr,2014,0.002319
9605,mmr,2015,-0.005384
9605,mmr,2016,0.056029
9605,mng,1995,-0.056716
9605,mng,1996,-0.046348
9605,mng,1997,0.00129
9605,mng,1998,-0.070367
9605,mng,1999,-0.182578
9605,mng,2000,-0.132896
9605,mng,2001,-0.014345
9605,mng,2002,-0.059148
9605,mng,2003,-0.11477
9605,mng,2004,-0.19108
9605,mng,2005,-0.032027
9605,mng,2006,-0.089009
9605,mng,2007,-0.077956
9605,mng,2008,-0.139956
9605,mng,2009,-0.150617
9605,mng,2010,-0.159471
9605,mng,2011,-0.099099
9605,mng,2012,-0.075115
9605,mng,2013,-0.038719
9605,mng,2014,-0.035097
9605,mng,2015,-0.032501
9605,mng,2016,0.007912
9605,mnp,1995,-0.076245
9605,mnp,1996,-0.067132
9605,mnp,1997,-0.013812
9605,mnp,1998,-0.09286
9605,mnp,1999,-0.200593
9605,mnp,2000,-0.151912
9605,mnp,2001,-0.024273
9605,mnp,2002,-0.08584
9605,mnp,2003,-0.130362
9605,mnp,2004,-0.202807
9605,mnp,2005,-0.050164
9605,mnp,2006,-0.093208
9605,mnp,2007,-0.076524
9605,mnp,2008,-0.14553
9605,mnp,2009,-0.143005
9605,mnp,2010,-0.14604
9605,mnp,2011,-0.088786
9605,mnp,2012,0
9605,mnp,2013,-0.052366
9605,mnp,2014,-0.065095
9605,mnp,2015,-0.047564
9605,mnp,2016,-0.023563
9605,moz,1995,-0.055481
9605,moz,1996,-0.038818
9605,moz,1997,-0.00009
9605,moz,1998,-0.075325
9605,moz,1999,-0.183064
9605,moz,2000,-0.137625
9605,moz,2001,-0.024037
9605,moz,2002,-0.074325
9605,moz,2003,-0.138809
9605,moz,2004,-0.206199
9605,moz,2005,-0.060401
9605,moz,2006,-0.095588
9605,moz,2007,-0.070567
9605,moz,2008,-0.119313
9605,moz,2009,-0.099145
9605,moz,2010,-0.104846
9605,moz,2011,-0.070788
9605,moz,2012,-0.051354
9605,moz,2013,-0.023695
9605,moz,2014,-0.015668
9605,moz,2015,-0.027042
9605,moz,2016,0.020763
9605,mrt,1995,-0.079971
9605,mrt,1996,-0.064251
9605,mrt,1997,-0.016699
9605,mrt,1998,-0.092415
9605,mrt,1999,-0.197923
9605,mrt,2000,-0.160438
9605,mrt,2001,-0.039646
9605,mrt,2002,-0.088864
9605,mrt,2003,-0.144166
9605,mrt,2004,-0.231426
9605,mrt,2005,-0.070969
9605,mrt,2006,-0.114979
9605,mrt,2007,-0.104992
9605,mrt,2008,-0.163385
9605,mrt,2009,-0.168316
9605,mrt,2010,-0.175577
9605,mrt,2011,-0.104607
9605,mrt,2012,-0.07795
9605,mrt,2013,-0.047873
9605,mrt,2014,-0.041224
9605,mrt,2015,-0.039784
9605,mrt,2016,-0.002253
9605,msr,1995,-0.080249
9605,msr,1996,-0.078229
9605,msr,1997,-0.025969
9605,msr,1998,-0.10127
9605,msr,1999,-0.185509
9605,msr,2000,-0.151032
9605,msr,2001,-0.047605
9605,msr,2002,-0.105367
9605,msr,2003,-0.146622
9605,msr,2004,-0.215152
9605,msr,2005,-0.090049
9605,msr,2006,-0.140009
9605,msr,2007,-0.113106
9605,msr,2008,-0.1765
9605,msr,2009,-0.179941
9605,msr,2010,-0.186965
9605,msr,2011,-0.117088
9605,msr,2012,-0.105909
9605,msr,2013,-0.065913
9605,msr,2014,-0.059264
9605,msr,2015,-0.051236
9605,msr,2016,-0.022571
9605,mtq,1995,-0.080515
9605,mus,1995,-0.033779
9605,mus,1996,-0.02514
9605,mus,1997,0.022609
9605,mus,1998,-0.05218
9605,mus,1999,-0.166363
9605,mus,2000,-0.120456
9605,mus,2001,-0.004124
9605,mus,2002,0
9605,mus,2003,0
9605,mus,2004,0
9605,mus,2005,0
9605,mus,2006,0
9605,mus,2007,0
9605,mus,2008,0
9605,mus,2009,0
9605,mus,2010,0
9605,mus,2011,0
9605,mus,2012,0
9605,mus,2013,0
9605,mus,2014,0
9605,mus,2015,0
9605,mus,2016,0
9605,mwi,1995,-0.043854
9605,mwi,1996,-0.026329
9605,mwi,1997,0.014207
9605,mwi,1998,-0.077418
9605,mwi,1999,-0.183349
9605,mwi,2000,-0.133424
9605,mwi,2001,-0.013237
9605,mwi,2002,-0.069397
9605,mwi,2003,-0.135055
9605,mwi,2004,-0.199613
9605,mwi,2005,-0.042859
9605,mwi,2006,-0.094736
9605,mwi,2007,-0.072641
9605,mwi,2008,-0.137612
9605,mwi,2009,-0.132533
9605,mwi,2010,-0.142318
9605,mwi,2011,-0.0834
9605,mwi,2012,-0.053792
9605,mwi,2013,-0.030335
9605,mwi,2014,-0.033359
9605,mwi,2015,-0.038749
9605,mwi,2016,0.007867
9605,mys,1995,-0.042408
9605,mys,1996,-0.010033
9605,mys,1997,0.013042
9605,mys,1998,-0.070332
9605,mys,1999,-0.175811
9605,mys,2000,-0.145212
9605,mys,2001,-0.027102
9605,mys,2002,-0.086635
9605,mys,2003,-0.138578
9605,mys,2004,-0.215757
9605,mys,2005,0
9605,mys,2006,-0.133156
9605,mys,2007,-0.101607
9605,mys,2008,-0.173899
9605,mys,2009,-0.179215
9605,mys,2010,-0.182049
9605,mys,2011,-0.116983
9605,mys,2012,-0.093762
9605,mys,2013,-0.063723
9605,mys,2014,-0.067047
9605,mys,2015,-0.060014
9605,mys,2016,-0.033619
9605,ncl,1995,-0.071101
9605,ncl,1996,-0.070657
9605,ncl,1997,-0.01826
9605,ncl,1998,-0.091013
9605,ncl,1999,-0.202311
9605,ncl,2000,-0.164142
9605,ncl,2001,-0.041289
9605,ncl,2002,-0.097294
9605,ncl,2003,-0.151656
9605,ncl,2004,-0.236901
9605,ncl,2005,-0.079769
9605,ncl,2006,-0.134853
9605,ncl,2007,-0.117416
9605,ncl,2008,-0.167069
9605,ncl,2009,-0.176157
9605,ncl,2010,-0.18018
9605,ncl,2011,-0.113878
9605,ncl,2012,-0.086076
9605,ncl,2013,-0.057856
9605,ncl,2014,-0.056093
9605,ncl,2015,-0.047361
9605,ncl,2016,-0.013966
9605,ner,1995,-0.072162
9605,ner,1996,-0.053766
9605,ner,1997,-0.011772
9605,ner,1998,-0.086606
9605,ner,1999,-0.202842
9605,ner,2000,-0.150726
9605,ner,2001,-0.033701
9605,ner,2002,-0.08373
9605,ner,2003,-0.145913
9605,ner,2004,-0.226085
9605,ner,2005,-0.076029
9605,ner,2006,-0.122584
9605,ner,2007,-0.107412
9605,ner,2008,-0.157475
9605,ner,2009,-0.167883
9605,ner,2010,-0.168906
9605,ner,2011,0
9605,ner,2012,-0.079172
9605,ner,2013,-0.054937
9605,ner,2014,-0.038892
9605,ner,2015,-0.046847
9605,ner,2016,-0.003308
9605,nfk,1995,-0.089966
9605,nfk,1996,-0.078432
9605,nfk,1997,-0.028568
9605,nfk,1998,-0.104591
9605,nfk,1999,-0.210844
9605,nfk,2000,-0.163315
9605,nfk,2001,-0.052781
9605,nfk,2002,-0.104895
9605,nfk,2003,-0.156592
9605,nfk,2004,0
9605,nfk,2005,-0.080453
9605,nfk,2006,-0.142189
9605,nfk,2007,-0.114859
9605,nfk,2008,-0.178734
9605,nfk,2009,-0.181737
9605,nfk,2010,-0.18816
9605,nfk,2011,0
9605,nfk,2012,-0.094958
9605,nfk,2013,-0.057534
9605,nfk,2014,-0.067786
9605,nfk,2015,-0.051463
9605,nfk,2016,-0.020895
9605,nga,1995,-0.070167
9605,nga,1996,-0.044924
9605,nga,1997,-0.004056
9605,nga,1998,-0.081612
9605,nga,1999,-0.185537
9605,nga,2000,-0.155282
9605,nga,2001,-0.032921
9605,nga,2002,-0.083926
9605,nga,2003,-0.146753
9605,nga,2004,-0.228581
9605,nga,2005,-0.073523
9605,nga,2006,-0.120635
9605,nga,2007,-0.100665
9605,nga,2008,-0.145711
9605,nga,2009,-0.13423
9605,nga,2010,-0.14879
9605,nga,2011,-0.10317
9605,nga,2012,-0.062439
9605,nga,2013,0
9605,nga,2014,0
9605,nga,2015,-0.039815
9605,nga,2016,0.010735
9605,nic,1995,-0.046657
9605,nic,1996,-0.022742
9605,nic,1997,0.011944
9605,nic,1998,-0.058249
9605,nic,1999,-0.173008
9605,nic,2000,-0.129649
9605,nic,2001,0.007202
9605,nic,2002,-0.058293
9605,nic,2003,-0.116265
9605,nic,2004,-0.182811
9605,nic,2005,-0.03212
9605,nic,2006,-0.070103
9605,nic,2007,-0.059994
9605,nic,2008,-0.11302
9605,nic,2009,-0.103947
9605,nic,2010,-0.119362
9605,nic,2011,-0.051434
9605,nic,2012,-0.027374
9605,nic,2013,-0.013917
9605,nic,2014,-0.012706
9605,nic,2015,-0.012111
9605,nic,2016,0.035215
9605,niu,1995,-0.085845
9605,niu,1996,-0.075804
9605,niu,1997,-0.020046
9605,niu,1998,-0.094491
9605,niu,1999,-0.197998
9605,niu,2000,-0.160271
9605,niu,2001,-0.037381
9605,niu,2002,-0.087763
9605,niu,2003,-0.150179
9605,niu,2004,-0.237684
9605,niu,2005,-0.076617
9605,niu,2006,-0.137928
9605,niu,2007,-0.112345
9605,niu,2008,-0.176221
9605,niu,2009,-0.170671
9605,niu,2010,-0.181797
9605,niu,2011,-0.117112
9605,niu,2012,-0.099188
9605,niu,2013,-0.069333
9605,niu,2014,-0.074977
9605,niu,2015,-0.052982
9605,niu,2016,-0.020033
9605,nld,1995,-0.100849
9605,nld,1996,-0.112481
9605,nld,1997,-0.065697
9605,nld,1998,-0.111266
9605,nld,1999,-0.187622
9605,nld,2000,-0.15819
9605,nld,2001,-0.077877
9605,nld,2002,-0.12344
9605,nld,2003,-0.135428
9605,nld,2004,-0.214859
9605,nld,2005,-0.09206
9605,nld,2006,-0.143109
9605,nld,2007,-0.127054
9605,nld,2008,-0.157796
9605,nld,2009,-0.177588
9605,nld,2010,-0.176313
9605,nld,2011,-0.112443
9605,nld,2012,-0.097578
9605,nld,2013,-0.051882
9605,nld,2014,-0.075311
9605,nld,2015,-0.043108
9605,nld,2016,-0.033334
9605,nor,1995,-0.085908
9605,nor,1996,-0.086533
9605,nor,1997,-0.028582
9605,nor,1998,-0.106156
9605,nor,1999,-0.202043
9605,nor,2000,-0.163153
9605,nor,2001,-0.047484
9605,nor,2002,-0.10393
9605,nor,2003,-0.151339
9605,nor,2004,-0.232568
9605,nor,2005,-0.087968
9605,nor,2006,-0.134525
9605,nor,2007,-0.116366
9605,nor,2008,-0.167552
9605,nor,2009,-0.179585
9605,nor,2010,-0.178186
9605,nor,2011,-0.111524
9605,nor,2012,-0.096441
9605,nor,2013,-0.05774
9605,nor,2014,-0.066735
9605,nor,2015,-0.050257
9605,nor,2016,-0.01809
9605,npl,1995,-0.033136
9605,npl,1996,-0.006251
9605,npl,1997,0.030908
9605,npl,1998,-0.0389
9605,npl,1999,-0.134898
9605,npl,2000,-0.111521
9605,npl,2001,-0.001281
9605,npl,2002,-0.038627
9605,npl,2003,-0.086047
9605,npl,2004,-0.165828
9605,npl,2005,-0.000595
9605,npl,2006,-0.028507
9605,npl,2007,0
9605,npl,2008,-0.083753
9605,npl,2009,-0.059917
9605,npl,2010,-0.093806
9605,npl,2011,-0.017151
9605,npl,2012,-0.005903
9605,npl,2013,-0.002738
9605,npl,2014,0.01512
9605,npl,2015,0.000237
9605,npl,2016,0.048931
9605,nru,1995,-0.090039
9605,nru,1996,-0.079653
9605,nru,1997,-0.027438
9605,nru,1998,-0.098116
9605,nru,1999,-0.201211
9605,nru,2000,-0.16301
9605,nru,2001,-0.051833
9605,nru,2002,-0.099436
9605,nru,2003,0
9605,nru,2004,-0.244917
9605,nru,2005,-0.080372
9605,nru,2006,-0.131852
9605,nru,2007,-0.108229
9605,nru,2008,-0.17749
9605,nru,2009,-0.17599
9605,nru,2010,-0.182746
9605,nru,2011,-0.111892
9605,nru,2012,-0.094181
9605,nru,2013,-0.062022
9605,nru,2014,-0.059417
9605,nru,2015,-0.046801
9605,nru,2016,-0.005964
9605,nzl,1995,-0.054703
9605,nzl,1996,-0.03827
9605,nzl,1997,-0.007232
9605,nzl,1998,0
9605,nzl,1999,-0.17652
9605,nzl,2000,-0.140869
9605,nzl,2001,-0.028483
9605,nzl,2002,-0.078807
9605,nzl,2003,-0.13356
9605,nzl,2004,-0.193656
9605,nzl,2005,-0.063627
9605,nzl,2006,-0.095897
9605,nzl,2007,-0.084488
9605,nzl,2008,-0.137992
9605,nzl,2009,-0.135571
9605,nzl,2010,-0.147484
9605,nzl,2011,-0.077605
9605,nzl,2012,-0.058677
9605,nzl,2013,0
9605,nzl,2014,0
9605,nzl,2015,0
9605,nzl,2016,0.006719
9605,omn,1995,-0.074708
9605,omn,1996,-0.064879
9605,omn,1997,-0.001145
9605,omn,1998,-0.075763
9605,omn,1999,-0.194767
9605,omn,2000,-0.149107
9605,omn,2001,-0.036066
9605,omn,2002,-0.091483
9605,omn,2003,-0.149962
9605,omn,2004,-0.219186
9605,omn,2005,-0.064329
9605,omn,2006,-0.117162
9605,omn,2007,-0.100442
9605,omn,2008,-0.164008
9605,omn,2009,-0.15476
9605,omn,2010,-0.164346
9605,omn,2011,-0.099618
9605,omn,2012,-0.079768
9605,omn,2013,-0.048074
9605,omn,2014,-0.049345
9605,omn,2015,-0.036856
9605,omn,2016,0.000576
9605,pak,1995,-0.010732
9605,pak,1996,0.006322
9605,pak,1997,0.03652
9605,pak,1998,-0.041412
9605,pak,1999,-0.142853
9605,pak,2000,-0.102957
9605,pak,2001,0.017264
9605,pak,2002,-0.03461
9605,pak,2003,-0.091146
9605,pak,2004,0
9605,pak,2005,0.013647
9605,pak,2006,-0.036559
9605,pak,2007,0
9605,pak,2008,-0.079475
9605,pak,2009,-0.064065
9605,pak,2010,-0.070949
9605,pak,2011,0.007357
9605,pak,2012,0.021608
9605,pak,2013,0.0216
9605,pak,2014,0.050813
9605,pak,2015,0.021227
9605,pak,2016,0.078091
9605,pan,1995,0
9605,pan,1996,-0.022641
9605,pan,1997,0
9605,pan,1998,0
9605,pan,1999,0
9605,pan,2000,-0.089866
9605,pan,2001,0
9605,pan,2002,0
9605,pan,2003,0
9605,pan,2004,0
9605,pan,2005,0
9605,pan,2006,0
9605,pan,2007,0
9605,pan,2008,0
9605,pan,2009,0
9605,pan,2010,0
9605,pan,2011,0
9605,pan,2012,-0.066933
9605,pan,2013,-0.034321
9605,pan,2014,-0.031006
9605,pan,2015,-0.024133
9605,pan,2016,0
9605,pcn,1995,-0.085083
9605,pcn,1996,-0.068374
9605,pcn,1997,-0.01094
9605,pcn,1998,-0.095607
9605,pcn,1999,-0.205725
9605,pcn,2000,-0.153423
9605,pcn,2001,-0.0358
9605,pcn,2002,-0.090909
9605,pcn,2003,-0.148678
9605,pcn,2004,-0.236082
9605,pcn,2005,-0.08078
9605,pcn,2006,-0.132567
9605,pcn,2007,0
9605,pcn,2008,-0.167493
9605,pcn,2009,-0.17277
9605,pcn,2010,0
9605,pcn,2011,-0.125048
9605,pcn,2012,-0.094372
9605,pcn,2013,-0.058237
9605,pcn,2014,-0.060577
9605,pcn,2015,-0.043735
9605,pcn,2016,-0.018354
9605,per,1995,-0.033394
9605,per,1996,-0.008084
9605,per,1997,0.026206
9605,per,1998,-0.045976
9605,per,1999,-0.148318
9605,per,2000,-0.119811
9605,per,2001,0.005925
9605,per,2002,-0.030093
9605,per,2003,-0.094546
9605,per,2004,-0.162218
9605,per,2005,-0.016587
9605,per,2006,-0.06589
9605,per,2007,-0.054996
9605,per,2008,-0.100605
9605,per,2009,-0.083314
9605,per,2010,-0.116399
9605,per,2011,-0.04926
9605,per,2012,-0.02536
9605,per,2013,0.00294
9605,per,2014,0.027576
9605,per,2015,-0.003531
9605,per,2016,0.042554
9605,phl,1995,0
9605,phl,1996,0
9605,phl,1997,0.04543
9605,phl,1998,-0.038703
9605,phl,1999,-0.138099
9605,phl,2000,-0.117808
9605,phl,2001,0.018602
9605,phl,2002,-0.051258
9605,phl,2003,-0.110382
9605,phl,2004,-0.162763
9605,phl,2005,-0.037933
9605,phl,2006,-0.068511
9605,phl,2007,-0.068267
9605,phl,2008,-0.121092
9605,phl,2009,-0.124789
9605,phl,2010,-0.136156
9605,phl,2011,-0.074158
9605,phl,2012,-0.04561
9605,phl,2013,-0.044889
9605,phl,2014,-0.038018
9605,phl,2015,-0.034675
9605,phl,2016,-0.005435
9605,plw,1995,-0.076003
9605,plw,1996,-0.06222
9605,plw,1997,-0.016254
9605,plw,1998,-0.089962
9605,plw,1999,-0.199175
9605,plw,2000,-0.155998
9605,plw,2001,-0.040906
9605,plw,2002,-0.091952
9605,plw,2003,-0.150218
9605,plw,2004,-0.241269
9605,plw,2005,-0.08137
9605,plw,2006,-0.132628
9605,plw,2007,-0.11201
9605,plw,2008,-0.176518
9605,plw,2009,-0.181124
9605,plw,2010,-0.180155
9605,plw,2011,-0.115208
9605,plw,2012,-0.089171
9605,plw,2013,-0.060017
9605,plw,2014,-0.06024
9605,plw,2015,-0.046304
9605,plw,2016,-0.014802
9605,png,1995,-0.066388
9605,png,1996,-0.047619
9605,png,1997,-0.00485
9605,png,1998,-0.079913
9605,png,1999,-0.189272
9605,png,2000,-0.148392
9605,png,2001,-0.020165
9605,png,2002,-0.07067
9605,png,2003,-0.139174
9605,png,2004,-0.220588
9605,png,2005,-0.053399
9605,png,2006,-0.101433
9605,png,2007,-0.094872
9605,png,2008,-0.138928
9605,png,2009,-0.133281
9605,png,2010,-0.162378
9605,png,2011,-0.08767
9605,png,2012,-0.062325
9605,png,2013,-0.037708
9605,png,2014,-0.047255
9605,png,2015,-0.043416
9605,png,2016,-0.002067
9605,pol,1995,-0.043436
9605,pol,1996,0
9605,pol,1997,0
9605,pol,1998,0
9605,pol,1999,-0.16442
9605,pol,2000,-0.132081
9605,pol,2001,-0.031512
9605,pol,2002,-0.070942
9605,pol,2003,-0.126326
9605,pol,2004,-0.192634
9605,pol,2005,-0.059094
9605,pol,2006,-0.109301
9605,pol,2007,-0.108808
9605,pol,2008,-0.161277
9605,pol,2009,-0.165276
9605,pol,2010,-0.167737
9605,pol,2011,-0.113408
9605,pol,2012,-0.087678
9605,pol,2013,-0.058014
9605,pol,2014,-0.065086
9605,pol,2015,-0.045436
9605,pol,2016,-0.025479
9605,prk,1995,-0.038567
9605,prk,1996,0
9605,prk,1997,0.000477
9605,prk,1998,-0.075444
9605,prk,1999,0
9605,prk,2000,-0.131532
9605,prk,2001,-0.021854
9605,prk,2002,-0.066869
9605,prk,2003,-0.132941
9605,prk,2004,-0.201307
9605,prk,2005,-0.062337
9605,prk,2006,-0.114556
9605,prk,2007,-0.099709
9605,prk,2008,-0.145708
9605,prk,2009,-0.154462
9605,prk,2010,-0.156204
9605,prk,2011,-0.092181
9605,prk,2012,-0.061541
9605,prk,2013,-0.03784
9605,prk,2014,-0.033409
9605,prk,2015,-0.024057
9605,prk,2016,0.017195
9605,prt,1995,-0.02737
9605,prt,1996,0
9605,prt,1997,0.032244
9605,prt,1998,-0.043168
9605,prt,1999,-0.157149
9605,prt,2000,-0.118987
9605,prt,2001,0.001935
9605,prt,2002,-0.031344
9605,prt,2003,-0.087284
9605,prt,2004,-0.155263
9605,prt,2005,-0.016294
9605,prt,2006,-0.063545
9605,prt,2007,-0.050906
9605,prt,2008,-0.108159
9605,prt,2009,-0.095623
9605,prt,2010,-0.112682
9605,prt,2011,0
9605,prt,2012,-0.040959
9605,prt,2013,-0.00968
9605,prt,2014,-0.001534
9605,prt,2015,0.001945
9605,prt,2016,0.044281
9605,pry,1995,-0.054135
9605,pry,1996,-0.032369
9605,pry,1997,0.006611
9605,pry,1998,-0.077747
9605,pry,1999,-0.181246
9605,pry,2000,-0.142064
9605,pry,2001,-0.021048
9605,pry,2002,-0.073361
9605,pry,2003,-0.134248
9605,pry,2004,-0.222082
9605,pry,2005,-0.0457
9605,pry,2006,-0.102665
9605,pry,2007,-0.083182
9605,pry,2008,-0.15055
9605,pry,2009,-0.148357
9605,pry,2010,-0.153937
9605,pry,2011,-0.085147
9605,pry,2012,-0.054806
9605,pry,2013,-0.035855
9605,pry,2014,-0.030327
9605,pry,2015,-0.033777
9605,pry,2016,0.011685
9605,pyf,1995,-0.076491
9605,pyf,1996,-0.06819
9605,pyf,1997,-0.01885
9605,pyf,1998,-0.097058
9605,pyf,1999,-0.198394
9605,pyf,2000,-0.15478
9605,pyf,2001,-0.034339
9605,pyf,2002,-0.087478
9605,pyf,2003,-0.142342
9605,pyf,2004,-0.229247
9605,pyf,2005,0
9605,pyf,2006,0
9605,pyf,2007,-0.104755
9605,pyf,2008,0
9605,pyf,2009,0
9605,pyf,2010,-0.174345
9605,pyf,2011,-0.106818
9605,pyf,2012,-0.081157
9605,pyf,2013,-0.052733
9605,pyf,2014,-0.055482
9605,pyf,2015,-0.043448
9605,pyf,2016,-0.008746
9605,qat,1995,-0.084067
9605,qat,1996,-0.067441
9605,qat,1997,-0.017098
9605,qat,1998,-0.09524
9605,qat,1999,-0.206441
9605,qat,2000,-0.163473
9605,qat,2001,-0.03996
9605,qat,2002,-0.093499
9605,qat,2003,-0.153722
9605,qat,2004,-0.243999
9605,qat,2005,0
9605,qat,2006,0
9605,qat,2007,-0.115815
9605,qat,2008,-0.177595
9605,qat,2009,-0.182091
9605,qat,2010,-0.188126
9605,qat,2011,-0.117602
9605,qat,2012,-0.092275
9605,qat,2013,-0.060087
9605,qat,2014,-0.061731
9605,qat,2015,-0.048159
9605,qat,2016,-0.016043
9605,reu,1995,-0.088047
9605,rou,1995,-0.032148
9605,rou,1996,-0.010834
9605,rou,1997,0.024323
9605,rou,1998,-0.038056
9605,rou,1999,-0.156474
9605,rou,2000,-0.122751
9605,rou,2001,0.007982
9605,rou,2002,-0.037549
9605,rou,2003,-0.098303
9605,rou,2004,-0.164948
9605,rou,2005,-0.017488
9605,rou,2006,-0.082477
9605,rou,2007,-0.077551
9605,rou,2008,-0.136569
9605,rou,2009,-0.136757
9605,rou,2010,-0.143276
9605,rou,2011,-0.071199
9605,rou,2012,-0.055673
9605,rou,2013,-0.040322
9605,rou,2014,-0.044259
9605,rou,2015,-0.033753
9605,rou,2016,-0.005257
9605,rus,1995,-0.058173
9605,rus,1996,-0.068156
9605,rus,1997,-0.016118
9605,rus,1998,-0.089874
9605,rus,1999,-0.196699
9605,rus,2000,-0.159292
9605,rus,2001,-0.044293
9605,rus,2002,-0.097162
9605,rus,2003,-0.148779
9605,rus,2004,-0.228269
9605,rus,2005,-0.080398
9605,rus,2006,-0.132945
9605,rus,2007,-0.109842
9605,rus,2008,-0.163798
9605,rus,2009,-0.170313
9605,rus,2010,-0.17551
9605,rus,2011,-0.112884
9605,rus,2012,-0.083385
9605,rus,2013,-0.053124
9605,rus,2014,-0.051235
9605,rus,2015,-0.041292
9605,rus,2016,-0.003058
9605,rwa,1995,-0.078045
9605,rwa,1996,-0.067699
9605,rwa,1997,-0.008263
9605,rwa,1998,-0.092395
9605,rwa,1999,-0.198972
9605,rwa,2000,-0.156556
9605,rwa,2001,-0.034727
9605,rwa,2002,-0.083076
9605,rwa,2003,-0.143911
9605,rwa,2004,-0.2257
9605,rwa,2005,-0.065253
9605,rwa,2006,0
9605,rwa,2007,-0.091581
9605,rwa,2008,-0.141504
9605,rwa,2009,-0.155548
9605,rwa,2010,0
9605,rwa,2011,0
9605,rwa,2012,0
9605,rwa,2013,0
9605,rwa,2014,0
9605,rwa,2015,0
9605,rwa,2016,0
9605,sau,1995,-0.084455
9605,sau,1996,-0.073062
9605,sau,1997,-0.019722
9605,sau,1998,-0.095976
9605,sau,1999,-0.206439
9605,sau,2000,-0.161629
9605,sau,2001,-0.046594
9605,sau,2002,-0.097804
9605,sau,2003,-0.149029
9605,sau,2004,-0.237462
9605,sau,2005,-0.082247
9605,sau,2006,-0.130708
9605,sau,2007,-0.11652
9605,sau,2008,-0.176025
9605,sau,2009,-0.180509
9605,sau,2010,-0.183809
9605,sau,2011,-0.115442
9605,sau,2012,-0.094383
9605,sau,2013,-0.058202
9605,sau,2014,-0.059471
9605,sau,2015,-0.048117
9605,sau,2016,-0.013661
9605,scg,1995,-0.079779
9605,scg,1996,-0.026456
9605,scg,1997,0.008667
9605,scg,1998,-0.064255
9605,scg,1999,-0.164651
9605,scg,2000,-0.122546
9605,scg,2001,0.004573
9605,scg,2002,-0.045619
9605,scg,2003,-0.107248
9605,scg,2004,-0.169506
9605,scg,2005,-0.045646
9605,sdn,1995,-0.071942
9605,sdn,1996,-0.047287
9605,sdn,1997,-0.006448
9605,sdn,1998,-0.078456
9605,sdn,1999,-0.18926
9605,sdn,2000,-0.150139
9605,sdn,2001,-0.032811
9605,sdn,2002,-0.087207
9605,sdn,2003,-0.14572
9605,sdn,2004,-0.229092
9605,sdn,2005,-0.072827
9605,sdn,2006,-0.122763
9605,sdn,2007,-0.104633
9605,sdn,2008,-0.165244
9605,sdn,2009,-0.160647
9605,sdn,2010,-0.165887
9605,sdn,2011,-0.101152
9605,sdn,2012,0
9605,sdn,2013,0
9605,sdn,2014,0
9605,sdn,2015,-0.033682
9605,sdn,2016,0.010956
9605,sen,1995,-0.049338
9605,sen,1996,-0.025921
9605,sen,1997,0.006713
9605,sen,1998,-0.063821
9605,sen,1999,0
9605,sen,2000,-0.129115
9605,sen,2001,-0.007223
9605,sen,2002,-0.060098
9605,sen,2003,-0.124378
9605,sen,2004,-0.185105
9605,sen,2005,-0.038579
9605,sen,2006,0
9605,sen,2007,-0.058641
9605,sen,2008,-0.120364
9605,sen,2009,0
9605,sen,2010,0
9605,sen,2011,-0.055784
9605,sen,2012,-0.029946
9605,sen,2013,-0.012773
9605,sen,2014,0
9605,sen,2015,-0.010099
9605,sen,2016,0.040208
9605,sgp,1995,-0.062644
9605,sgp,1996,0
9605,sgp,1997,0
9605,sgp,1998,-0.081872
9605,sgp,1999,-0.192076
9605,sgp,2000,-0.157395
9605,sgp,2001,-0.047261
9605,sgp,2002,0
9605,sgp,2003,-0.156329
9605,sgp,2004,-0.251429
9605,sgp,2005,-0.129971
9605,sgp,2006,-0.16348
9605,sgp,2007,-0.148277
9605,sgp,2008,-0.204226
9605,sgp,2009,-0.214606
9605,sgp,2010,-0.204962
9605,sgp,2011,-0.145833
9605,sgp,2012,-0.136691
9605,sgp,2013,-0.080488
9605,sgp,2014,-0.09861
9605,sgp,2015,-0.076005
9605,sgp,2016,-0.067609
9605,shn,1995,-0.08199
9605,shn,1996,-0.069714
9605,shn,1997,-0.02306
9605,shn,1998,-0.093474
9605,shn,1999,-0.199169
9605,shn,2000,-0.163701
9605,shn,2001,-0.05472
9605,shn,2002,-0.106337
9605,shn,2003,-0.152211
9605,shn,2004,-0.239562
9605,shn,2005,-0.080069
9605,shn,2006,-0.142602
9605,shn,2007,-0.121758
9605,shn,2008,-0.175553
9605,shn,2009,-0.174788
9605,shn,2010,-0.180825
9605,shn,2011,-0.121005
9605,shn,2012,-0.094749
9605,shn,2013,-0.063609
9605,shn,2014,-0.071173
9605,shn,2015,-0.052196
9605,shn,2016,-0.023874
9605,slb,1995,-0.072753
9605,slb,1996,-0.053778
9605,slb,1997,-0.007372
9605,slb,1998,-0.085076
9605,slb,1999,-0.198079
9605,slb,2000,-0.15498
9605,slb,2001,-0.032615
9605,slb,2002,-0.084849
9605,slb,2003,-0.147512
9605,slb,2004,-0.232351
9605,slb,2005,-0.073616
9605,slb,2006,-0.119574
9605,slb,2007,-0.107839
9605,slb,2008,-0.162554
9605,slb,2009,-0.156861
9605,slb,2010,-0.173406
9605,slb,2011,-0.104026
9605,slb,2012,-0.077113
9605,slb,2013,-0.048574
9605,slb,2014,-0.05152
9605,slb,2015,-0.042811
9605,slb,2016,-0.009624
9605,sle,1995,-0.06532
9605,sle,1996,-0.058524
9605,sle,1997,-0.014237
9605,sle,1998,-0.084955
9605,sle,1999,0
9605,sle,2000,-0.150962
9605,sle,2001,-0.021037
9605,sle,2002,-0.077474
9605,sle,2003,-0.139762
9605,sle,2004,-0.207703
9605,sle,2005,-0.066452
9605,sle,2006,-0.117747
9605,sle,2007,-0.096874
9605,sle,2008,-0.158619
9605,sle,2009,-0.143443
9605,sle,2010,-0.15576
9605,sle,2011,0
9605,sle,2012,-0.076176
9605,sle,2013,-0.049254
9605,sle,2014,-0.052011
9605,sle,2015,-0.041743
9605,sle,2016,-0.006402
9605,slv,1995,-0.030495
9605,slv,1996,-0.009017
9605,slv,1997,0.021765
9605,slv,1998,-0.050293
9605,slv,1999,-0.150421
9605,slv,2000,-0.121739
9605,slv,2001,0.006622
9605,slv,2002,-0.048828
9605,slv,2003,-0.109351
9605,slv,2004,-0.159634
9605,slv,2005,-0.012466
9605,slv,2006,-0.059021
9605,slv,2007,-0.038232
9605,slv,2008,-0.110407
9605,slv,2009,-0.085907
9605,slv,2010,-0.111906
9605,slv,2011,-0.041926
9605,slv,2012,-0.032774
9605,slv,2013,-0.021036
9605,slv,2014,-0.011118
9605,slv,2015,-0.003721
9605,slv,2016,0.033381
9605,som,1995,-0.076968
9605,som,1996,-0.058741
9605,som,1997,-0.01369
9605,som,1998,-0.082405
9605,som,1999,-0.197188
9605,som,2000,-0.153012
9605,som,2001,-0.040366
9605,som,2002,-0.091548
9605,som,2003,-0.143815
9605,som,2004,-0.225385
9605,som,2005,-0.067455
9605,som,2006,-0.115301
9605,som,2007,-0.108004
9605,som,2008,-0.166339
9605,som,2009,-0.157175
9605,som,2010,-0.172542
9605,som,2011,-0.105232
9605,som,2012,-0.081349
9605,som,2013,-0.045168
9605,som,2014,-0.036688
9605,som,2015,-0.039078
9605,som,2016,0.000546
9605,spm,1995,-0.066234
9605,spm,1996,-0.063169
9605,spm,1997,-0.013236
9605,spm,1998,-0.097421
9605,spm,1999,-0.201455
9605,spm,2000,-0.158863
9605,spm,2001,-0.036208
9605,spm,2002,-0.093484
9605,spm,2003,-0.151997
9605,spm,2004,-0.236979
9605,spm,2005,-0.064829
9605,spm,2006,-0.126535
9605,spm,2007,-0.106761
9605,spm,2008,-0.171161
9605,spm,2009,-0.170578
9605,spm,2010,-0.179629
9605,spm,2011,-0.07859
9605,spm,2012,-0.066057
9605,spm,2013,-0.050011
9605,spm,2014,-0.058518
9605,spm,2015,-0.045602
9605,spm,2016,-0.017124
9605,stp,1995,-0.078764
9605,stp,1996,-0.074122
9605,stp,1997,-0.021156
9605,stp,1998,-0.095811
9605,stp,1999,-0.207939
9605,stp,2000,-0.155726
9605,stp,2001,-0.045856
9605,stp,2002,-0.093224
9605,stp,2003,-0.150005
9605,stp,2004,-0.233225
9605,stp,2005,-0.087843
9605,stp,2006,-0.130239
9605,stp,2007,-0.110448
9605,stp,2008,-0.171445
9605,stp,2009,-0.166786
9605,stp,2010,-0.177044
9605,stp,2011,-0.115424
9605,stp,2012,-0.082828
9605,stp,2013,-0.052243
9605,stp,2014,-0.068465
9605,stp,2015,-0.052652
9605,stp,2016,-0.014099
9605,sur,1995,-0.07103
9605,sur,1996,-0.05897
9605,sur,1997,-0.010042
9605,sur,1998,-0.084947
9605,sur,1999,-0.181775
9605,sur,2000,-0.150049
9605,sur,2001,-0.027881
9605,sur,2002,-0.082788
9605,sur,2003,-0.144545
9605,sur,2004,-0.2268
9605,sur,2005,-0.070532
9605,sur,2006,-0.108872
9605,sur,2007,-0.10582
9605,sur,2008,-0.160884
9605,sur,2009,-0.146507
9605,sur,2010,-0.173424
9605,sur,2011,-0.098221
9605,sur,2012,-0.082897
9605,sur,2013,-0.054485
9605,sur,2014,-0.047066
9605,sur,2015,-0.043543
9605,sur,2016,0.001468
9605,svk,1995,-0.092801
9605,svk,1996,0
9605,svk,1997,-0.041785
9605,svk,1998,-0.10481
9605,svk,1999,-0.190904
9605,svk,2000,-0.155991
9605,svk,2001,-0.055546
9605,svk,2002,-0.098917
9605,svk,2003,-0.145035
9605,svk,2004,-0.232295
9605,svk,2005,-0.085757
9605,svk,2006,-0.142228
9605,svk,2007,-0.127509
9605,svk,2008,-0.186398
9605,svk,2009,-0.190972
9605,svk,2010,-0.190496
9605,svk,2011,-0.121737
9605,svk,2012,-0.098824
9605,svk,2013,-0.064046
9605,svk,2014,-0.0761
9605,svk,2015,-0.045214
9605,svk,2016,-0.020781
9605,svn,1995,-0.087971
9605,svn,1996,-0.093975
9605,svn,1997,-0.054405
9605,svn,1998,-0.111372
9605,svn,1999,-0.196743
9605,svn,2000,-0.15716
9605,svn,2001,-0.077741
9605,svn,2002,-0.120254
9605,svn,2003,-0.16375
9605,svn,2004,-0.245827
9605,svn,2005,-0.112388
9605,svn,2006,-0.163724
9605,svn,2007,-0.150538
9605,svn,2008,-0.198328
9605,svn,2009,-0.212389
9605,svn,2010,-0.208239
9605,svn,2011,-0.154822
9605,svn,2012,-0.121578
9605,svn,2013,-0.088535
9605,svn,2014,-0.109621
9605,svn,2015,-0.06434
9605,svn,2016,-0.044031
9605,swe,1995,-0.150048
9605,swe,1996,-0.153921
9605,swe,1997,-0.093002
9605,swe,1998,-0.149159
9605,swe,1999,-0.22194
9605,swe,2000,-0.176266
9605,swe,2001,-0.125639
9605,swe,2002,-0.156062
9605,swe,2003,-0.170398
9605,swe,2004,-0.263225
9605,swe,2005,-0.134024
9605,swe,2006,-0.183622
9605,swe,2007,-0.171599
9605,swe,2008,-0.209407
9605,swe,2009,-0.246211
9605,swe,2010,-0.212917
9605,swe,2011,-0.153542
9605,swe,2012,-0.142234
9605,swe,2013,-0.100218
9605,swe,2014,-0.126285
9605,swe,2015,-0.070342
9605,swe,2016,-0.059533
9605,syc,1995,-0.069537
9605,syc,1996,-0.059899
9605,syc,1997,-0.010855
9605,syc,1998,-0.086876
9605,syc,1999,-0.197207
9605,syc,2000,-0.157652
9605,syc,2001,-0.038225
9605,syc,2002,-0.088344
9605,syc,2003,-0.147575
9605,syc,2004,-0.23346
9605,syc,2005,-0.075611
9605,syc,2006,-0.123009
9605,syc,2007,-0.101646
9605,syc,2008,-0.166401
9605,syc,2009,-0.165821
9605,syc,2010,-0.16784
9605,syc,2011,-0.107098
9605,syc,2012,-0.080133
9605,syc,2013,-0.047494
9605,syc,2014,-0.054304
9605,syc,2015,-0.044762
9605,syc,2016,-0.012707
9605,syr,1995,-0.0627
9605,syr,1996,-0.034102
9605,syr,1997,0.003162
9605,syr,1998,-0.05623
9605,syr,1999,-0.170699
9605,syr,2000,-0.130966
9605,syr,2001,-0.008673
9605,syr,2002,-0.048862
9605,syr,2003,-0.122551
9605,syr,2004,-0.172523
9605,syr,2005,-0.019405
9605,syr,2006,-0.036575
9605,syr,2007,-0.027561
9605,syr,2008,-0.094572
9605,syr,2009,-0.073511
9605,syr,2010,-0.082437
9605,syr,2011,-0.02285
9605,syr,2012,0
9605,syr,2013,-0.015833
9605,syr,2014,0
9605,syr,2015,-0.003059
9605,syr,2016,0.051407
9605,tca,1995,-0.08268
9605,tca,1996,-0.072033
9605,tca,1997,-0.014768
9605,tca,1998,-0.091483
9605,tca,1999,-0.187485
9605,tca,2000,-0.144839
9605,tca,2001,-0.035983
9605,tca,2002,-0.083911
9605,tca,2003,-0.135888
9605,tca,2004,-0.212933
9605,tca,2005,-0.060121
9605,tca,2006,-0.111192
9605,tca,2007,-0.098654
9605,tca,2008,-0.165429
9605,tca,2009,-0.16484
9605,tca,2010,-0.170085
9605,tca,2011,-0.10501
9605,tca,2012,-0.082204
9605,tca,2013,-0.054142
9605,tca,2014,-0.049896
9605,tca,2015,-0.04084
9605,tca,2016,-0.014359
9605,tcd,1995,-0.083382
9605,tcd,1996,-0.073286
9605,tcd,1997,-0.019161
9605,tcd,1998,-0.096668
9605,tcd,1999,-0.202974
9605,tcd,2000,-0.15622
9605,tcd,2001,-0.038796
9605,tcd,2002,-0.091496
9605,tcd,2003,-0.151306
9605,tcd,2004,-0.243202
9605,tcd,2005,-0.081633
9605,tcd,2006,-0.13653
9605,tcd,2007,-0.116602
9605,tcd,2008,-0.178777
9605,tcd,2009,-0.176158
9605,tcd,2010,-0.185168
9605,tcd,2011,-0.114818
9605,tcd,2012,-0.090076
9605,tcd,2013,-0.053261
9605,tcd,2014,-0.055677
9605,tcd,2015,-0.049354
9605,tcd,2016,-0.013186
9605,tgo,1995,-0.041958
9605,tgo,1996,-0.022659
9605,tgo,1997,0.018057
9605,tgo,1998,-0.064791
9605,tgo,1999,-0.178979
9605,tgo,2000,-0.130694
9605,tgo,2001,-0.004734
9605,tgo,2002,-0.05928
9605,tgo,2003,0
9605,tgo,2004,0
9605,tgo,2005,-0.010559
9605,tgo,2006,-0.055507
9605,tgo,2007,-0.063208
9605,tgo,2008,-0.139992
9605,tgo,2009,-0.110785
9605,tgo,2010,-0.130343
9605,tgo,2011,-0.06386
9605,tgo,2012,-0.036906
9605,tgo,2013,-0.028728
9605,tgo,2014,-0.008128
9605,tgo,2015,-0.033192
9605,tgo,2016,0.02217
9605,tha,1995,0.035308
9605,tha,1996,0.049581
9605,tha,1997,0.073572
9605,tha,1998,-0.002051
9605,tha,1999,0
9605,tha,2000,0
9605,tha,2001,0.03236
9605,tha,2002,-0.018288
9605,tha,2003,-0.090982
9605,tha,2004,0
9605,tha,2005,0
9605,tha,2006,0
9605,tha,2007,0
9605,tha,2008,0
9605,tha,2009,0
9605,tha,2010,0
9605,tha,2011,0
9605,tha,2012,0
9605,tha,2013,-0.059163
9605,tha,2014,-0.054636
9605,tha,2015,-0.051792
9605,tha,2016,-0.006874
9605,tjk,1995,0
9605,tjk,1996,-0.061458
9605,tjk,1997,0.003401
9605,tjk,1998,-0.07532
9605,tjk,1999,-0.17995
9605,tjk,2000,-0.140308
9605,tjk,2001,-0.003041
9605,tjk,2002,-0.068549
9605,tjk,2003,-0.133397
9605,tjk,2004,-0.214045
9605,tjk,2005,-0.062203
9605,tjk,2006,-0.11131
9605,tjk,2007,-0.09676
9605,tjk,2008,-0.147672
9605,tjk,2009,-0.148176
9605,tjk,2010,-0.148522
9605,tjk,2011,-0.083569
9605,tjk,2012,-0.057102
9605,tjk,2013,-0.034491
9605,tjk,2014,-0.029283
9605,tjk,2015,-0.029523
9605,tjk,2016,0.016607
9605,tkl,1995,-0.08002
9605,tkl,1996,-0.064616
9605,tkl,1997,-0.005119
9605,tkl,1998,-0.079507
9605,tkl,1999,-0.190936
9605,tkl,2000,-0.135488
9605,tkl,2001,-0.028292
9605,tkl,2002,-0.065761
9605,tkl,2003,-0.127373
9605,tkl,2004,-0.196612
9605,tkl,2005,-0.047898
9605,tkl,2006,-0.090489
9605,tkl,2007,-0.089288
9605,tkl,2008,-0.15286
9605,tkl,2009,-0.148978
9605,tkl,2010,-0.147234
9605,tkl,2011,-0.084088
9605,tkl,2012,-0.073234
9605,tkl,2013,0
9605,tkl,2014,0
9605,tkl,2015,-0.036377
9605,tkl,2016,0.012283
9605,tkm,1995,-0.074153
9605,tkm,1996,-0.062384
9605,tkm,1997,-0.007694
9605,tkm,1998,-0.070989
9605,tkm,1999,-0.189595
9605,tkm,2000,-0.14625
9605,tkm,2001,-0.033946
9605,tkm,2002,-0.079536
9605,tkm,2003,-0.139382
9605,tkm,2004,-0.221603
9605,tkm,2005,-0.06447
9605,tkm,2006,-0.118622
9605,tkm,2007,-0.101526
9605,tkm,2008,-0.166497
9605,tkm,2009,-0.160739
9605,tkm,2010,-0.163291
9605,tkm,2011,-0.096338
9605,tkm,2012,-0.077676
9605,tkm,2013,-0.048072
9605,tkm,2014,-0.046005
9605,tkm,2015,-0.04007
9605,tkm,2016,-0.003088
9605,tls,1995,-0.097478
9605,tls,1996,-0.083743
9605,tls,1997,-0.029442
9605,tls,1998,-0.102767
9605,tls,1999,-0.207224
9605,tls,2000,-0.160981
9605,tls,2001,-0.05065
9605,tls,2002,-0.094879
9605,tls,2003,-0.152687
9605,tls,2004,-0.240068
9605,tls,2005,0
9605,tls,2006,-0.125846
9605,tls,2007,-0.106468
9605,tls,2008,-0.17741
9605,tls,2009,-0.180189
9605,tls,2010,-0.188112
9605,tls,2011,-0.119978
9605,tls,2012,-0.093499
9605,tls,2013,-0.058561
9605,tls,2014,-0.057486
9605,tls,2015,-0.049997
9605,tls,2016,-0.011516
9605,ton,1995,-0.068351
9605,ton,1996,-0.048498
9605,ton,1997,-0.000519
9605,ton,1998,-0.07384
9605,ton,1999,-0.188855
9605,ton,2000,-0.142285
9605,ton,2001,-0.026755
9605,ton,2002,-0.077766
9605,ton,2003,-0.140343
9605,ton,2004,-0.22031
9605,ton,2005,-0.062174
9605,ton,2006,-0.105261
9605,ton,2007,-0.096256
9605,ton,2008,-0.152683
9605,ton,2009,-0.145291
9605,ton,2010,-0.153647
9605,ton,2011,-0.10338
9605,ton,2012,-0.066047
9605,ton,2013,-0.049015
9605,ton,2014,-0.039155
9605,ton,2015,-0.039222
9605,ton,2016,-0.003024
9605,tto,1995,-0.07104
9605,tto,1996,-0.052614
9605,tto,1997,-0.005335
9605,tto,1998,-0.08105
9605,tto,1999,-0.196249
9605,tto,2000,-0.155441
9605,tto,2001,-0.038069
9605,tto,2002,-0.090572
9605,tto,2003,-0.149867
9605,tto,2004,-0.231923
9605,tto,2005,-0.071205
9605,tto,2006,-0.127703
9605,tto,2007,-0.109447
9605,tto,2008,-0.167819
9605,tto,2009,-0.171838
9605,tto,2010,-0.180427
9605,tto,2011,-0.111534
9605,tto,2012,-0.081209
9605,tto,2013,-0.058725
9605,tto,2014,-0.057298
9605,tto,2015,-0.044602
9605,tto,2016,-0.008505
9605,tun,1995,-0.022196
9605,tun,1996,0.009479
9605,tun,1997,0.034982
9605,tun,1998,-0.052137
9605,tun,1999,-0.147328
9605,tun,2000,-0.112184
9605,tun,2001,0.013515
9605,tun,2002,-0.024114
9605,tun,2003,-0.081198
9605,tun,2004,-0.143791
9605,tun,2005,0.000434
9605,tun,2006,-0.029238
9605,tun,2007,-0.0246
9605,tun,2008,-0.097972
9605,tun,2009,-0.078816
9605,tun,2010,-0.111479
9605,tun,2011,0
9605,tun,2012,-0.034136
9605,tun,2013,-0.0145
9605,tun,2014,0.001114
9605,tun,2015,0.007567
9605,tun,2016,0.046184
9605,tur,1995,-0.019434
9605,tur,1996,0.019306
9605,tur,1997,0.038877
9605,tur,1998,-0.034838
9605,tur,1999,-0.133769
9605,tur,2000,-0.102561
9605,tur,2001,0.016896
9605,tur,2002,-0.023742
9605,tur,2003,-0.086602
9605,tur,2004,-0.133344
9605,tur,2005,0.004082
9605,tur,2006,-0.046812
9605,tur,2007,-0.033541
9605,tur,2008,-0.095581
9605,tur,2009,-0.085784
9605,tur,2010,-0.097819
9605,tur,2011,-0.023034
9605,tur,2012,-0.013884
9605,tur,2013,-0.012523
9605,tur,2014,0.002768
9605,tur,2015,0.003741
9605,tur,2016,0.051109
9605,tuv,1995,-0.087773
9605,tuv,1996,-0.068412
9605,tuv,1997,-0.026619
9605,tuv,1998,-0.097182
9605,tuv,1999,-0.19795
9605,tuv,2000,-0.154969
9605,tuv,2001,-0.012243
9605,tuv,2002,-0.054156
9605,tuv,2003,-0.147851
9605,tuv,2004,-0.234102
9605,tuv,2005,-0.080928
9605,tuv,2006,-0.135928
9605,tuv,2007,-0.117593
9605,tuv,2008,-0.164453
9605,tuv,2009,-0.174367
9605,tuv,2010,-0.1801
9605,tuv,2011,-0.110517
9605,tuv,2012,-0.092935
9605,tuv,2013,-0.057645
9605,tuv,2014,-0.060583
9605,tuv,2015,-0.051167
9605,tuv,2016,-0.020227
9605,tza,1995,-0.035812
9605,tza,1996,-0.011185
9605,tza,1997,0.046125
9605,tza,1998,-0.038612
9605,tza,1999,-0.147223
9605,tza,2000,-0.107242
9605,tza,2001,0.018175
9605,tza,2002,-0.027055
9605,tza,2003,-0.10079
9605,tza,2004,-0.139231
9605,tza,2005,-0.005076
9605,tza,2006,-0.025941
9605,tza,2007,-0.01513
9605,tza,2008,-0.05157
9605,tza,2009,0
9605,tza,2010,-0.078446
9605,tza,2011,-0.030404
9605,tza,2012,-0.000428
9605,tza,2013,0.016213
9605,tza,2014,0.043353
9605,tza,2015,-0.005639
9605,tza,2016,0.067229
9605,uga,1995,-0.072534
9605,uga,1996,-0.060914
9605,uga,1997,-0.006025
9605,uga,1998,-0.076849
9605,uga,1999,-0.184748
9605,uga,2000,-0.139745
9605,uga,2001,-0.012891
9605,uga,2002,-0.071166
9605,uga,2003,-0.129156
9605,uga,2004,-0.187305
9605,uga,2005,-0.035576
9605,uga,2006,-0.078224
9605,uga,2007,-0.056311
9605,uga,2008,-0.097216
9605,uga,2009,-0.088865
9605,uga,2010,-0.104382
9605,uga,2011,-0.044723
9605,uga,2012,0
9605,uga,2013,0
9605,uga,2014,0.005931
9605,uga,2015,-0.012991
9605,uga,2016,0
9605,ukr,1995,-0.062793
9605,ukr,1996,-0.067052
9605,ukr,1997,-0.01795
9605,ukr,1998,-0.085392
9605,ukr,1999,-0.185175
9605,ukr,2000,-0.150839
9605,ukr,2001,-0.042539
9605,ukr,2002,-0.099458
9605,ukr,2003,-0.138259
9605,ukr,2004,-0.219412
9605,ukr,2005,-0.069283
9605,ukr,2006,-0.123192
9605,ukr,2007,-0.107275
9605,ukr,2008,-0.150889
9605,ukr,2009,-0.153825
9605,ukr,2010,-0.160803
9605,ukr,2011,-0.098306
9605,ukr,2012,-0.069892
9605,ukr,2013,-0.045602
9605,ukr,2014,-0.037845
9605,ukr,2015,-0.033112
9605,ukr,2016,0.006889
9605,ury,1995,-0.050163
9605,ury,1996,-0.026571
9605,ury,1997,0.006345
9605,ury,1998,-0.069208
9605,ury,1999,-0.180007
9605,ury,2000,-0.138786
9605,ury,2001,-0.029216
9605,ury,2002,-0.077218
9605,ury,2003,-0.122256
9605,ury,2004,-0.198616
9605,ury,2005,-0.048941
9605,ury,2006,-0.09507
9605,ury,2007,-0.075593
9605,ury,2008,-0.139649
9605,ury,2009,-0.151007
9605,ury,2010,-0.157342
9605,ury,2011,-0.088738
9605,ury,2012,-0.064519
9605,ury,2013,-0.025736
9605,ury,2014,-0.025886
9605,ury,2015,-0.027732
9605,ury,2016,0.00777
9605,usa,1995,-0.169
9605,usa,1996,-0.179329
9605,usa,1997,-0.135969
9605,usa,1998,-0.150537
9605,usa,1999,-0.219461
9605,usa,2000,-0.174348
9605,usa,2001,-0.13396
9605,usa,2002,-0.191768
9605,usa,2003,-0.162994
9605,usa,2004,-0.245871
9605,usa,2005,-0.180216
9605,usa,2006,-0.208837
9605,usa,2007,-0.199483
9605,usa,2008,-0.211017
9605,usa,2009,-0.248139
9605,usa,2010,-0.206632
9605,usa,2011,-0.155481
9605,usa,2012,-0.153184
9605,usa,2013,-0.090121
9605,usa,2014,-0.123196
9605,usa,2015,-0.068184
9605,usa,2016,-0.073231
9605,uzb,1995,-0.068721
9605,uzb,1996,-0.055828
9605,uzb,1997,-0.001519
9605,uzb,1998,-0.074207
9605,uzb,1999,-0.17645
9605,uzb,2000,-0.133849
9605,uzb,2001,-0.012124
9605,uzb,2002,-0.066814
9605,uzb,2003,-0.132151
9605,uzb,2004,-0.204135
9605,uzb,2005,-0.051319
9605,uzb,2006,-0.108259
9605,uzb,2007,-0.084267
9605,uzb,2008,-0.145364
9605,uzb,2009,-0.13363
9605,uzb,2010,-0.130458
9605,uzb,2011,-0.057217
9605,uzb,2012,-0.03378
9605,uzb,2013,-0.015964
9605,uzb,2014,-0.003945
9605,uzb,2015,-0.018976
9605,uzb,2016,0.032356
9605,vct,1995,-0.071269
9605,vct,1996,-0.057853
9605,vct,1997,-0.004028
9605,vct,1998,-0.079946
9605,vct,1999,-0.194829
9605,vct,2000,-0.149277
9605,vct,2001,-0.036598
9605,vct,2002,-0.079187
9605,vct,2003,-0.147059
9605,vct,2004,-0.231337
9605,vct,2005,-0.070751
9605,vct,2006,-0.125125
9605,vct,2007,-0.1101
9605,vct,2008,-0.169271
9605,vct,2009,-0.166018
9605,vct,2010,-0.164056
9605,vct,2011,-0.10007
9605,vct,2012,-0.073704
9605,vct,2013,-0.047738
9605,vct,2014,-0.044801
9605,vct,2015,-0.041652
9605,vct,2016,-0.006906
9605,ven,1995,-0.074649
9605,ven,1996,-0.056063
9605,ven,1997,-0.009685
9605,ven,1998,-0.084093
9605,ven,1999,-0.193207
9605,ven,2000,-0.160755
9605,ven,2001,-0.038262
9605,ven,2002,-0.094011
9605,ven,2003,-0.150881
9605,ven,2004,-0.23069
9605,ven,2005,-0.078413
9605,ven,2006,-0.128915
9605,ven,2007,-0.111732
9605,ven,2008,-0.172727
9605,ven,2009,-0.177608
9605,ven,2010,-0.186189
9605,ven,2011,-0.116199
9605,ven,2012,-0.088631
9605,ven,2013,-0.059434
9605,ven,2014,-0.058085
9605,ven,2015,-0.046488
9605,ven,2016,-0.011723
9605,vgb,1995,0
9605,vgb,1996,-0.070996
9605,vgb,1997,-0.014177
9605,vgb,1998,-0.102683
9605,vgb,1999,-0.194199
9605,vgb,2000,-0.154296
9605,vgb,2001,-0.045771
9605,vgb,2002,-0.096261
9605,vgb,2003,-0.14869
9605,vgb,2004,-0.237062
9605,vgb,2005,-0.077825
9605,vgb,2006,-0.139092
9605,vgb,2007,-0.121813
9605,vgb,2008,-0.180659
9605,vgb,2009,-0.182467
9605,vgb,2010,-0.187567
9605,vgb,2011,-0.115579
9605,vgb,2012,-0.096077
9605,vgb,2013,-0.060142
9605,vgb,2014,-0.045971
9605,vgb,2015,-0.048569
9605,vgb,2016,-0.019049
9605,vnm,1995,0.039287
9605,vnm,1996,0.080353
9605,vnm,1997,0.101545
9605,vnm,1998,0.018968
9605,vnm,1999,0
9605,vnm,2000,-0.045488
9605,vnm,2001,0
9605,vnm,2002,0
9605,vnm,2003,-0.049793
9605,vnm,2004,-0.086892
9605,vnm,2005,0.044687
9605,vnm,2006,0.002462
9605,vnm,2007,0.024735
9605,vnm,2008,-0.046803
9605,vnm,2009,-0.014066
9605,vnm,2010,-0.045361
9605,vnm,2011,0.02141
9605,vnm,2012,0.004312
9605,vnm,2013,0.013421
9605,vnm,2014,0.029876
9605,vnm,2015,0.009842
9605,vnm,2016,0.062089
9605,vut,1995,-0.073638
9605,vut,1996,-0.05561
9605,vut,1997,-0.007534
9605,vut,1998,-0.084164
9605,vut,1999,-0.199608
9605,vut,2000,-0.147914
9605,vut,2001,-0.020797
9605,vut,2002,-0.07701
9605,vut,2003,-0.142171
9605,vut,2004,-0.227069
9605,vut,2005,-0.070446
9605,vut,2006,-0.106189
9605,vut,2007,-0.100736
9605,vut,2008,-0.160292
9605,vut,2009,-0.148252
9605,vut,2010,-0.173742
9605,vut,2011,-0.102777
9605,vut,2012,-0.075491
9605,vut,2013,-0.042464
9605,vut,2014,-0.047851
9605,vut,2015,-0.039765
9605,vut,2016,-0.007743
9605,wlf,1995,-0.09044
9605,wlf,1996,-0.077503
9605,wlf,1997,-0.026876
9605,wlf,1998,-0.100844
9605,wlf,1999,-0.213868
9605,wlf,2000,-0.160455
9605,wlf,2001,-0.046243
9605,wlf,2002,-0.094555
9605,wlf,2003,-0.155323
9605,wlf,2004,-0.250666
9605,wlf,2005,-0.081366
9605,wlf,2006,-0.143669
9605,wlf,2007,-0.121913
9605,wlf,2008,-0.178566
9605,wlf,2009,-0.185943
9605,wlf,2010,-0.184915
9605,wlf,2011,-0.120211
9605,wlf,2012,-0.098519
9605,wlf,2013,-0.062958
9605,wlf,2014,-0.051474
9605,wlf,2015,-0.050058
9605,wlf,2016,-0.020268
9605,wsm,1995,-0.066816
9605,wsm,1996,-0.053131
9605,wsm,1997,-0.009894
9605,wsm,1998,-0.085723
9605,wsm,1999,-0.193595
9605,wsm,2000,-0.154654
9605,wsm,2001,-0.027317
9605,wsm,2002,-0.084572
9605,wsm,2003,-0.134402
9605,wsm,2004,-0.221458
9605,wsm,2005,-0.077091
9605,wsm,2006,-0.132796
9605,wsm,2007,-0.108711
9605,wsm,2008,-0.170921
9605,wsm,2009,-0.18833
9605,wsm,2010,-0.187054
9605,wsm,2011,-0.11893
9605,wsm,2012,-0.087738
9605,wsm,2013,-0.063571
9605,wsm,2014,0
9605,wsm,2015,-0.044297
9605,wsm,2016,-0.017192
9605,yem,1995,-0.079546
9605,yem,1996,-0.064481
9605,yem,1997,-0.018176
9605,yem,1998,-0.08437
9605,yem,1999,-0.197743
9605,yem,2000,-0.157122
9605,yem,2001,-0.037527
9605,yem,2002,-0.087581
9605,yem,2003,-0.141215
9605,yem,2004,-0.221694
9605,yem,2005,-0.062127
9605,yem,2006,-0.114131
9605,yem,2007,-0.097863
9605,yem,2008,-0.160862
9605,yem,2009,-0.15367
9605,yem,2010,-0.163531
9605,yem,2011,-0.093452
9605,yem,2012,-0.075157
9605,yem,2013,-0.043102
9605,yem,2014,-0.035867
9605,yem,2015,-0.033347
9605,yem,2016,0.010233
9605,zaf,1995,-0.053779
9605,zaf,1996,-0.037219
9605,zaf,1997,-0.00601
9605,zaf,1998,-0.070462
9605,zaf,1999,-0.172324
9605,zaf,2000,-0.127898
9605,zaf,2001,-0.003425
9605,zaf,2002,-0.045212
9605,zaf,2003,-0.095634
9605,zaf,2004,-0.169865
9605,zaf,2005,-0.047616
9605,zaf,2006,-0.088565
9605,zaf,2007,-0.06852
9605,zaf,2008,0
9605,zaf,2009,-0.11833
9605,zaf,2010,-0.130062
9605,zaf,2011,-0.082045
9605,zaf,2012,-0.048673
9605,zaf,2013,-0.031683
9605,zaf,2014,-0.017885
9605,zaf,2015,-0.018495
9605,zaf,2016,0.020445
9605,zmb,1995,-0.064716
9605,zmb,1996,-0.047821
9605,zmb,1997,0.006099
9605,zmb,1998,-0.070379
9605,zmb,1999,-0.185801
9605,zmb,2000,-0.138349
9605,zmb,2001,-0.015235
9605,zmb,2002,-0.048397
9605,zmb,2003,-0.116906
9605,zmb,2004,-0.188093
9605,zmb,2005,-0.059317
9605,zmb,2006,-0.115012
9605,zmb,2007,-0.096096
9605,zmb,2008,-0.144973
9605,zmb,2009,-0.145652
9605,zmb,2010,-0.160063
9605,zmb,2011,-0.09762
9605,zmb,2012,-0.066578
9605,zmb,2013,-0.033785
9605,zmb,2014,-0.036371
9605,zmb,2015,-0.038282
9605,zmb,2016,0.002978
9605,zwe,1995,-0.034961
9605,zwe,1996,-0.020109
9605,zwe,1997,0.004953
9605,zwe,1998,-0.064522
9605,zwe,1999,-0.172206
9605,zwe,2000,-0.12902
9605,zwe,2001,-0.007592
9605,zwe,2002,-0.056691
9605,zwe,2003,-0.117557
9605,zwe,2004,0
9605,zwe,2005,-0.044313
9605,zwe,2006,-0.104667
9605,zwe,2007,-0.07342
9605,zwe,2008,-0.131689
9605,zwe,2009,-0.123503
9605,zwe,2010,-0.132856
9605,zwe,2011,-0.074949
9605,zwe,2012,-0.043747
9605,zwe,2013,-0.020155
9605,zwe,2014,-0.012576
9605,zwe,2015,-0.026819
9605,zwe,2016,0.016486
9605,twn,1995,0
9605,twn,1996,0
9605,twn,1997,0
9605,twn,1998,0
9605,twn,1999,0
9605,twn,2000,-0.133458
9605,twn,2001,-0.09013
9605,twn,2002,-0.12133
9605,twn,2003,-0.156743
9605,twn,2004,-0.236031
9605,twn,2005,-0.118821
9605,twn,2006,-0.165651
9605,twn,2007,-0.150693
9605,twn,2008,-0.193058
9605,twn,2009,-0.214583
9605,twn,2010,-0.209034
9605,twn,2011,-0.150704
9605,twn,2012,-0.134802
9605,twn,2013,-0.097706
9605,twn,2014,-0.116055
9605,twn,2015,-0.073333
9605,twn,2016,-0.056525
9605,ans,1995,-0.081415
9605,ans,1996,-0.079126
9605,ans,1997,-0.022474
9605,ans,1998,-0.092922
9605,ans,1999,-0.196926
9605,ans,2000,-0.161734
9605,ans,2001,-0.049879
9605,ans,2002,0
9605,ans,2003,0
9605,ans,2004,-0.233507
9605,ans,2005,-0.078743
9605,ans,2006,-0.129707
9605,ans,2007,-0.11233
9605,ans,2008,-0.167479
9605,ans,2009,-0.180877
9605,ans,2010,-0.174631
9605,ans,2011,-0.117108
9605,ans,2012,-0.095448
9605,ans,2013,-0.058094
9605,ans,2014,-0.059981
9605,ans,2015,-0.04391
9605,ans,2016,-0.032849
9605,lux,1999,-0.207344
9605,lux,2000,-0.156162
9605,lux,2001,-0.069338
9605,lux,2002,-0.123181
9605,lux,2003,-0.148793
9605,lux,2004,-0.237697
9605,lux,2005,-0.100415
9605,lux,2006,-0.155915
9605,lux,2007,-0.133524
9605,lux,2008,-0.189293
9605,lux,2009,-0.196844
9605,lux,2010,-0.183225
9605,lux,2011,-0.123142
9605,lux,2012,-0.104021
9605,lux,2013,-0.066437
9605,lux,2014,-0.079769
9605,lux,2015,-0.061692
9605,lux,2016,-0.03389
9605,asm,2000,-0.163365
9605,asm,2001,-0.051675
9605,asm,2002,-0.097412
9605,asm,2003,-0.148456
9605,asm,2004,-0.228747
9605,asm,2005,-0.086677
9605,asm,2006,-0.132916
9605,asm,2007,-0.117212
9605,asm,2008,-0.170063
9605,asm,2009,-0.178936
9605,asm,2010,-0.175965
9605,asm,2011,-0.109067
9605,asm,2012,-0.096988
9605,asm,2013,-0.056708
9605,asm,2014,-0.057897
9605,asm,2015,-0.053523
9605,asm,2016,-0.010396
9605,ata,2000,-0.165318
9605,ata,2001,-0.046467
9605,ata,2002,-0.106241
9605,ata,2003,-0.157424
9605,ata,2004,-0.246948
9605,ata,2005,-0.08955
9605,ata,2006,-0.144055
9605,ata,2007,-0.121316
9605,ata,2008,-0.180802
9605,ata,2009,-0.188104
9605,ata,2010,-0.188886
9605,ata,2011,-0.120574
9605,ata,2012,-0.099996
9605,ata,2013,-0.060903
9605,ata,2014,-0.070271
9605,ata,2015,-0.050464
9605,ata,2016,-0.018963
9605,bvt,2000,-0.163136
9605,bvt,2001,-0.051209
9605,bvt,2002,-0.10142
9605,bvt,2003,-0.157758
9605,bvt,2004,-0.244397
9605,bvt,2005,-0.081991
9605,bvt,2006,-0.140411
9605,bvt,2007,-0.124631
9605,bvt,2008,-0.183294
9605,bvt,2009,-0.184392
9605,bvt,2010,-0.185353
9605,bvt,2011,-0.118849
9605,bvt,2012,-0.096617
9605,bvt,2013,-0.06027
9605,bvt,2014,-0.056153
9605,bvt,2015,-0.050319
9605,bvt,2016,-0.018858
9605,bwa,2000,-0.157907
9605,bwa,2001,-0.033632
9605,bwa,2002,-0.093012
9605,bwa,2003,-0.149964
9605,bwa,2004,-0.21415
9605,bwa,2005,-0.066296
9605,bwa,2006,-0.113682
9605,bwa,2007,-0.090965
9605,bwa,2008,-0.152633
9605,bwa,2009,-0.147956
9605,bwa,2010,-0.153205
9605,bwa,2011,-0.111397
9605,bwa,2012,-0.080573
9605,bwa,2013,-0.055393
9605,bwa,2014,-0.050617
9605,bwa,2015,-0.043268
9605,bwa,2016,-0.013078
9605,gum,2000,-0.161656
9605,gum,2001,-0.038516
9605,gum,2002,-0.0829
9605,gum,2003,-0.140568
9605,gum,2004,-0.223424
9605,gum,2005,-0.053315
9605,gum,2006,-0.123656
9605,gum,2007,-0.107834
9605,gum,2008,-0.162071
9605,gum,2009,-0.163714
9605,gum,2010,0
9605,gum,2011,-0.098168
9605,gum,2012,-0.082209
9605,gum,2013,0
9605,gum,2014,0
9605,gum,2015,-0.049106
9605,gum,2016,-0.011198
9605,hmd,2000,-0.158945
9605,hmd,2001,-0.049881
9605,hmd,2002,-0.096873
9605,hmd,2003,-0.151452
9605,hmd,2004,-0.23449
9605,hmd,2005,-0.074681
9605,hmd,2006,-0.137224
9605,hmd,2007,-0.115223
9605,hmd,2008,-0.17871
9605,hmd,2009,-0.184431
9605,hmd,2010,-0.189226
9605,hmd,2011,-0.115664
9605,hmd,2012,-0.09549
9605,hmd,2013,-0.062173
9605,hmd,2014,-0.064445
9605,hmd,2015,-0.050901
9605,hmd,2016,-0.019821
9605,lso,2000,-0.156894
9605,lso,2001,-0.032959
9605,lso,2002,-0.085701
9605,lso,2003,-0.13986
9605,lso,2004,-0.225404
9605,lso,2005,-0.066795
9605,lso,2006,-0.118342
9605,lso,2007,-0.099277
9605,lso,2008,-0.162854
9605,lso,2009,-0.159446
9605,lso,2010,-0.143285
9605,lso,2011,-0.072554
9605,lso,2012,-0.061572
9605,lso,2013,-0.035964
9605,lso,2014,-0.032733
9605,lso,2015,-0.023562
9605,lso,2016,0.015238
9605,myt,2000,-0.161997
9605,myt,2001,-0.053681
9605,myt,2002,-0.093644
9605,myt,2003,-0.150924
9605,myt,2004,-0.240274
9605,myt,2005,-0.086358
9605,myt,2006,-0.137156
9605,myt,2007,-0.118937
9605,myt,2008,-0.174935
9605,myt,2009,-0.180064
9605,myt,2010,-0.190978
9605,myt,2011,-0.116342
9605,myt,2012,-0.092687
9605,myt,2013,-0.057464
9605,nam,2000,-0.144163
9605,nam,2001,-0.024421
9605,nam,2002,-0.068477
9605,nam,2003,-0.126515
9605,nam,2004,-0.192166
9605,nam,2005,-0.043486
9605,nam,2006,-0.095462
9605,nam,2007,-0.069064
9605,nam,2008,-0.133144
9605,nam,2009,-0.120398
9605,nam,2010,-0.146328
9605,nam,2011,-0.086132
9605,nam,2012,-0.062069
9605,nam,2013,-0.029171
9605,nam,2014,-0.018844
9605,nam,2015,-0.02603
9605,nam,2016,0.009644
9605,pse,2000,-0.151165
9605,pse,2001,-0.034882
9605,pse,2002,-0.085769
9605,pse,2003,-0.137692
9605,pse,2004,-0.203844
9605,pse,2005,-0.061043
9605,pse,2006,-0.102365
9605,pse,2007,-0.072313
9605,pse,2008,-0.11878
9605,pse,2009,-0.125048
9605,pse,2010,-0.141569
9605,pse,2011,-0.063993
9605,pse,2012,0
9605,pse,2013,-0.012986
9605,pse,2014,-0.010122
9605,pse,2015,-0.02006
9605,pse,2016,0.02882
9605,sgs,2000,-0.165088
9605,sgs,2001,-0.048403
9605,sgs,2002,-0.104525
9605,sgs,2003,-0.158181
9605,sgs,2004,-0.246014
9605,sgs,2005,-0.082025
9605,sgs,2006,-0.140348
9605,sgs,2007,-0.118485
9605,sgs,2008,-0.179368
9605,sgs,2009,-0.181858
9605,sgs,2010,-0.190212
9605,sgs,2011,-0.122398
9605,sgs,2012,-0.098602
9605,sgs,2013,-0.063045
9605,sgs,2014,-0.065261
9605,sgs,2015,-0.050927
9605,sgs,2016,-0.018371
9605,smr,2000,-0.166
9605,smr,2001,-0.053345
9605,smr,2002,-0.101294
9605,smr,2003,-0.148521
9605,smr,2004,-0.234897
9605,smr,2005,-0.078796
9605,smr,2006,-0.131235
9605,smr,2007,-0.106337
9605,smr,2008,0
9605,smr,2009,-0.182191
9605,smr,2010,-0.172532
9605,smr,2011,-0.110584
9605,smr,2012,-0.090562
9605,smr,2013,-0.056514
9605,smr,2014,-0.05459
9605,smr,2015,-0.034509
9605,smr,2016,-0.013337
9605,swz,2000,-0.150606
9605,swz,2001,-0.0518
9605,swz,2002,-0.088898
9605,swz,2003,-0.138509
9605,swz,2004,-0.209134
9605,swz,2005,-0.065707
9605,swz,2006,-0.122511
9605,swz,2007,-0.113106
9605,swz,2008,-0.161605
9605,swz,2009,-0.163087
9605,swz,2010,-0.155709
9605,swz,2011,-0.089308
9605,swz,2012,-0.064269
9605,swz,2013,-0.042715
9605,swz,2014,-0.046933
9605,swz,2015,-0.042316
9605,swz,2016,0
9605,umi,2000,-0.147488
9605,umi,2001,-0.025856
9605,umi,2002,-0.092747
9605,umi,2003,-0.143573
9605,umi,2004,-0.222025
9605,umi,2005,-0.071629
9605,umi,2006,-0.112385
9605,umi,2007,-0.113796
9605,umi,2008,0
9605,umi,2009,-0.182167
9605,umi,2010,-0.182918
9605,umi,2011,-0.117138
9605,umi,2012,-0.093664
9605,umi,2013,-0.06551
9605,umi,2014,-0.074431
9605,umi,2015,-0.047311
9605,umi,2016,-0.035586
9605,vat,2000,-0.161468
9605,vat,2001,-0.041034
9605,vat,2002,-0.098713
9605,vat,2003,-0.15332
9605,vat,2004,-0.2264
9605,vat,2005,-0.079967
9605,vat,2006,-0.126834
9605,vat,2007,-0.118522
9605,vat,2008,-0.16395
9605,vat,2009,-0.169305
9605,vat,2010,-0.176679
9605,vat,2011,-0.114181
9605,vat,2012,0
9605,vat,2013,-0.05561
9605,vat,2014,-0.06653
9605,vat,2015,-0.049458
9605,vat,2016,-0.012723
9605,srb,2006,-0.085779
9605,srb,2007,-0.072144
9605,srb,2008,-0.129978
9605,srb,2009,-0.125505
9605,srb,2010,-0.139313
9605,srb,2011,-0.071934
9605,srb,2012,-0.04658
9605,srb,2013,-0.039713
9605,srb,2014,-0.021933
9605,srb,2015,-0.019651
9605,srb,2016,0.014287
9605,mne,2006,-0.120196
9605,mne,2007,-0.102932
9605,mne,2008,-0.16356
9605,mne,2009,-0.149842
9605,mne,2010,-0.167511
9605,mne,2011,-0.104111
9605,mne,2012,-0.077224
9605,mne,2013,-0.040716
9605,mne,2014,-0.02824
9605,mne,2015,-0.035566
9605,mne,2016,0.000765
9605,bes,2011,-0.121293
9605,bes,2012,-0.098604
9605,bes,2013,-0.066769
9605,bes,2014,-0.063238
9605,bes,2015,-0.050671
9605,bes,2016,-0.017875
9605,cuw,2011,-0.112681
9605,cuw,2012,-0.092569
9605,cuw,2013,-0.058079
9605,cuw,2014,-0.058599
9605,cuw,2015,-0.047848
9605,cuw,2016,-0.011589
9605,sxm,2011,-0.113329
9605,sxm,2012,-0.095141
9605,sxm,2013,-0.058701
9605,sxm,2014,-0.065891
9605,sxm,2015,-0.049089
9605,sxm,2016,-0.015244
9605,ssd,2012,-0.090781
9605,ssd,2013,-0.05872
9605,ssd,2014,-0.059775
9605,ssd,2015,-0.049057
9605,ssd,2016,-0.014415
9605,blm,2013,-0.060239
9605,blm,2014,-0.062723
9605,blm,2015,-0.047887
9605,blm,2016,-0.013098
